/*--------------------------------*- C++ -*----------------------------------*\
| =========                 |                                                 |
| \\      /  F ield         | OpenFOAM: The Open Source CFD Toolbox           |
|  \\    /   O peration     | Version:  3.0.0                                 |
|   \\  /    A nd           | Web:      www.OpenFOAM.org                      |
|    \\/     M anipulation  |                                                 |
\*---------------------------------------------------------------------------*/
FoamFile
{
    version     2.0;
    format      ascii;
    class       volScalarField;
    location    "1.5";
    object      p;
}
// * * * * * * * * * * * * * * * * * * * * * * * * * * * * * * * * * * * * * //

dimensions      [0 2 -2 0 0 0 0];

internalField   nonuniform List<scalar> 
4096
(
0.00151953
0.00260577
0.00386165
0.0025236
-0.00138166
-0.00610869
-0.00929384
-0.00943603
-0.00678958
-0.00304289
-0.000123346
0.000874892
4.25672e-05
-0.00166374
-0.00292987
-0.00141654
-0.00108228
-0.00275767
-0.00272035
-0.00339677
-0.00460755
-0.00498112
-0.00308299
0.00152724
0.00782724
0.0137848
0.0172697
0.0171193
0.0135728
0.0080156
0.00237785
-0.000334872
-0.00184952
-0.00564946
-0.00623101
-0.0058591
-0.00425072
-0.000445532
0.00605763
0.0146814
0.023722
0.0308852
0.03405
0.0321614
0.0257535
0.0166732
0.00733088
0.00139508
-0.00214217
-0.0073752
-0.00825213
-0.00697433
-0.00327818
0.00341593
0.0129308
0.0240687
0.0347842
0.0426279
0.045478
0.0422739
0.033829
0.0223022
0.0104496
0.00256463
-0.00179801
-0.00780623
-0.00861227
-0.00682227
-0.00213265
0.00585218
0.0166351
0.0287805
0.0401346
0.0481849
0.0506929
0.046712
0.0372017
0.0245379
0.0116497
0.00327714
-0.000432925
-0.00638915
-0.00702617
-0.00527775
-0.000777256
0.00690129
0.0172904
0.0290275
0.0400301
0.0478043
0.0499534
0.0457217
0.0361831
0.0237779
0.0114127
0.00398894
0.00215959
-0.00305486
-0.00350873
-0.00235037
0.000890241
0.00685726
0.0153819
0.0254212
0.0351025
0.0419739
0.0438543
0.039943
0.0313937
0.0206035
0.0102433
0.00508967
0.00588262
0.00194711
0.00168318
0.0018558
0.00305855
0.00625151
0.0117333
0.0189613
0.026409
0.0319204
0.0334572
0.0303136
0.0236343
0.015601
0.00843496
0.00634172
0.0101585
0.00788341
0.00792419
0.00700747
0.00581214
0.00561182
0.00724259
0.0107654
0.0152677
0.0189644
0.0200704
0.0179867
0.0137728
0.00926453
0.00606167
0.00765383
0.0139611
0.0136244
0.0142281
0.0124409
0.00891867
0.00514246
0.00255522
0.00189967
0.00298249
0.00456923
0.00517689
0.00427494
0.00275617
0.00200638
0.0029457
0.00829875
0.0161529
0.0179084
0.0193851
0.0171461
0.0117094
0.00468085
-0.00211062
-0.00696885
-0.00932344
-0.00981291
-0.00966101
-0.00939883
-0.00837439
-0.00568144
-0.00106123
0.00761023
0.0160629
0.019769
0.0222583
0.0199403
0.0130397
0.003265
-0.00702557
-0.0154442
-0.0206115
-0.022685
-0.0227376
-0.021403
-0.0183198
-0.013018
-0.00564179
0.0053926
0.0137819
0.0189266
0.0222172
0.0199461
0.0121054
0.000442059
-0.0122195
-0.0228426
-0.0295108
-0.0321883
-0.0320106
-0.0297698
-0.0253728
-0.0186476
-0.00991379
0.00216135
0.0100959
0.0157264
0.019244
0.0169523
0.00868758
-0.00370482
-0.0170404
-0.0279215
-0.0343366
-0.0363966
-0.0354736
-0.0325661
-0.0278045
-0.0210745
-0.0125639
-0.00105077
0.00609884
0.0110351
0.0140459
0.0116279
0.00364795
-0.00789774
-0.0197253
-0.0286136
-0.0330514
-0.0334077
-0.0315231
-0.0284897
-0.0244838
-0.0192739
-0.0126292
-0.00319546
0.00400698
0.00745711
0.0096303
0.00739135
0.00092281
-0.00759509
-0.015183
-0.0195623
-0.0204541
-0.01919
-0.0174128
-0.0159071
-0.0144745
-0.0124501
-0.00915306
-0.0028649
0.0012716
0.00179793
0.00343256
0.00307973
0.000425772
-0.00309626
-0.00540474
-0.0051232
-0.00244648
0.00116841
0.00397388
0.00489632
0.00382547
0.00146545
-0.000932033
-0.000708233
-0.00112045
-0.00275988
-0.00211352
-0.00184749
-0.002338
-0.002633
-0.00137885
0.00220787
0.00770207
0.0135672
0.0176977
0.0185226
0.0156774
0.0101657
0.00390459
0.000111185
-0.00300823
-0.00636274
-0.00633392
-0.00525719
-0.0033746
6.9471e-06
0.00556592
0.0132341
0.02186
0.0294192
0.0335766
0.0327725
0.0269991
0.0178329
0.00783463
0.000702843
-0.00497298
-0.00941076
-0.0096479
-0.00788684
-0.00421823
0.00185334
0.0104951
0.0210429
0.031839
0.0404432
0.0443381
0.0419842
0.0337937
0.0219123
0.00939081
0.000264604
-0.00649478
-0.0112055
-0.0114664
-0.00933912
-0.00476671
0.00267706
0.0128758
0.0248322
0.0365839
0.045423
0.0487187
0.0451154
0.0354033
0.0221635
0.00870257
-0.000817857
-0.00672976
-0.0110228
-0.0111151
-0.00905406
-0.00459116
0.00277646
0.0129068
0.0247317
0.0361832
0.0444259
0.0469972
0.0426355
0.0325094
0.0194428
0.0067109
-0.00166546
-0.00503203
-0.00836558
-0.00824059
-0.00673938
-0.00342178
0.00241595
0.0108434
0.0210017
0.0309754
0.0380941
0.0398813
0.0354589
0.0261648
0.0148083
0.00435393
-0.00161614
-0.00129429
-0.00335028
-0.00302905
-0.00252195
-0.00123331
0.00182028
0.00712055
0.0142971
0.0218451
0.0273732
0.0286167
0.024877
0.017537
0.00917589
0.00222512
-0.000226769
0.00374477
0.00313985
0.00366263
0.00293501
0.00164169
0.00107418
0.00227516
0.00558727
0.0101306
0.0138984
0.0148385
0.0123384
0.00770816
0.00312013
0.00031787
0.00181583
0.00875997
0.00965341
0.0104639
0.0085335
0.00454845
9.64659e-05
-0.00309501
-0.00393406
-0.00254336
-0.000503445
0.000292925
-0.000730923
-0.00242091
-0.00309785
-0.00172756
0.00366422
0.0123187
0.0146458
0.0158912
0.0130437
0.0067101
-0.00119956
-0.00846194
-0.013089
-0.0145493
-0.014057
-0.0133512
-0.0129951
-0.01203
-0.00928627
-0.00432104
0.00440482
0.0135035
0.0170408
0.0188306
0.0155055
0.00756826
-0.00296783
-0.0133062
-0.0208161
-0.0244566
-0.0251662
-0.0245407
-0.0231195
-0.0201524
-0.0148991
-0.0074245
0.00359963
0.0122883
0.0166024
0.0189116
0.015576
0.00690165
-0.00501394
-0.0170225
-0.0261049
-0.0309447
-0.0323144
-0.0316826
-0.0295763
-0.02547
-0.0189617
-0.0103703
0.00156253
0.00942434
0.0138799
0.0164848
0.0134747
0.00496041
-0.006982
-0.0191079
-0.0282975
-0.033185
-0.0344633
-0.0335286
-0.0309976
-0.0266148
-0.0201956
-0.0120409
-0.000798907
0.00610135
0.00990364
0.0123949
0.00992358
0.00234277
-0.00831559
-0.0190076
-0.0268611
-0.0306762
-0.0310999
-0.0295251
-0.026772
-0.0228903
-0.0177726
-0.0115094
-0.00243366
0.00384732
0.00636852
0.008415
0.00666809
0.00119687
-0.00602945
-0.0123894
-0.0160337
-0.0168733
-0.0160728
-0.0148602
-0.0137064
-0.0124073
-0.0105706
-0.00780463
-0.00220659
0.00074148
0.00178772
0.00379585
0.00401028
0.00209907
-0.000608835
-0.00219421
-0.00148387
0.00121094
0.0044181
0.00657765
0.00682168
0.00518018
0.00238216
-0.000341497
-0.000672391
-0.00294897
-0.00386598
-0.00254018
-0.00125379
-0.000686803
-0.000336822
0.000815145
0.00354694
0.00778975
0.0124838
0.0159814
0.0167696
0.0142443
0.00905623
0.00294783
-0.00128143
-0.00683201
-0.00911903
-0.00814537
-0.0058584
-0.00287954
0.00104341
0.00635599
0.0130822
0.0204461
0.0268945
0.0304581
0.0295828
0.0239852
0.0149592
0.00497489
-0.00269153
-0.0111548
-0.0141635
-0.0131751
-0.0100411
-0.00524787
0.00128026
0.00956357
0.0191143
0.0286859
0.0362965
0.0396835
0.0372188
0.0290135
0.0170077
0.00433362
-0.00540429
-0.0148783
-0.0177724
-0.016622
-0.0130458
-0.0073972
0.000374156
0.0100986
0.0210338
0.0316581
0.0396721
0.0425462
0.0387545
0.0287958
0.0151899
0.00148487
-0.00862208
-0.0166318
-0.0188007
-0.0174073
-0.0139826
-0.00862752
-0.00112532
0.00843633
0.0193182
0.0298759
0.0375701
0.0397657
0.0350914
0.0244373
0.0108318
-0.00213447
-0.0109677
-0.0154104
-0.0164798
-0.0149741
-0.0123701
-0.00847044
-0.00273395
0.0050801
0.0144874
0.0239057
0.0307197
0.0322361
0.0273532
0.0173544
0.00538589
-0.00517165
-0.011356
-0.0111101
-0.0109848
-0.00957859
-0.00837147
-0.00687504
-0.00412806
0.00061914
0.00734598
0.0147649
0.0202746
0.0212957
0.0169914
0.00887031
-2.98021e-05
-0.00689492
-0.00945952
-0.00473823
-0.00349614
-0.00233132
-0.00282774
-0.00425551
-0.00521262
-0.00434152
-0.00103508
0.00381307
0.00778903
0.00853112
0.00542654
7.46611e-05
-0.00489622
-0.0074498
-0.00598065
0.00197964
0.00420319
0.00515522
0.00302323
-0.00130891
-0.0060457
-0.00921888
-0.00955566
-0.00749434
-0.00506281
-0.00444581
-0.00604659
-0.0083269
-0.00922687
-0.00753718
-0.00218664
0.00730822
0.0103888
0.0113316
0.00798447
0.0012747
-0.00669787
-0.0134456
-0.0171097
-0.0176189
-0.0166908
-0.0161749
-0.0163398
-0.0158255
-0.0131852
-0.00794429
0.000639844
0.0101824
0.0139798
0.0151805
0.011252
0.00304161
-0.00719246
-0.0165837
-0.0228175
-0.0254298
-0.0257749
-0.0253862
-0.0244323
-0.0218189
-0.0166416
-0.00897905
0.00178478
0.0104952
0.0147629
0.0164036
0.0125408
0.0038437
-0.00743489
-0.0182184
-0.0259536
-0.0298982
-0.0310895
-0.0307934
-0.0291476
-0.0253504
-0.0189214
-0.0102465
0.00135042
0.00886959
0.0131782
0.0152309
0.0119383
0.0037105
-0.00736857
-0.0182791
-0.0263753
-0.0307361
-0.0321368
-0.0316799
-0.029613
-0.0254769
-0.0190864
-0.0108626
5.43208e-05
0.00629566
0.0100578
0.0122533
0.00979385
0.00286623
-0.00688304
-0.0167257
-0.0241695
-0.0281657
-0.0291884
-0.0282332
-0.0258067
-0.0218991
-0.0165488
-0.0100219
-0.0011644
0.00414892
0.00693142
0.00894103
0.00741104
0.00256443
-0.00376898
-0.00925064
-0.0123797
-0.01324
-0.0129638
-0.0125157
-0.0120443
-0.0111347
-0.00938479
-0.00653961
-0.00119336
0.000952236
0.00327249
0.0058684
0.0064183
0.0047155
0.00217967
0.000704484
0.00132186
0.00360139
0.0061048
0.00743594
0.00697241
0.00493287
0.00209298
-0.000336935
-0.000497582
-0.00518558
-0.00511033
-0.00294494
-0.00082856
0.000510092
0.00130179
0.00233517
0.00430454
0.00728749
0.0106136
0.0130837
0.0134601
0.011083
0.00630686
0.000639054
-0.00341648
-0.011501
-0.0126897
-0.0107019
-0.00743751
-0.00370725
0.000543374
0.00563558
0.0116363
0.0179101
0.0232269
0.0259565
0.0246835
0.0190192
0.0100277
0.00015375
-0.00735318
-0.018427
-0.0202453
-0.0181145
-0.0139068
-0.00836759
-0.00157294
0.00645612
0.0153212
0.023955
0.0306322
0.0333595
0.0304951
0.0220323
0.00974525
-0.00309843
-0.0126665
-0.024406
-0.02605
-0.023652
-0.0189714
-0.0125924
-0.00459694
0.00485816
0.015155
0.0249661
0.0322173
0.0345386
0.0303384
0.0199765
0.00584726
-0.0081733
-0.0180721
-0.0275328
-0.0283517
-0.02573
-0.0212645
-0.015261
-0.00760887
0.00165791
0.0119574
0.0218449
0.0289653
0.030706
0.025588
0.0144272
0.000190248
-0.0131141
-0.0217106
-0.0264921
-0.0261335
-0.0235347
-0.0200586
-0.0156673
-0.00989279
-0.00240377
0.00649172
0.0154023
0.0218072
0.0229802
0.0176641
0.00710611
-0.00546861
-0.0162372
-0.0221991
-0.0212053
-0.0196573
-0.0173788
-0.0155527
-0.0137727
-0.011105
-0.00667993
-0.000346731
0.00672386
0.011988
0.0127623
0.00806423
-0.000548654
-0.00992895
-0.016797
-0.019215
-0.0129855
-0.010406
-0.00866037
-0.00883363
-0.010189
-0.0112999
-0.0106826
-0.00761389
-0.00293626
0.000942024
0.00151626
-0.00190384
-0.00764386
-0.0128858
-0.015281
-0.0137257
-0.00396513
-0.000574642
0.000657598
-0.00143069
-0.00585126
-0.0107375
-0.0140168
-0.0143838
-0.0122935
-0.00988817
-0.00939389
-0.0112307
-0.0137825
-0.0147669
-0.0127917
-0.00743479
0.00373286
0.00779913
0.0087603
0.00525362
-0.00162248
-0.00966395
-0.0163255
-0.0198032
-0.0201652
-0.0192178
-0.0188199
-0.019193
-0.0188396
-0.0161584
-0.0105616
-0.0020238
0.00878733
0.0134315
0.0144758
0.0102829
0.00192277
-0.00823982
-0.0173314
-0.0232281
-0.0256531
-0.0260313
-0.0258355
-0.025101
-0.0226034
-0.0173058
-0.00923425
0.00146994
0.010887
0.0159308
0.0173427
0.013222
0.00453197
-0.00658579
-0.0168815
-0.0242143
-0.0280353
-0.0294063
-0.0294503
-0.0281078
-0.0244265
-0.0178225
-0.00868046
0.00287503
0.0104129
0.0154743
0.0173355
0.0139233
0.00587178
-0.00478062
-0.0151895
-0.0229947
-0.0274697
-0.0293356
-0.0294537
-0.0278065
-0.0237677
-0.0170982
-0.00830094
0.00264258
0.0081531
0.0126627
0.0148163
0.0125486
0.00608044
-0.00306131
-0.0124647
-0.0199537
-0.0245543
-0.0265184
-0.0264386
-0.0244882
-0.0205264
-0.014673
-0.00739781
0.00157273
0.00592209
0.00977856
0.0120314
0.0107129
0.00620361
0.000319304
-0.00477357
-0.00779182
-0.00893783
-0.00929184
-0.00964614
-0.00990809
-0.00943749
-0.00770907
-0.00446861
0.00100193
0.00328532
0.00676587
0.0099543
0.0105596
0.0085771
0.00564341
0.00368954
0.00364858
0.00504693
0.00656274
0.00702504
0.00605657
0.0040313
0.00168142
7.86279e-05
0.00100819
-0.00552573
-0.00494641
-0.00224365
0.000303793
0.00190903
0.00284104
0.00380549
0.00534699
0.00746989
0.0096302
0.0109711
0.0106536
0.00821158
0.00382958
-0.00130376
-0.00436744
-0.0142662
-0.0152071
-0.0124924
-0.00875375
-0.00480363
-0.000509203
0.00444332
0.0100501
0.0156868
0.020191
0.0221524
0.0203952
0.0145891
0.00559685
-0.0042324
-0.0108137
-0.0235942
-0.0253714
-0.0224466
-0.0177275
-0.0119832
-0.00518158
0.0026992
0.0112764
0.0194767
0.0256353
0.0278474
0.024644
0.0159278
0.00331417
-0.00991401
-0.0185923
-0.0315173
-0.0332515
-0.0300539
-0.0248309
-0.0182127
-0.0101853
-0.000848141
0.00922608
0.0187303
0.0256388
0.0276536
0.0231841
0.0124623
-0.0022073
-0.016848
-0.0259465
-0.0357139
-0.0365911
-0.0332199
-0.0282044
-0.0219279
-0.0142263
-0.00508323
0.00498472
0.0145928
0.0214592
0.0230203
0.0177045
0.00616199
-0.00870189
-0.0226497
-0.0305926
-0.0346377
-0.03417
-0.0308949
-0.026891
-0.0222192
-0.0164067
-0.00908714
-0.000492369
0.00808698
0.0142539
0.0153227
0.00988413
-0.000995697
-0.014114
-0.0254063
-0.0308963
-0.0282408
-0.0263047
-0.0234475
-0.0211551
-0.0191297
-0.0164691
-0.0122811
-0.00633722
0.000318366
0.0053209
0.00602261
0.00127328
-0.00755047
-0.0172895
-0.024512
-0.026606
-0.0181012
-0.0148099
-0.0125955
-0.0124005
-0.0135882
-0.0147716
-0.0144506
-0.0118433
-0.00765134
-0.00407713
-0.00357804
-0.00699726
-0.0128202
-0.01823
-0.020695
-0.0189536
-0.00664869
-0.00238177
-0.000749982
-0.00257972
-0.00693556
-0.011952
-0.015552
-0.0164064
-0.0148393
-0.0127867
-0.0124109
-0.0142437
-0.016782
-0.017763
-0.015616
-0.0101513
0.00350824
0.00859778
0.0098837
0.00651026
-0.000379903
-0.00858237
-0.0155522
-0.0194932
-0.0203857
-0.0198499
-0.0196519
-0.0200671
-0.0196797
-0.0168499
-0.0108846
-0.00217785
0.0107567
0.0165356
0.017825
0.0136546
0.00522937
-0.0050684
-0.0144067
-0.0207136
-0.0236713
-0.0245418
-0.0246728
-0.0240836
-0.021558
-0.0160046
-0.00737675
0.00359386
0.0145483
0.0207759
0.0223568
0.0181949
0.00939986
-0.00169824
-0.0121766
-0.0198692
-0.0242451
-0.0262232
-0.0267609
-0.0256982
-0.0220166
-0.0150665
-0.00520353
0.00673885
0.0150103
0.0212009
0.023171
0.0197441
0.0117297
0.00116759
-0.00925011
-0.0173822
-0.0225051
-0.02518
-0.0260287
-0.0248229
-0.0208045
-0.0136825
-0.00401633
0.00743952
0.0127679
0.018238
0.0204845
0.0183392
0.0121481
0.0033517
-0.00588789
-0.0136031
-0.0189418
-0.0219649
-0.0229171
-0.0216264
-0.0177444
-0.0113807
-0.00318896
0.00638109
0.010155
0.0150949
0.0176965
0.0164896
0.0120363
0.00619927
0.00102465
-0.00231405
-0.00401454
-0.00504275
-0.00605444
-0.0068287
-0.00659668
-0.00473878
-0.000958568
0.00509647
0.00798658
0.0117329
0.0152692
0.0156212
0.012986
0.0093302
0.0066622
0.00583727
0.00636111
0.00702715
0.00685415
0.00564177
0.00387837
0.00219034
0.0014917
0.00420143
-0.00285133
-0.00290054
-5.66877e-05
0.00226713
0.00353458
0.00433399
0.00541649
0.00713131
0.00919792
0.0108962
0.0114537
0.0103568
0.00751836
0.00321349
-0.00159954
-0.00306134
-0.0134292
-0.0155189
-0.0126297
-0.00908015
-0.0054684
-0.00133553
0.00365358
0.00937571
0.0150092
0.0192686
0.0208014
0.01864
0.0126588
0.00367576
-0.0063
-0.0113635
-0.0244116
-0.0277594
-0.0246826
-0.0201239
-0.0146954
-0.00806559
-0.00014223
0.00858059
0.0169004
0.0230602
0.0251751
0.0218866
0.0131426
0.000377357
-0.0134403
-0.0208231
-0.0336324
-0.037145
-0.0338374
-0.0287167
-0.0223263
-0.014408
-0.00502282
0.00521897
0.0149097
0.0220007
0.0241885
0.0198796
0.00921613
-0.00575234
-0.0213271
-0.0294451
-0.0385746
-0.041099
-0.0376407
-0.0326277
-0.0264513
-0.0187974
-0.00964184
0.000493947
0.0102122
0.0172722
0.0191511
0.0141877
0.00280097
-0.012421
-0.0273991
-0.0347133
-0.0374837
-0.038252
-0.034856
-0.0307218
-0.0260102
-0.020207
-0.0129659
-0.00450006
0.00397383
0.0102161
0.0116176
0.00662859
-0.00401901
-0.0174326
-0.0296199
-0.0348254
-0.0302593
-0.0289704
-0.025891
-0.0233316
-0.0211596
-0.0185116
-0.014536
-0.0089655
-0.0026979
0.00218481
0.00312531
-0.00117198
-0.00971718
-0.0196239
-0.0274511
-0.0295153
-0.0185654
-0.0153524
-0.0127632
-0.0121958
-0.0131883
-0.0144399
-0.0144797
-0.0124775
-0.0089402
-0.00573259
-0.00514978
-0.00819862
-0.0137369
-0.0191748
-0.0219171
-0.0202564
-0.0052323
-0.00042175
0.00167612
0.000244493
-0.00393522
-0.00909321
-0.0131787
-0.0148223
-0.0141349
-0.0126315
-0.0123748
-0.0139793
-0.0162718
-0.0171463
-0.0149823
-0.0094595
0.00693466
0.0129438
0.0147676
0.0117564
0.00496
-0.00346463
-0.0109934
-0.0158163
-0.0176952
-0.0178952
-0.0179856
-0.0183225
-0.0177544
-0.0147178
-0.0085041
0.000580625
0.0159676
0.0228733
0.0246927
0.0207858
0.0123514
0.00176977
-0.00815067
-0.0153359
-0.0192939
-0.0209808
-0.021543
-0.0210361
-0.0183833
-0.0125248
-0.00336709
0.00809064
0.0210729
0.0284897
0.030489
0.0264481
0.0175413
0.00615208
-0.00485537
-0.0133523
-0.0186736
-0.0214872
-0.0225579
-0.0216972
-0.0179347
-0.0106049
-3.10947e-05
0.0125777
0.0222038
0.0293999
0.0316221
0.0281792
0.0200187
0.00924677
-0.00146236
-0.0102482
-0.0161823
-0.0196803
-0.0211777
-0.0203117
-0.0162933
-0.00877875
0.00166584
0.013982
0.0197847
0.0260194
0.0282677
0.0260015
0.0197124
0.0109154
0.00163952
-0.00614977
-0.011886
-0.0155697
-0.0172812
-0.0166309
-0.0130392
-0.00650381
0.00223769
0.0129305
0.016536
0.0218854
0.0247155
0.0233648
0.0186169
0.0124143
0.00681246
0.00291077
0.000601287
-0.000927515
-0.00224573
-0.00312112
-0.00277534
-0.000595938
0.00370557
0.010748
0.0139299
0.0167853
0.0203748
0.020156
0.0167689
0.0125146
0.00941701
0.00826591
0.00846952
0.00882371
0.00840812
0.0070971
0.00546186
0.00415082
0.00384875
0.00842332
0.00202825
0.000302702
0.0028046
0.00433144
0.00479458
0.00531453
0.00670949
0.00913497
0.0119062
0.013943
0.014333
0.0126934
0.00929639
0.00469048
-0.000271192
4.77877e-05
-0.00952189
-0.0138791
-0.0114142
-0.00864472
-0.00578673
-0.00189165
0.003285
0.00953608
0.0157022
0.020253
0.0217759
0.0194226
0.0133116
0.0043339
-0.00585811
-0.00918149
-0.0211345
-0.0272295
-0.0246827
-0.0208844
-0.0161618
-0.00983999
-0.00169365
0.00746752
0.0162557
0.0227676
0.0251246
0.0220275
0.0135412
0.000980171
-0.0132431
-0.0191978
-0.0307944
-0.0372577
-0.034565
-0.0301282
-0.0243241
-0.0166256
-0.00709081
0.003489
0.0135968
0.0210826
0.0238345
0.0200646
0.00998331
-0.00468352
-0.0209141
-0.0281226
-0.0360723
-0.0413543
-0.038474
-0.0339679
-0.0282019
-0.0206902
-0.011478
-0.00117239
0.00879836
0.0162659
0.0187993
0.0146786
0.00410523
-0.0107922
-0.026594
-0.0335378
-0.0351717
-0.0380486
-0.0350514
-0.031155
-0.0266207
-0.0209018
-0.0137306
-0.00535103
0.00308712
0.009595
0.0116214
0.00757574
-0.00219388
-0.0153217
-0.0283266
-0.0335561
-0.0277
-0.0276603
-0.0246824
-0.0220516
-0.0198501
-0.0172551
-0.013514
-0.00834494
-0.00251425
0.00244385
0.00379157
0.000344396
-0.00740478
-0.0170772
-0.0255335
-0.0278547
-0.0152158
-0.0124242
-0.00958979
-0.00869296
-0.00950147
-0.0108283
-0.0112939
-0.00999761
-0.00720784
-0.00438542
-0.00361132
-0.00601646
-0.0109192
-0.0161456
-0.019246
-0.0178099
-0.000698893
0.00434941
0.00697687
0.00603069
0.00207605
-0.00324193
-0.00792198
-0.010507
-0.0108294
-0.0100471
-0.00985473
-0.0110621
-0.0128864
-0.0135351
-0.0114225
-0.00595212
0.0126512
0.0195427
0.0219465
0.0194273
0.0127889
0.0040956
-0.00414448
-0.0100338
-0.0130716
-0.0141217
-0.0144897
-0.0146381
-0.0137312
-0.0104228
-0.00395382
0.00518007
0.0229021
0.0307345
0.0331732
0.029644
0.0212194
0.0102595
-0.000413807
-0.00864512
-0.0137219
-0.0162511
-0.0171699
-0.0165948
-0.0137008
-0.00754431
0.00199594
0.0138373
0.0287316
0.0371802
0.0395545
0.035654
0.0265643
0.0147157
0.00300154
-0.00637235
-0.0126163
-0.0161276
-0.0175075
-0.0166446
-0.0127051
-0.00508023
0.00594932
0.0191268
0.0303402
0.0379732
0.0404197
0.0368428
0.0283095
0.0170794
0.00583408
-0.00340766
-0.00987443
-0.0137925
-0.0154944
-0.0147218
-0.0106732
-0.00298277
0.00786659
0.0208727
0.0277888
0.0337657
0.0360123
0.0333247
0.0265106
0.017383
0.00810937
0.000327639
-0.00524371
-0.00887467
-0.0106965
-0.0103249
-0.0070833
-0.000725329
0.00823608
0.0195077
0.0235465
0.0283472
0.0310617
0.0292845
0.0240017
0.0172511
0.0111413
0.00682826
0.00415759
0.00247963
0.00122875
0.000556892
0.0012129
0.00378151
0.00847802
0.0165771
0.0187915
0.0200581
0.0232931
0.0224768
0.0184772
0.0139823
0.0110373
0.0102467
0.0108414
0.0114896
0.0111729
0.00976328
0.00795426
0.00646324
0.00599205
0.011971
0.00647028
0.00290774
0.0047614
0.00519571
0.00464071
0.00477019
0.00652565
0.00980141
0.0135258
0.0162661
0.0169184
0.0150813
0.0112686
0.00629674
0.00107314
0.00295923
-0.0054123
-0.0118874
-0.010174
-0.00847564
-0.00654735
-0.00303245
0.00245586
0.00933338
0.0161455
0.0211108
0.0227509
0.0203065
0.0141241
0.00524723
-0.00487012
-0.00651442
-0.0168615
-0.025297
-0.0236197
-0.0208693
-0.0169954
-0.0109506
-0.00269273
0.00686042
0.0160396
0.0228096
0.0253105
0.0223965
0.0142617
0.00221802
-0.0117415
-0.0162066
-0.026197
-0.0350825
-0.0333327
-0.0298793
-0.0248297
-0.0174331
-0.00786791
0.00290512
0.0132191
0.0209287
0.0239189
0.020702
0.0113916
-0.00246375
-0.0184169
-0.0245743
-0.0313372
-0.0388313
-0.0368281
-0.033099
-0.0278987
-0.0206656
-0.0115378
-0.00125998
0.00871729
0.0163129
0.0192849
0.0159759
0.00645403
-0.00751876
-0.0231581
-0.0295864
-0.0305171
-0.0350945
-0.0327204
-0.0292736
-0.0250486
-0.0195346
-0.0125719
-0.00445474
0.00376151
0.0102368
0.0127473
0.00962739
0.000978176
-0.0113068
-0.0243026
-0.0294681
-0.0230975
-0.0240592
-0.0213111
-0.0187463
-0.0165658
-0.0141133
-0.0107211
-0.00606853
-0.000702461
0.00389936
0.00565213
0.00306003
-0.00369249
-0.0127095
-0.0212384
-0.0237176
-0.0103795
-0.00791906
-0.00485674
-0.00365475
-0.00430761
-0.00577251
-0.00673859
-0.00622676
-0.00424979
-0.00192858
-0.00102528
-0.0027827
-0.0069053
-0.0116519
-0.0148153
-0.0135421
0.00468779
0.00992865
0.0130684
0.012633
0.00892224
0.00342417
-0.00190336
-0.00547721
-0.00683646
-0.00675375
-0.00664494
-0.00741644
-0.00866159
-0.00894683
-0.00680388
-0.00138403
0.0187547
0.0258937
0.0290308
0.0270648
0.0206137
0.011642
0.00266025
-0.00429645
-0.00843093
-0.0102317
-0.0107735
-0.0106147
-0.0092597
-0.00563666
0.000954722
0.0101577
0.0294376
0.0376479
0.0407014
0.0375665
0.02915
0.0177869
0.00635279
-0.00286666
-0.00889791
-0.0120386
-0.0130438
-0.0121981
-0.00892347
-0.00249827
0.00718369
0.019192
0.0356233
0.0440156
0.0468815
0.0430955
0.0337554
0.0213901
0.0089882
-0.00114079
-0.00801179
-0.0118243
-0.0131247
-0.0119314
-0.0076666
0.00014349
0.0112532
0.0247112
0.0370724
0.0444761
0.0470078
0.0431511
0.0340653
0.0222416
0.0104963
0.000919387
-0.00566017
-0.00944365
-0.0108401
-0.0096995
-0.00545527
0.00222787
0.0129833
0.0263811
0.0341156
0.0394143
0.0414072
0.0380431
0.0303659
0.0206099
0.011136
0.00359492
-0.00150748
-0.00452047
-0.00584397
-0.00512916
-0.00193401
0.0041211
0.0127513
0.024556
0.0288113
0.0324092
0.0347588
0.0324501
0.0264272
0.0191627
0.0127762
0.00838693
0.00591753
0.00457782
0.00375188
0.00332215
0.00416786
0.0068808
0.0116377
0.020664
0.0199538
0.0199388
0.0226243
0.0211441
0.0166873
0.0122024
0.00973081
0.00968992
0.011073
0.012334
0.0123253
0.0108539
0.0087183
0.00687822
0.00605615
0.0127448
0.00742871
0.00310596
0.00432827
0.00366739
0.00209561
0.0017446
0.00364221
0.00749501
0.0119343
0.0152645
0.016216
0.0143866
0.0104111
0.00531842
0.000213931
0.00329327
-0.00450227
-0.0114288
-0.0103907
-0.00971988
-0.00865864
-0.00552185
7.74714e-05
0.00732393
0.014493
0.0196323
0.0212158
0.018596
0.0123239
0.00366241
-0.00577163
-0.00604381
-0.0153985
-0.0240165
-0.0230691
-0.0212997
-0.0181978
-0.0125048
-0.0042671
0.00538453
0.0145693
0.0211784
0.0234328
0.0204014
0.0124179
0.00100596
-0.0117939
-0.0149012
-0.0238652
-0.0327861
-0.0318075
-0.0292672
-0.0249296
-0.0179268
-0.00854066
0.00208414
0.0121455
0.0195293
0.0222726
0.0191276
0.0103326
-0.00255035
-0.0171064
-0.0221268
-0.028237
-0.0357389
-0.0344447
-0.0314773
-0.0268511
-0.0200009
-0.0111749
-0.00124516
0.00831655
0.015522
0.0183609
0.0153731
0.00663985
-0.00621683
-0.020524
-0.0261713
-0.0269659
-0.0315565
-0.0296791
-0.0267058
-0.0228365
-0.0176381
-0.0110591
-0.0034549
0.00420875
0.0102799
0.0127731
0.0101499
0.00239925
-0.00883802
-0.0207955
-0.0255466
-0.0193752
-0.0202811
-0.0176931
-0.0152301
-0.0131477
-0.0109231
-0.00797904
-0.0039924
0.000691605
0.00482894
0.00661196
0.00456027
-0.00134198
-0.00951501
-0.0173753
-0.0197002
-0.00653953
-0.00389691
-0.000677427
0.000754854
0.000237235
-0.0013859
-0.00287271
-0.00317595
-0.00202384
-0.000234205
0.000664451
-0.000595416
-0.00399447
-0.00812982
-0.0109244
-0.00964202
0.00866273
0.014119
0.0177007
0.0177301
0.0142517
0.00857587
0.00263275
-0.00185947
-0.00412713
-0.00461138
-0.00452529
-0.00484536
-0.00547945
-0.00531599
-0.00301034
0.0023449
0.0227938
0.0301305
0.0337772
0.032277
0.0259979
0.0167644
0.00710032
-0.000782925
-0.0057749
-0.00803807
-0.00853593
-0.00790035
-0.00597961
-0.00201203
0.00461061
0.0136857
0.0333456
0.0415924
0.0450344
0.04219
0.033749
0.0219948
0.00986505
-0.000156036
-0.00682758
-0.0102089
-0.010942
-0.00950588
-0.00567273
0.00101233
0.0106061
0.0224431
0.0391997
0.0473126
0.0503468
0.0465472
0.0368951
0.0239908
0.0109546
0.00027957
-0.006862
-0.0105344
-0.0112907
-0.00939492
-0.00459386
0.0033666
0.0142504
0.027574
0.0401325
0.0469537
0.049376
0.045122
0.0353747
0.0228631
0.0105997
0.000819444
-0.0055784
-0.00879844
-0.00936957
-0.00745002
-0.00274368
0.0049429
0.0153208
0.0287189
0.0365158
0.0409822
0.0426238
0.0384636
0.029779
0.0191944
0.00932778
0.00191379
-0.00262059
-0.00471973
-0.00498967
-0.00353788
6.18936e-06
0.00594035
0.01413
0.0261746
0.0300327
0.0324096
0.034244
0.0312052
0.0245595
0.0169358
0.0105796
0.00659492
0.00474711
0.00411068
0.00383364
0.00377159
0.00461977
0.0071229
0.0115683
0.0212088
0.0161705
0.0159448
0.0179933
0.0157887
0.0108424
0.00628372
0.00416929
0.00480467
0.00698363
0.00894017
0.00935543
0.00796116
0.00561901
0.00350498
0.0027457
0.0096581
0.00366462
0.000249005
0.00104247
-0.000513724
-0.00295472
-0.00384366
-0.00207758
0.00196649
0.00673015
0.0103624
0.0115076
0.00976115
0.00582136
0.00089199
-0.00351277
0.000173138
-0.00792997
-0.0132278
-0.0125959
-0.0127119
-0.0123264
-0.00958742
-0.00406131
0.0032545
0.0104615
0.0155046
0.0168563
0.0139705
0.00758332
-0.000768412
-0.0089982
-0.00857243
-0.0178639
-0.0242629
-0.0237284
-0.0226844
-0.0201546
-0.0148132
-0.0067362
0.00275021
0.0116443
0.0177997
0.0195248
0.0160502
0.00809443
-0.00270182
-0.0137847
-0.0161569
-0.0249615
-0.0314501
-0.0309031
-0.0290553
-0.025245
-0.0186192
-0.00953389
0.000738831
0.0102719
0.0170044
0.019133
0.0156738
0.00707091
-0.00491703
-0.017423
-0.021756
-0.0279276
-0.0332533
-0.0323906
-0.0300384
-0.0258738
-0.0193909
-0.0109297
-0.00148377
0.00742443
0.0139856
0.0163178
0.0132089
0.00489649
-0.00690479
-0.0191942
-0.0243081
-0.0256067
-0.0286082
-0.0270814
-0.0245532
-0.0210039
-0.0161051
-0.00990957
-0.00283658
0.00419008
0.00968592
0.0118619
0.0093526
0.00219362
-0.00801267
-0.0183368
-0.0227688
-0.0175142
-0.0174903
-0.0150778
-0.0127951
-0.0108248
-0.00879744
-0.00623689
-0.00280846
0.00126598
0.00495112
0.00664425
0.00486824
-0.000384864
-0.0076958
-0.014489
-0.0167106
-0.00466588
-0.00159624
0.00164741
0.00317459
0.00274493
0.00100519
-0.000885198
-0.00178683
-0.00122828
0.000214937
0.00117033
0.000345276
-0.00240578
-0.00590628
-0.00817563
-0.00697982
0.0102042
0.0157869
0.0195309
0.0198293
0.0165261
0.0107361
0.00434131
-0.000792675
-0.00362534
-0.00433978
-0.00403063
-0.00379071
-0.00378211
-0.00317588
-0.000740092
0.00434847
0.0237359
0.0310103
0.0348223
0.0336047
0.0274455
0.0179969
0.00780436
-0.000717704
-0.00617102
-0.00849371
-0.00855337
-0.00720583
-0.00461967
-0.000326704
0.00618603
0.0148325
0.0334674
0.0414322
0.0449626
0.0422227
0.0336946
0.0215665
0.00886784
-0.00169233
-0.00860251
-0.0117322
-0.0118172
-0.00951772
-0.00498588
0.00195107
0.0112912
0.0226128
0.0383467
0.0459773
0.048911
0.0449559
0.0349343
0.0214845
0.00788932
-0.00313227
-0.01021
-0.013333
-0.0131771
-0.0102991
-0.0048
0.00333983
0.0138766
0.0267261
0.0383084
0.0445175
0.0466931
0.0419755
0.0315414
0.0183067
0.00551528
-0.00440037
-0.01044
-0.0128385
-0.0123177
-0.00936215
-0.00399202
0.00381001
0.0138091
0.026914
0.0337859
0.0377072
0.0390177
0.0341204
0.0244531
0.0129881
0.00261734
-0.00478264
-0.00877964
-0.00992931
-0.00906671
-0.0066217
-0.00247238
0.00355989
0.0114462
0.0234809
0.026163
0.0279029
0.0291931
0.0254416
0.0181484
0.0102155
0.0040244
0.000649214
-0.000275523
6.09103e-05
0.000548414
0.000857314
0.00161804
0.00373323
0.0077972
0.0175601
0.00868291
0.00923804
0.0106078
0.00760903
0.00203227
-0.00287007
-0.00496533
-0.00396374
-0.00118662
0.00142782
0.00239297
0.00134135
-0.000859885
-0.00284122
-0.0030808
0.00361522
-0.00330356
-0.00465238
-0.00410705
-0.00627769
-0.0093376
-0.0107294
-0.00918756
-0.00516204
-0.000287224
0.00350441
0.00480746
0.00321128
-0.000558157
-0.00514217
-0.00862128
-0.00510612
-0.0136475
-0.016307
-0.0159116
-0.0165745
-0.0166307
-0.0142082
-0.00882923
-0.00155475
0.00560726
0.0105385
0.0117168
0.00867261
0.00225812
-0.00574776
-0.01273
-0.0125285
-0.0218771
-0.0252541
-0.0249736
-0.0244284
-0.0222699
-0.0171944
-0.00928225
6.30851e-05
0.00871588
0.0145095
0.0158221
0.0120546
0.00402476
-0.00627921
-0.0157359
-0.0182924
-0.0269985
-0.0305099
-0.030271
-0.0289279
-0.0254739
-0.0190953
-0.010184
-0.000155093
0.00899983
0.0152297
0.0168495
0.0130678
0.00452436
-0.00673834
-0.0174189
-0.0218446
-0.0281011
-0.0310032
-0.0305387
-0.0287152
-0.0248842
-0.0186059
-0.0103026
-0.00110134
0.00742179
0.0134792
0.0153657
0.0120716
0.00399611
-0.00692795
-0.0174394
-0.0225671
-0.0244996
-0.0259872
-0.0249375
-0.0229026
-0.0196088
-0.0148216
-0.00872114
-0.00184428
0.00486656
0.0100123
0.0119426
0.00947337
0.0027321
-0.00659141
-0.0154947
-0.0199487
-0.0160648
-0.0154576
-0.0135187
-0.0115882
-0.00972341
-0.00769361
-0.00516982
-0.00188829
0.00198138
0.00551163
0.00716519
0.00573634
0.00103494
-0.00553419
-0.0114501
-0.0138161
-0.00379332
-0.000794901
0.00206388
0.00344141
0.00306518
0.00139327
-0.000540774
-0.0015846
-0.00113599
0.000369297
0.00161212
0.00129928
-0.000849927
-0.00382254
-0.00577382
-0.004912
0.00989856
0.0150821
0.0185496
0.0188475
0.0156654
0.00989483
0.00337818
-0.0019406
-0.00480695
-0.00526002
-0.00441217
-0.00347297
-0.00283616
-0.00189333
0.000457643
0.00501388
0.021875
0.0287729
0.0323003
0.0310927
0.0249777
0.0154271
0.00495556
-0.00379593
-0.00919251
-0.0110598
-0.0103407
-0.00813331
-0.00488672
-0.000367729
0.00585515
0.0138098
0.0300387
0.0374869
0.0407841
0.0379324
0.0292485
0.0168002
0.00370941
-0.00706326
-0.0137755
-0.0162465
-0.0153481
-0.0120597
-0.00683816
0.000283113
0.00927442
0.0198625
0.0333352
0.0404831
0.0430987
0.038853
0.02843
0.0144614
0.000417619
-0.0107267
-0.0174284
-0.0196987
-0.0184309
-0.0145031
-0.00831464
-9.43174e-06
0.0101988
0.0223933
0.0319954
0.0378309
0.039671
0.0344915
0.0234159
0.00950565
-0.00374439
-0.0136831
-0.0192133
-0.0206649
-0.0190034
-0.0150179
-0.00899303
-0.00103064
0.0087225
0.0213535
0.0264584
0.0304048
0.0314483
0.0259748
0.01551
0.00329216
-0.00751482
-0.014882
-0.0183191
-0.0185612
-0.016658
-0.0132975
-0.00857663
-0.00239647
0.00536429
0.0171034
0.0181551
0.0200617
0.0208439
0.0163932
0.00846124
0.000196067
-0.00585606
-0.00861366
-0.0085809
-0.00720902
-0.00587513
-0.00510563
-0.00433544
-0.00252405
0.00130036
0.0107331
0.000198585
0.00212357
0.00289459
-0.000805319
-0.00707859
-0.012496
-0.0148781
-0.0138336
-0.0106905
-0.00748654
-0.005853
-0.00628862
-0.00800193
-0.00951826
-0.00904396
-0.00302304
-0.00995781
-0.00951261
-0.00919815
-0.0116819
-0.0150235
-0.0166758
-0.0153119
-0.0113057
-0.00630983
-0.00230354
-0.000746576
-0.00208268
-0.00560894
-0.00984444
-0.0126195
-0.0100246
-0.0182167
-0.0188292
-0.0186338
-0.0197254
-0.0199495
-0.0176908
-0.0123728
-0.00504524
0.00223174
0.00728355
0.008552
0.00558941
-0.000719374
-0.00840583
-0.0146264
-0.0153834
-0.0240257
-0.0254675
-0.0254908
-0.0253124
-0.0233726
-0.018409
-0.0104847
-0.00104526
0.00769966
0.0135253
0.0148033
0.0110096
0.00303479
-0.00688256
-0.0154917
-0.0188912
-0.0267757
-0.0287832
-0.0289499
-0.0280305
-0.0248106
-0.0184837
-0.00947033
0.000709024
0.00995725
0.01617
0.0176892
0.0138406
0.00538511
-0.00543077
-0.0152264
-0.0202288
-0.0260016
-0.0280993
-0.0281881
-0.0268755
-0.0232833
-0.016965
-0.00843673
0.00101368
0.00968611
0.0157551
0.0175724
0.0142672
0.00639002
-0.00405704
-0.0137868
-0.0191332
-0.0213733
-0.0229666
-0.0226439
-0.0211803
-0.0180784
-0.013124
-0.006653
0.000589364
0.00755257
0.0128307
0.0148327
0.0124959
0.00613028
-0.00279006
-0.0112306
-0.0157009
-0.0131863
-0.0134504
-0.0123506
-0.0109643
-0.00917962
-0.0068437
-0.00384797
-0.000117545
0.00412437
0.00797176
0.00993892
0.00879274
0.00448166
-0.00170604
-0.00739482
-0.0099011
-0.00231476
-0.000599489
0.00144254
0.00240595
0.0020783
0.000765992
-0.000721746
-0.00132722
-0.000419014
0.00159208
0.00337636
0.0035428
0.00182075
-0.000896776
-0.00296783
-0.00242749
0.00926118
0.0131616
0.0159438
0.015976
0.0128852
0.00737586
0.00112242
-0.00386262
-0.00622533
-0.00597697
-0.00439081
-0.00281067
-0.00173317
-0.000680069
0.00131767
0.00535245
0.0189256
0.0246825
0.0277146
0.0263104
0.0201854
0.0106416
0.000210281
-0.00833139
-0.0131872
-0.0142194
-0.012587
-0.00961845
-0.00592243
-0.00137031
0.00442541
0.0117341
0.0247002
0.0314788
0.0343065
0.0312127
0.0223258
0.0096267
-0.00364348
-0.0142873
-0.0204167
-0.0219592
-0.0200258
-0.0159054
-0.0102223
-0.00307354
0.00554505
0.0154416
0.0259513
0.0327894
0.0349939
0.0304105
0.0195786
0.00515314
-0.00917839
-0.0202002
-0.0262735
-0.0275554
-0.0252371
-0.0204702
-0.0138198
-0.00545807
0.00449376
0.016026
0.0230923
0.0290298
0.0305361
0.0249563
0.01338
-0.00109176
-0.0146268
-0.0244119
-0.0293124
-0.0298243
-0.0271927
-0.0224338
-0.0159784
-0.00793513
0.0016885
0.0136917
0.0168965
0.0213193
0.0221582
0.0163396
0.00539427
-0.00731839
-0.0183392
-0.0255148
-0.0283817
-0.0278305
-0.0251233
-0.0211282
-0.0160652
-0.00982995
-0.00210659
0.00900513
0.00867856
0.0113906
0.0117891
0.00677699
-0.00168693
-0.0103116
-0.0163501
-0.0186696
-0.0178729
-0.0156147
-0.0134916
-0.0121989
-0.0112503
-0.00951579
-0.00570722
0.00300078
-0.00577757
-0.00283816
-0.00248473
-0.00657607
-0.0131744
-0.0191416
-0.0220024
-0.0212095
-0.0179801
-0.0143462
-0.0120385
-0.0117174
-0.0127581
-0.0137076
-0.01271
-0.00765519
-0.0137996
-0.012464
-0.0123557
-0.0148002
-0.018065
-0.0197196
-0.0183753
-0.0142977
-0.00907814
-0.00471554
-0.00274866
-0.00371023
-0.00699322
-0.0110545
-0.0137058
-0.0124665
-0.0193093
-0.0193197
-0.019475
-0.0205495
-0.0208398
-0.0185795
-0.0131987
-0.00565879
0.00197754
0.00747519
0.00916906
0.00653448
0.00042784
-0.00713308
-0.01338
-0.0153115
-0.0224583
-0.0238131
-0.0242526
-0.0242954
-0.0224535
-0.0174627
-0.00934109
0.000479952
0.00972448
0.0160583
0.0177389
0.0141965
0.00636747
-0.00346735
-0.0121381
-0.0165772
-0.0229596
-0.0255307
-0.0262202
-0.0256534
-0.0225716
-0.0161311
-0.00674092
0.00400397
0.0138721
0.0206154
0.0224793
0.0187919
0.0104143
-0.000362829
-0.0103005
-0.0160302
-0.0206705
-0.0240157
-0.0247714
-0.023927
-0.0204934
-0.0139474
-0.0048541
0.00533165
0.0147185
0.0213328
0.0234531
0.0202543
0.012401
0.00198221
-0.00794317
-0.013731
-0.0157036
-0.0190646
-0.0195641
-0.0186676
-0.0157118
-0.0103922
-0.00317986
0.00493846
0.0127
0.0185619
0.02088
0.0186419
0.0122351
0.00338363
-0.00523209
-0.00991248
-0.00840361
-0.0107911
-0.0106554
-0.00988987
-0.00819264
-0.00535561
-0.00148806
0.00320331
0.00832405
0.012835
0.0151989
0.0142098
0.00993909
0.00371239
-0.00234503
-0.00487012
0.000498117
3.27678e-05
0.00106972
0.00144996
0.00112785
0.000387953
-0.000229696
0.000103674
0.00191587
0.00469508
0.00697657
0.00739608
0.00573336
0.00288429
0.000350867
0.000818566
0.00950106
0.0115231
0.0134268
0.0130104
0.00998485
0.00494953
-0.000646982
-0.00486319
-0.00635528
-0.00527928
-0.00307061
-0.00117654
-4.72383e-05
0.000812301
0.00230305
0.00615535
0.0164959
0.0209336
0.0233287
0.0216245
0.0155087
0.00615317
-0.00396842
-0.0119857
-0.0160517
-0.0162087
-0.0138914
-0.0105723
-0.00683371
-0.00249415
0.00284619
0.009894
0.0197843
0.0259268
0.0283054
0.0250035
0.0159802
0.00314956
-0.010138
-0.0204579
-0.0258725
-0.0265375
-0.0239122
-0.0194254
-0.0136909
-0.00671807
0.00157282
0.0111494
0.0189792
0.0257645
0.0277145
0.0229265
0.0118284
-0.00293742
-0.017465
-0.028267
-0.0336973
-0.0341749
-0.0311944
-0.0260632
-0.0193351
-0.0110773
-0.00129526
0.00982586
0.0147688
0.0211372
0.0225093
0.016782
0.00491098
-0.00988046
-0.0236257
-0.0332139
-0.0375549
-0.0373898
-0.0341964
-0.0291132
-0.0225706
-0.0145789
-0.0050071
0.00642738
0.00816971
0.0133749
0.0142102
0.00844346
-0.00265489
-0.0155496
-0.0266237
-0.0335751
-0.0359874
-0.034919
-0.0317892
-0.0275471
-0.0224348
-0.0162726
-0.00858867
0.00168137
0.001061
0.00488765
0.00516335
-0.000108097
-0.00878928
-0.017757
-0.0240206
-0.02628
-0.0251586
-0.0224041
-0.0197393
-0.0179719
-0.0167193
-0.0148377
-0.0109056
-0.00312286
-0.00748019
-0.0041244
-0.00376968
-0.00762187
-0.014131
-0.0204031
-0.0238235
-0.023608
-0.0206523
-0.0168926
-0.0140734
-0.013034
-0.0134087
-0.0139264
-0.012863
-0.00882215
-0.0135587
-0.0124564
-0.0125004
-0.0146282
-0.017501
-0.0189757
-0.0175965
-0.0134341
-0.00796354
-0.00313453
-0.000602499
-0.00108386
-0.00411843
-0.00824698
-0.011368
-0.0115751
-0.0164503
-0.0172398
-0.0176989
-0.0186734
-0.0188474
-0.0165234
-0.0110597
-0.00323656
0.00491896
0.011151
0.0135854
0.0115044
0.00563681
-0.00204325
-0.00884521
-0.0121918
-0.0174414
-0.0201145
-0.021005
-0.0211798
-0.0193726
-0.0143236
-0.00595765
0.00440105
0.0144431
0.021694
0.0241481
0.021085
0.0133869
0.00331784
-0.00610441
-0.011575
-0.0164414
-0.020783
-0.0220272
-0.0217447
-0.0187701
-0.0121841
-0.0023217
0.00923134
0.0201026
0.0278006
0.0303373
0.026947
0.0185273
0.00738914
-0.00339633
-0.00979574
-0.0134537
-0.0188607
-0.02025
-0.0197962
-0.0164978
-0.0096942
8.69528e-05
0.0112753
0.0217487
0.0292697
0.0318971
0.0287949
0.0207422
0.00988736
-0.000879608
-0.00699859
-0.00870405
-0.0142632
-0.0154685
-0.0150472
-0.0122374
-0.00655626
0.00149712
0.0107331
0.0195953
0.026269
0.0289487
0.0266536
0.0199408
0.0106417
0.0012748
-0.00345554
-0.00255383
-0.00713306
-0.00777584
-0.00756161
-0.00601839
-0.00274731
0.00205281
0.0079102
0.0141036
0.0193641
0.0220039
0.0208812
0.0162683
0.0096058
0.00289501
0.000507882
0.00443699
0.00192281
0.00215063
0.00194557
0.00148229
0.00121864
0.00154377
0.00299191
0.005831
0.00933024
0.0118626
0.0121238
0.0101064
0.00683065
0.00373838
0.00443775
0.0111195
0.0114101
0.012609
0.0116978
0.00859606
0.00402688
-0.000765401
-0.00406037
-0.00465667
-0.0029131
-0.000463241
0.00125545
0.00201161
0.00245461
0.00347598
0.00760423
0.0158324
0.0190506
0.0210086
0.019038
0.0129579
0.00393514
-0.00571764
-0.0131526
-0.0165379
-0.0161234
-0.013612
-0.0104982
-0.00714902
-0.00320496
0.00176875
0.00911152
0.0171552
0.0227241
0.0250044
0.0217243
0.0128076
6.17394e-05
-0.0131728
-0.0232834
-0.0282366
-0.0284573
-0.0257156
-0.0214623
-0.0161064
-0.00947632
-0.00142461
0.00838087
0.0148456
0.0216915
0.0238332
0.0192954
0.00832642
-0.00656695
-0.0213628
-0.032188
-0.0373439
-0.0375267
-0.0345141
-0.0296177
-0.0232216
-0.0152161
-0.00554724
0.00560301
0.00974179
0.016653
0.0183549
0.0130271
0.00136562
-0.0135359
-0.0276516
-0.037338
-0.0415359
-0.0412234
-0.038068
-0.0331994
-0.0269217
-0.0191117
-0.00959955
0.00154489
0.00307649
0.00902063
0.0102061
0.00492582
-0.00575316
-0.0186886
-0.0298197
-0.0368336
-0.0391556
-0.0380422
-0.0349857
-0.0309141
-0.0260121
-0.0200303
-0.0124783
-0.0028899
-0.00234803
0.00239209
0.00305009
-0.00172055
-0.0103053
-0.019526
-0.0262972
-0.0290081
-0.0282269
-0.0255846
-0.0228005
-0.0207411
-0.0191551
-0.0170197
-0.0130623
-0.00600534
-0.00511668
-0.00226555
-0.00153902
-0.00444988
-0.0101149
-0.0161461
-0.0200491
-0.020793
-0.0184274
-0.0149635
-0.0119459
-0.0103581
-0.0101853
-0.0104927
-0.00982896
-0.00685459
-0.00980059
-0.00977325
-0.00981997
-0.0113779
-0.0136558
-0.0148723
-0.0135713
-0.0094542
-0.00404937
0.00119676
0.00438771
0.00453073
0.00181546
-0.00249016
-0.00644868
-0.00787513
-0.010974
-0.0131927
-0.0138484
-0.0145617
-0.0144591
-0.0121048
-0.00673556
0.00113306
0.00969067
0.0167629
0.0201264
0.0188053
0.0132738
0.00535334
-0.002403
-0.00687398
-0.0108054
-0.0151487
-0.016369
-0.0164913
-0.0146447
-0.00961407
-0.00120082
0.00950195
0.0202833
0.0286608
0.0320751
0.0296547
0.0221118
0.0116388
0.00115152
-0.0052624
-0.00930116
-0.015366
-0.0169522
-0.0167576
-0.0138383
-0.00722776
0.00289413
0.015087
0.0269528
0.0357553
0.0391187
0.0360807
0.0275315
0.0158148
0.00394473
-0.0031745
-0.00645078
-0.0133595
-0.0150892
-0.0147977
-0.0116031
-0.00471155
0.00549439
0.0175166
0.0290726
0.0375611
0.0407318
0.0376366
0.029186
0.0176527
0.00590401
-0.000666622
-0.0022612
-0.00911684
-0.0106401
-0.0104513
-0.0078036
-0.00201296
0.00656198
0.0167143
0.0266245
0.0340806
0.0370027
0.0344158
0.027121
0.017146
0.00700737
0.00212035
0.00285124
-0.00280705
-0.00375862
-0.00387189
-0.00258452
0.000769107
0.00612033
0.0129061
0.0200704
0.0259373
0.0285902
0.0269857
0.0216986
0.0144637
0.00721658
0.00496355
0.00853165
0.00506567
0.0049401
0.0042997
0.0034915
0.00326917
0.00414294
0.00650466
0.0102548
0.0142591
0.0166889
0.0163757
0.013672
0.00987081
0.00642953
0.0075221
0.013685
0.0130935
0.0139616
0.0125974
0.00916284
0.00465534
0.000408864
-0.00202979
-0.00181019
0.000345101
0.00259903
0.00367336
0.00372694
0.0036896
0.00447355
0.00919204
0.0169264
0.0193466
0.0211182
0.0188753
0.0126379
0.00378593
-0.00536392
-0.0120863
-0.0148698
-0.0142112
-0.0120337
-0.00965605
-0.00704162
-0.00356224
0.00122455
0.00927115
0.017076
0.0220279
0.0243794
0.0211767
0.0124269
-1.27094e-05
-0.0128775
-0.0226
-0.0271973
-0.0274269
-0.0252121
-0.0217914
-0.0171682
-0.0109973
-0.0031152
0.00736693
0.0140284
0.0205265
0.0230284
0.0189778
0.00853401
-0.00595536
-0.0205357
-0.0312716
-0.0364404
-0.0369502
-0.0346262
-0.0305809
-0.0248955
-0.0172749
-0.00775868
0.00383822
0.00868406
0.0155103
0.017762
0.013267
0.00241796
-0.0120646
-0.0260392
-0.0358493
-0.040393
-0.040622
-0.0382186
-0.0341262
-0.0284228
-0.0209138
-0.0115578
-0.000390667
0.00236005
0.00831899
0.0100761
0.00579196
-0.00388586
-0.0161838
-0.0273803
-0.0348946
-0.0374728
-0.0369461
-0.0345484
-0.0310405
-0.0265098
-0.0207255
-0.0134065
-0.00427255
-0.00141079
0.00337167
0.0046857
0.000975155
-0.00675517
-0.0157485
-0.0229919
-0.0262556
-0.0265721
-0.0247722
-0.0224139
-0.0203355
-0.0184772
-0.0161083
-0.012146
-0.005792
-0.000432914
0.00107916
0.00195711
0.000176846
-0.00394583
-0.00873118
-0.0123101
-0.0134437
-0.0121487
-0.00957196
-0.00702977
-0.00549481
-0.00514513
-0.00538282
-0.005179
-0.00282297
-0.00408226
-0.00551723
-0.00564234
-0.00639928
-0.00750255
-0.00782771
-0.0062948
-0.00261992
0.00237147
0.00724601
0.0103298
0.0106073
0.00812079
0.00385653
-0.000576417
-0.0026096
-0.00485604
-0.0085219
-0.00914056
-0.00887098
-0.00745802
-0.0041278
0.00147742
0.00890638
0.0168348
0.0234056
0.0266982
0.0256118
0.0203944
0.0125351
0.00422537
-0.00101182
-0.00481573
-0.0102378
-0.0110764
-0.00996651
-0.00666831
-0.000723187
0.0077229
0.0177666
0.0277692
0.0355877
0.0390239
0.036871
0.0295724
0.0190069
0.00781083
0.000493373
-0.00376458
-0.0102122
-0.0110612
-0.00944412
-0.00519574
0.00199761
0.0117716
0.0230689
0.0341351
0.0426101
0.0460808
0.0432428
0.0347097
0.0226427
0.00994829
0.00191705
-0.00136481
-0.0080667
-0.00871134
-0.0070701
-0.00296355
0.00397254
0.013448
0.02454
0.0355687
0.0440619
0.0474164
0.0443093
0.0355163
0.0233511
0.0107784
0.00348933
0.00222281
-0.0037628
-0.00414957
-0.00301095
-9.48785e-05
0.00517877
0.0128475
0.0223679
0.0322934
0.0401326
0.0432311
0.0402476
0.0321992
0.0213634
0.0105272
0.00530159
0.00689783
0.00230756
0.00217046
0.00236608
0.00325423
0.00574066
0.0103769
0.0171801
0.0250689
0.0316345
0.0342671
0.0318335
0.0253972
0.0171081
0.00939935
0.0072879
0.0118301
0.00917146
0.00935807
0.00840559
0.0067937
0.00578768
0.00657478
0.00984351
0.0149496
0.0196994
0.0216799
0.0200223
0.0158462
0.0110804
0.00744274
0.00907251
0.0160045
0.0155513
0.0162218
0.0141693
0.0100055
0.00528809
0.00188194
0.00121404
0.00313789
0.00576374
0.00700216
0.00628166
0.00471103
0.00380009
0.00452105
0.00999339
0.0181429
0.0199724
0.0212678
0.018452
0.012012
0.00384711
-0.00353496
-0.00798
-0.00917068
-0.00864339
-0.00808716
-0.00780546
-0.00682014
-0.00412202
0.000586651
0.00937052
0.017451
0.0213229
0.0232957
0.0200131
0.0118611
0.000996554
-0.00949429
-0.0169254
-0.0206177
-0.0217553
-0.0216255
-0.0203771
-0.017278
-0.0117887
-0.00411046
0.00695196
0.0142122
0.0194831
0.0219415
0.0184565
0.00935665
-0.00301418
-0.0152022
-0.0242929
-0.0294455
-0.0315178
-0.0314544
-0.0293623
-0.0248684
-0.017823
-0.00863823
0.00329684
0.0094586
0.0151469
0.0176922
0.01424
0.00511857
-0.00725327
-0.0194023
-0.0285377
-0.0338064
-0.0358524
-0.0354195
-0.0327765
-0.0278676
-0.0207587
-0.0117918
-0.000499052
0.00442774
0.00935946
0.0115022
0.00833066
0.000244664
-0.01044
-0.020619
-0.0280166
-0.0318885
-0.0330182
-0.0319636
-0.0292744
-0.0251098
-0.0194922
-0.0124293
-0.00331154
0.0022447
0.00590927
0.00753987
0.0049042
-0.0014286
-0.00924534
-0.0158984
-0.0202207
-0.0217011
-0.0212539
-0.0198878
-0.0182088
-0.0162295
-0.0135562
-0.0096245
-0.00333298
)
;

boundaryField
{
    patch0_half0
    {
        type            cyclic;
    }
    patch0_half1
    {
        type            cyclic;
    }
    patch1_half0
    {
        type            cyclic;
    }
    patch1_half1
    {
        type            cyclic;
    }
    patch2_half0
    {
        type            cyclic;
    }
    patch2_half1
    {
        type            cyclic;
    }
}


// ************************************************************************* //
