/*--------------------------------*- C++ -*----------------------------------*\
| =========                 |                                                 |
| \\      /  F ield         | OpenFOAM: The Open Source CFD Toolbox           |
|  \\    /   O peration     | Version:  3.0.0                                 |
|   \\  /    A nd           | Web:      www.OpenFOAM.org                      |
|    \\/     M anipulation  |                                                 |
\*---------------------------------------------------------------------------*/
FoamFile
{
    version     2.0;
    format      ascii;
    class       volScalarField;
    location    "8.5";
    object      p;
}
// * * * * * * * * * * * * * * * * * * * * * * * * * * * * * * * * * * * * * //

dimensions      [0 2 -2 0 0 0 0];

internalField   nonuniform List<scalar> 
4096
(
-0.0134778
-0.0320243
-0.0354504
-0.0332592
-0.0282328
-0.0243773
-0.0237327
-0.0257658
-0.0265752
-0.0230624
-0.0149838
-0.00486906
0.00325639
0.00544028
0.000302673
-0.00236288
-0.00379965
-0.0224326
-0.0210225
-0.0155746
-0.00907227
-0.00489837
-0.00551738
-0.00975193
-0.0135479
-0.0129519
-0.00695339
0.00184367
0.00891439
0.00994343
0.00423596
0.00738014
0.0204354
-0.00144513
0.00128207
0.00696967
0.0131345
0.0171669
0.0165376
0.0115107
0.00526631
0.00254341
0.00584235
0.0138999
0.0219794
0.0245379
0.0205385
0.0306933
0.0393923
0.0165071
0.020811
0.0269702
0.0329979
0.036981
0.0365827
0.0313943
0.0232719
0.0172185
0.0169369
0.0227785
0.0306561
0.0341733
0.0318452
0.0477366
0.0490705
0.0281823
0.0341301
0.0409185
0.0471422
0.051299
0.0513449
0.0463124
0.037184
0.0281477
0.0238047
0.0264206
0.0329146
0.0366798
0.0357054
0.0543194
0.0487134
0.0324163
0.0393654
0.0466265
0.0530607
0.0578044
0.0589314
0.0548044
0.0457685
0.0348275
0.0269514
0.0258494
0.0299297
0.0330979
0.0328313
0.0501841
0.0393588
0.02897
0.0356243
0.0428426
0.0495564
0.0553033
0.0582204
0.0562536
0.0486612
0.0375784
0.0276036
0.0231212
0.0240991
0.0257049
0.0252157
0.0375563
0.0243916
0.0192459
0.0243519
0.0305822
0.0373641
0.0442724
0.049543
0.0505513
0.0457125
0.0363303
0.0261922
0.019705
0.0178576
0.0173215
0.015789
0.0212873
0.00890288
0.00607685
0.00885584
0.013391
0.0195174
0.0272246
0.034801
0.0390713
0.0376051
0.0309849
0.0226775
0.0163174
0.0129481
0.010574
0.00759405
0.00746737
-0.00278948
-0.00741486
-0.00715392
-0.00476163
9.54829e-05
0.00788007
0.0171073
0.02427
0.0262996
0.0231688
0.0178198
0.0133061
0.0102714
0.00704646
0.00257864
3.28898e-05
-0.0107762
-0.0200352
-0.0215627
-0.0208658
-0.0174585
-0.0103555
-0.000516463
0.00862969
0.0137599
0.0143006
0.0124702
0.0106531
0.00907733
0.00579308
-0.000314816
-0.00295096
-0.0185005
-0.0316839
-0.0341728
-0.0340497
-0.0314161
-0.0254815
-0.0161067
-0.0062782
0.00101095
0.00473748
0.0061839
0.00685288
0.00659998
0.00326676
-0.00435601
-0.00713061
-0.0282152
-0.0425378
-0.0452591
-0.0443888
-0.0413167
-0.0361911
-0.0285747
-0.0196304
-0.0116067
-0.00579822
-0.00193454
0.000489963
0.000965266
-0.00276508
-0.0113333
-0.0155418
-0.0384886
-0.0515309
-0.0539679
-0.0515524
-0.0470704
-0.0423977
-0.0371224
-0.0304917
-0.0232833
-0.0166516
-0.0112697
-0.00773242
-0.00724361
-0.0109546
-0.019702
-0.0263478
-0.0442759
-0.0556084
-0.0573807
-0.0534042
-0.0472774
-0.0425604
-0.0396319
-0.0362751
-0.0312189
-0.024889
-0.0186655
-0.0141221
-0.0128839
-0.0164233
-0.0248911
-0.033419
-0.0291928
-0.0433055
-0.0471003
-0.0443997
-0.0384743
-0.0334288
-0.0319963
-0.0318151
-0.0300891
-0.0255678
-0.0186177
-0.0112422
-0.00620397
-0.0061874
-0.0122348
-0.019571
-0.00667667
-0.0255358
-0.0267921
-0.0234254
-0.0177676
-0.0130336
-0.0115977
-0.0126429
-0.0129443
-0.00959976
-0.00258733
0.00548384
0.0109561
0.01072
0.00448547
0.00513275
0.0134837
-0.00611575
-0.00433873
-1.42228e-05
0.00481232
0.00783476
0.00714257
0.00370152
0.000766362
0.00171753
0.00717263
0.014783
0.020543
0.0209105
0.0159857
0.0239433
0.0373837
0.0165313
0.0199105
0.0245257
0.0285407
0.0302874
0.028104
0.0227296
0.0170614
0.0153703
0.0192309
0.0267596
0.0336468
0.035359
0.0321345
0.0460974
0.0519961
0.032541
0.0380965
0.0437018
0.0477746
0.0494388
0.0468661
0.0403184
0.032297
0.0271294
0.0279008
0.0338252
0.0405261
0.0428956
0.0409978
0.0585821
0.0542924
0.0385499
0.0460131
0.0530699
0.0584357
0.0609435
0.0592576
0.0529344
0.0436022
0.0352505
0.0319872
0.0347925
0.0399134
0.0419752
0.0406752
0.0585008
0.0453246
0.0346358
0.0430718
0.051134
0.0576589
0.0618375
0.0620599
0.0573939
0.0483702
0.0382586
0.0315483
0.030642
0.0331404
0.033998
0.0324518
0.0470386
0.0286955
0.022931
0.0308555
0.0389999
0.0463147
0.0521548
0.0547659
0.0524449
0.0450015
0.0349466
0.0265846
0.0227927
0.0225064
0.0216701
0.0192416
0.028059
0.00951485
0.00712162
0.0131842
0.02037
0.0278103
0.0348351
0.03951
0.0395951
0.0342249
0.0253731
0.0173025
0.0125532
0.0105653
0.00834125
0.00489834
0.00740529
-0.00740466
-0.00923061
-0.00560883
-5.37414e-05
0.00687582
0.0144259
0.0204765
0.0224378
0.019103
0.0121236
0.00534574
0.00151378
-0.000339131
-0.00285721
-0.00688051
-0.00882024
-0.0194761
-0.0239667
-0.0226524
-0.0187082
-0.0125075
-0.00491772
0.00177417
0.0049696
0.00349433
-0.00123893
-0.00582681
-0.00783745
-0.00820289
-0.00992025
-0.0141636
-0.0172991
-0.0275607
-0.0365466
-0.0371129
-0.0342155
-0.0283347
-0.0207823
-0.0139602
-0.0100481
-0.00980214
-0.01197
-0.0139246
-0.0138014
-0.0125425
-0.0133612
-0.0180915
-0.0206313
-0.0354723
-0.0477734
-0.0494866
-0.0466273
-0.04023
-0.0324566
-0.0257666
-0.0215558
-0.0198709
-0.019571
-0.0189675
-0.0171456
-0.0152007
-0.0160584
-0.0218143
-0.0247386
-0.0443096
-0.0570528
-0.0592326
-0.0555759
-0.0480178
-0.0398206
-0.0334793
-0.0294281
-0.0268691
-0.0247242
-0.0222189
-0.0194212
-0.017821
-0.0197292
-0.0266383
-0.0317713
-0.050747
-0.0621199
-0.0641355
-0.0594753
-0.0508469
-0.0424168
-0.0367237
-0.0333529
-0.0306654
-0.0275292
-0.0238792
-0.0207115
-0.019723
-0.0227062
-0.0304021
-0.038088
-0.0492079
-0.0596584
-0.061028
-0.0558071
-0.0469498
-0.0388934
-0.0342179
-0.0320293
-0.0299796
-0.0266771
-0.0224316
-0.0188263
-0.0178579
-0.0211586
-0.0289078
-0.0372039
-0.0306776
-0.0438187
-0.0457781
-0.0416673
-0.0342841
-0.0275901
-0.0243252
-0.0236173
-0.0226446
-0.0193419
-0.0137855
-0.00802755
-0.00485168
-0.00656916
-0.0134207
-0.0193462
0.00487071
-0.0120992
-0.0120038
-0.00854073
-0.00366777
0.000105612
0.000950263
-7.33056e-05
-7.54424e-05
0.00314644
0.00921008
0.0155338
0.0191409
0.0178169
0.0119972
0.0151307
0.029215
0.0111452
0.012626
0.0156178
0.0187604
0.0204173
0.0190699
0.0157339
0.0132025
0.0142186
0.0191975
0.0257978
0.0308617
0.0314917
0.0280691
0.0378225
0.0499554
0.0325568
0.0354907
0.0386573
0.0408061
0.0409825
0.0380055
0.0327651
0.0277313
0.0263795
0.029689
0.0359963
0.0418328
0.0438012
0.0423513
0.0566613
0.0596314
0.0452954
0.0501861
0.0543696
0.056821
0.0568621
0.0534339
0.04695
0.0397882
0.0352849
0.0355679
0.039998
0.045315
0.0477835
0.0477276
0.0640824
0.0564616
0.0466314
0.0533434
0.0590363
0.0627578
0.0638475
0.0611938
0.054755
0.0462538
0.038931
0.0356925
0.0371112
0.0406913
0.0426657
0.0430542
0.05859
0.0420177
0.03684
0.0445353
0.0515155
0.056817
0.0596735
0.0587697
0.0534432
0.0446797
0.0355876
0.0296244
0.028075
0.0293653
0.0300995
0.0299385
0.041989
0.020387
0.0188129
0.0262691
0.0338662
0.0405523
0.0453711
0.0465819
0.0428419
0.0345306
0.0246513
0.0173538
0.0141087
0.0136075
0.0130023
0.011718
0.0185683
-0.00279362
-0.00264764
0.00353454
0.0109888
0.0185604
0.0249925
0.0280628
0.0258264
0.0182116
0.00817778
0.000593043
-0.00285717
-0.00369693
-0.00492939
-0.00721452
-0.00564749
-0.0218673
-0.0225252
-0.0180406
-0.0113215
-0.00350101
0.00385577
0.0081207
0.00698275
0.000195494
-0.00936513
-0.0172331
-0.0196538
-0.0193272
-0.0198904
-0.022514
-0.0243849
-0.0343019
-0.03756
-0.0347304
-0.0290104
-0.0214486
-0.0138506
-0.00911
-0.00952853
-0.0152522
-0.0236433
-0.030292
-0.0319024
-0.0300881
-0.0292238
-0.0314848
-0.0334546
-0.0408808
-0.0476962
-0.0462317
-0.0413204
-0.0339902
-0.0264346
-0.0216311
-0.0214744
-0.0257483
-0.0320501
-0.0367667
-0.0373655
-0.0346766
-0.0329186
-0.0350222
-0.0357323
-0.0459865
-0.0547411
-0.0542821
-0.0495678
-0.0419356
-0.0342259
-0.0293837
-0.0286096
-0.0311755
-0.03497
-0.0374397
-0.0371034
-0.0347142
-0.0335462
-0.0362618
-0.0370746
-0.0507602
-0.0592617
-0.0594135
-0.0543487
-0.0459686
-0.0378733
-0.0329178
-0.0315355
-0.0324623
-0.0338925
-0.0343661
-0.0334996
-0.0321338
-0.0326891
-0.0367151
-0.039699
-0.0515554
-0.0593034
-0.0596898
-0.0542562
-0.0453802
-0.0371264
-0.0322312
-0.0305177
-0.0302368
-0.0298059
-0.0286318
-0.0272131
-0.0268255
-0.0290743
-0.0345634
-0.0402201
-0.0429736
-0.0515344
-0.0519008
-0.0467025
-0.0383576
-0.0307725
-0.0265042
-0.0250543
-0.0242847
-0.0226715
-0.0201351
-0.0178292
-0.017376
-0.0201688
-0.0262841
-0.0319589
-0.0214445
-0.0331042
-0.0336537
-0.029587
-0.0231239
-0.0174615
-0.0147153
-0.0140947
-0.0131707
-0.0103011
-0.00579262
-0.00151521
0.000304787
-0.00199077
-0.00816611
-0.0109301
0.017182
0.00263416
0.00171137
0.00357202
0.00678859
0.0092503
0.00952671
0.00871726
0.0093404
0.0129144
0.0186537
0.0241944
0.0272597
0.0264137
0.0222171
0.0254478
0.0401318
0.0253655
0.0249261
0.025632
0.0267246
0.0269536
0.0251935
0.0223028
0.0206127
0.0221626
0.0269618
0.0330389
0.0378991
0.0394991
0.0382444
0.0468491
0.055833
0.0438735
0.0452745
0.0462604
0.0463311
0.0448652
0.0410525
0.0361541
0.0320683
0.0311952
0.0340726
0.0392599
0.04434
0.0471255
0.0480696
0.0602787
0.0595878
0.0519808
0.0558068
0.0582636
0.0588894
0.0573087
0.0530616
0.0464016
0.0398728
0.0358765
0.0356764
0.0386562
0.0427934
0.045789
0.0480989
0.0618005
0.0508634
0.047869
0.053951
0.0584262
0.0606958
0.0602581
0.0564148
0.0493887
0.0409985
0.0340633
0.0306724
0.0309145
0.0333162
0.0356635
0.0381792
0.0510525
0.0317981
0.0325275
0.0400304
0.0464017
0.0507805
0.0522856
0.0498362
0.0431343
0.033544
0.0242711
0.0185151
0.0166985
0.017447
0.0187137
0.0203409
0.0303162
0.00681576
0.00963764
0.017445
0.025175
0.031594
0.0353269
0.0346567
0.0286633
0.0183822
0.00724088
-9.53505e-05
-0.00258225
-0.00247255
-0.00209589
-0.00162348
0.00408553
-0.0181422
-0.0150957
-0.00786155
0.000585584
0.00861115
0.0142972
0.0152389
0.00996924
-0.000716367
-0.0131065
-0.0216558
-0.0239962
-0.0231271
-0.0226555
-0.023203
-0.0215544
-0.0372658
-0.0357857
-0.0295357
-0.0210299
-0.0121061
-0.00519117
-0.0032014
-0.00788962
-0.0184853
-0.0313377
-0.040509
-0.0427527
-0.0405076
-0.0388451
-0.039616
-0.040176
-0.0475464
-0.0489043
-0.0437741
-0.0357769
-0.0267362
-0.0194046
-0.0169759
-0.021134
-0.0309247
-0.0427731
-0.0515811
-0.053787
-0.0506866
-0.0475975
-0.0478054
-0.0479493
-0.0508882
-0.0550522
-0.051117
-0.0438579
-0.0350237
-0.0276774
-0.0250583
-0.0284682
-0.0366703
-0.04645
-0.0536049
-0.0553393
-0.0522524
-0.0487022
-0.0484833
-0.0472268
-0.0519277
-0.0573009
-0.0546199
-0.0478935
-0.0389796
-0.0314466
-0.0284255
-0.0306673
-0.0366443
-0.0435676
-0.0484194
-0.04943
-0.0471819
-0.0447485
-0.0450892
-0.0441656
-0.0516844
-0.0570729
-0.0555893
-0.0492259
-0.0399989
-0.0320351
-0.0283328
-0.0290933
-0.0325659
-0.036402
-0.0387932
-0.0390767
-0.0380247
-0.0377126
-0.0398015
-0.0413218
-0.046493
-0.0526833
-0.0524482
-0.0465801
-0.0374765
-0.0293615
-0.0251114
-0.024531
-0.0256986
-0.0267362
-0.0267705
-0.0260686
-0.0257304
-0.0272061
-0.0311464
-0.0355619
-0.0321758
-0.0410982
-0.041878
-0.0372724
-0.02946
-0.022207
-0.0181171
-0.0168739
-0.0165009
-0.0153872
-0.0132746
-0.0111138
-0.0103354
-0.0122827
-0.0172126
-0.0215579
-0.00728879
-0.0187713
-0.0202473
-0.0175893
-0.012575
-0.00804791
-0.00583456
-0.00511865
-0.00382963
-0.000740543
0.00362367
0.00757361
0.00935895
0.00776097
0.00292632
0.00192178
0.0300376
0.0179654
0.0144812
0.0136631
0.014595
0.0153686
0.014794
0.0139917
0.0151219
0.0191546
0.024996
0.0305381
0.034173
0.035132
0.0336514
0.0359797
0.0465718
0.035971
0.0329233
0.0308114
0.0296049
0.0283854
0.0262068
0.0237491
0.0228868
0.0249547
0.0295991
0.0351901
0.040098
0.0432101
0.0447063
0.051205
0.0558517
0.0498451
0.0495911
0.0483586
0.046315
0.0431825
0.0386281
0.0336048
0.0299705
0.0292988
0.031596
0.0356539
0.0401394
0.0440868
0.0478863
0.0578964
0.0535146
0.0524855
0.0555213
0.0565107
0.0554684
0.0522255
0.0466393
0.0395427
0.0329236
0.0288046
0.02792
0.0295928
0.032801
0.036673
0.0416425
0.0533561
0.0400178
0.043126
0.0490563
0.0527561
0.0538669
0.0519117
0.0465008
0.0382187
0.0289611
0.0214662
0.0175896
0.0170415
0.0188029
0.0219189
0.0268042
0.0381274
0.0179032
0.0235612
0.031431
0.0376738
0.0414075
0.0415209
0.0371567
0.0284068
0.0170452
0.00658186
0.000410986
-0.00127121
-0.000321713
0.00189018
0.0056939
0.0148174
-0.00836297
-0.00198182
0.00676184
0.0150392
0.0213232
0.023854
0.0209579
0.0122311
-0.00067418
-0.0135584
-0.021625
-0.0234184
-0.0220836
-0.0202766
-0.0179264
-0.0122366
-0.0328377
-0.0273306
-0.018504
-0.00876038
-0.000284784
0.00440323
0.00293195
-0.0054969
-0.0191847
-0.0337554
-0.0434683
-0.0453748
-0.0428449
-0.0406139
-0.0395644
-0.0370429
-0.0498392
-0.0463981
-0.0379168
-0.0274185
-0.0175231
-0.0113706
-0.0118211
-0.0198114
-0.0335113
-0.0485146
-0.0590678
-0.0615507
-0.0581344
-0.0548553
-0.0543334
-0.0534863
-0.0565561
-0.0558416
-0.048112
-0.0377116
-0.0273692
-0.0205975
-0.0204788
-0.0278038
-0.0405494
-0.0545607
-0.0646317
-0.067451
-0.0640547
-0.0599213
-0.0590834
-0.0578052
-0.0553486
-0.0569825
-0.0505667
-0.040948
-0.0307715
-0.0238408
-0.0232424
-0.0294241
-0.0401315
-0.0520529
-0.0602601
-0.0627041
-0.0598868
-0.0558208
-0.0545625
-0.0522531
-0.0510131
-0.0539431
-0.0494696
-0.0408953
-0.0308841
-0.0236476
-0.0221993
-0.0266178
-0.0346364
-0.0430514
-0.0487793
-0.050327
-0.048296
-0.0455293
-0.0447905
-0.0433362
-0.0448332
-0.0489094
-0.0468466
-0.039518
-0.029681
-0.0219412
-0.0192782
-0.0214468
-0.0261926
-0.0308967
-0.0336943
-0.0340275
-0.0327599
-0.0318331
-0.0328324
-0.0344617
-0.0340151
-0.0406771
-0.0412662
-0.035733
-0.0267549
-0.0187962
-0.0150913
-0.0150614
-0.0166333
-0.0177969
-0.0176344
-0.016432
-0.0153227
-0.0157957
-0.0187843
-0.0233098
-0.0163219
-0.0266179
-0.0297215
-0.0268261
-0.0199472
-0.0130628
-0.00894963
-0.00741209
-0.0066074
-0.00495595
-0.002175
0.000843044
0.00274294
0.00213959
-0.00167346
-0.00627325
0.00981975
-0.0021253
-0.00592892
-0.00555014
-0.00233312
0.000953278
0.00255557
0.00327243
0.00501348
0.00869332
0.0135887
0.0181244
0.020844
0.0210034
0.0181829
0.0173258
0.0416127
0.0318919
0.0259293
0.0224654
0.021095
0.0199919
0.0181464
0.0167216
0.0176658
0.0216308
0.0274096
0.033191
0.0379479
0.0412988
0.043104
0.0452417
0.049096
0.0421162
0.0369512
0.0322888
0.0288863
0.0261611
0.0233666
0.0210035
0.0204392
0.0224724
0.0265659
0.0315146
0.0365582
0.0413577
0.0458044
0.0516511
0.051074
0.0496912
0.0485245
0.0457744
0.0421264
0.0375554
0.032036
0.026512
0.0225857
0.0213545
0.0226497
0.0255732
0.0296809
0.0348739
0.0413908
0.050824
0.043353
0.0468911
0.0497699
0.0500117
0.0478946
0.0433387
0.0364683
0.0283421
0.0208102
0.0157388
0.0138033
0.0144451
0.0172285
0.022112
0.0294127
0.040916
0.0267235
0.0336626
0.0398131
0.0432361
0.043622
0.0404041
0.0334088
0.0235051
0.012763
0.00401028
-0.00069742
-0.00157906
0.000287939
0.00453594
0.0114889
0.0226415
0.0038317
0.0122718
0.0206246
0.0269174
0.0301738
0.0289111
0.0226031
0.011704
-0.00157404
-0.013477
-0.0203069
-0.0215532
-0.019625
-0.0160313
-0.0103649
-0.00117927
-0.021172
-0.0130067
-0.00332122
0.00530095
0.011162
0.0123597
0.00724366
-0.00396176
-0.0189068
-0.0331721
-0.0417734
-0.0429122
-0.0399838
-0.0365659
-0.0327312
-0.0264848
-0.0427674
-0.0359536
-0.025848
-0.0152538
-0.00686919
-0.00353459
-0.00734191
-0.0183175
-0.0339547
-0.0495124
-0.059474
-0.0609462
-0.0570306
-0.0533408
-0.0512902
-0.0478789
-0.0557577
-0.0510878
-0.0408907
-0.0290657
-0.0189209
-0.0139579
-0.0166319
-0.0269746
-0.0422911
-0.0578468
-0.0682808
-0.0704779
-0.0664656
-0.0623817
-0.0614687
-0.0597796
-0.0577816
-0.0556051
-0.0459989
-0.0339747
-0.0230865
-0.0172405
-0.0190406
-0.0283358
-0.0422752
-0.0565481
-0.0661992
-0.0687356
-0.0653392
-0.0611791
-0.0604067
-0.0588385
-0.0513091
-0.0514146
-0.0434579
-0.0323024
-0.0214864
-0.0152271
-0.0161386
-0.0238351
-0.035457
-0.0470744
-0.0548268
-0.0568725
-0.0541401
-0.0504396
-0.0493774
-0.0474871
-0.0410813
-0.0432178
-0.0380984
-0.0285553
-0.0181354
-0.0114152
-0.0110621
-0.0164799
-0.0249008
-0.0329666
-0.0379565
-0.0388159
-0.0365146
-0.033798
-0.0331501
-0.032677
-0.029
-0.0337976
-0.032405
-0.0250903
-0.0153547
-0.00818013
-0.00627878
-0.00896684
-0.0136841
-0.0177691
-0.0195569
-0.0187872
-0.0166021
-0.0150268
-0.0158049
-0.0185646
-0.0141768
-0.0227808
-0.0254431
-0.0211755
-0.0130042
-0.00588415
-0.00263295
-0.00266257
-0.00376606
-0.00399636
-0.00258181
3.97312e-05
0.00260777
0.00347776
0.00129004
-0.00402954
0.00372736
-0.0085347
-0.0149054
-0.0145352
-0.00926047
-0.00329234
0.00065257
0.00268127
0.00442032
0.00721817
0.0112507
0.0156809
0.0191629
0.0203223
0.0180074
0.0128455
0.0266717
0.015032
0.00853485
0.00655085
0.00798715
0.00991931
0.0106257
0.0109658
0.0128047
0.016906
0.0224208
0.0278705
0.0321673
0.0342307
0.0337714
0.0323236
0.0487561
0.040588
0.0336159
0.0287344
0.0259056
0.0233341
0.0201349
0.0175418
0.0174339
0.0204107
0.0254341
0.0311
0.0368182
0.0424158
0.0471853
0.050891
0.0471971
0.0422215
0.0362613
0.0300212
0.0249816
0.0209384
0.017385
0.0147069
0.0138432
0.0152262
0.0183359
0.0224761
0.0276161
0.0338316
0.0405795
0.0480448
0.0421179
0.0427928
0.0416534
0.0384765
0.0341568
0.0287595
0.0224191
0.0161249
0.0113293
0.00893448
0.00895476
0.0109118
0.0149573
0.0211531
0.0295647
0.0399137
0.0304993
0.0356386
0.0387562
0.0390333
0.0366785
0.0315026
0.023702
0.0144625
0.00569667
-0.00069706
-0.00374852
-0.00368109
-0.000752177
0.00513154
0.0140559
0.0258218
0.0129881
0.0208191
0.0270792
0.0305094
0.0305931
0.0266198
0.0184469
0.0071724
-0.00490537
-0.0147985
-0.0201512
-0.0208468
-0.0181808
-0.0128577
-0.00454404
0.00674052
-0.0081677
0.000559347
0.00887559
0.0150087
0.0176125
0.015274
0.00744212
-0.0050161
-0.0194834
-0.0320385
-0.0389265
-0.0393513
-0.0359421
-0.030934
-0.0242635
-0.0149989
-0.0293282
-0.02115
-0.0115905
-0.00316179
0.00189626
0.00153134
-0.00541694
-0.018199
-0.0339544
-0.04816
-0.0561379
-0.0561972
-0.0516552
-0.0468113
-0.0422882
-0.0358883
-0.0457089
-0.0389529
-0.0286654
-0.0182708
-0.0108158
-0.00917525
-0.0148889
-0.0272528
-0.0432009
-0.0579636
-0.0666094
-0.0669066
-0.0618322
-0.0571331
-0.0548112
-0.0512872
-0.0529978
-0.0481858
-0.037612
-0.0257848
-0.0164585
-0.013085
-0.0174756
-0.028858
-0.0439745
-0.0581906
-0.0668154
-0.0676972
-0.063067
-0.0587002
-0.0579762
-0.0565086
-0.0496052
-0.0471063
-0.0371549
-0.0249311
-0.0145749
-0.00999308
-0.0131114
-0.0230154
-0.0364048
-0.0489452
-0.0566273
-0.0577302
-0.0539774
-0.0501316
-0.0499503
-0.0492958
-0.0380728
-0.0381403
-0.0302124
-0.0188562
-0.00833663
-0.00297812
-0.00476932
-0.0126532
-0.0234494
-0.0333084
-0.0390836
-0.0396321
-0.0364426
-0.0331706
-0.0329364
-0.0327356
-0.0229701
-0.0260393
-0.0216711
-0.0122862
-0.00219502
0.00378258
0.00356463
-0.00175416
-0.00921466
-0.0156042
-0.0186876
-0.0179519
-0.0148253
-0.0121032
-0.0121697
-0.0138096
-0.00691411
-0.0138029
-0.0140576
-0.00762102
0.00136048
0.00771686
0.00912339
0.00662404
0.00285121
0.000309861
0.000345122
0.00280675
0.00628951
0.00855853
0.00764546
0.0032649
0.00916906
-0.0018327
-0.00692245
-0.00446285
0.00229475
0.00822799
0.0109022
0.0110627
0.0108249
0.01197
0.0150011
0.0192957
0.023476
0.0257501
0.0243677
0.0184626
0.0243187
0.0101675
0.00101979
-0.00137989
0.00184573
0.00627666
0.00961832
0.0119603
0.0146752
0.0187095
0.0239901
0.0297061
0.0347144
0.0376718
0.0370557
0.0321366
0.039563
0.0283061
0.0202665
0.0168193
0.0171076
0.0179753
0.0177041
0.0172869
0.0186745
0.0225948
0.0282698
0.0342938
0.0397069
0.043738
0.045315
0.0442398
0.0492063
0.0409518
0.034536
0.0300233
0.0272845
0.0243418
0.0202921
0.0164602
0.0147591
0.0159533
0.0194122
0.0243848
0.0305942
0.0377078
0.044379
0.05121
0.0398593
0.0348551
0.0294106
0.0230512
0.0173737
0.0125837
0.00842686
0.00530429
0.00389594
0.00439327
0.00644282
0.00982151
0.0149628
0.0220342
0.0299457
0.0393162
0.0293509
0.0292895
0.0285529
0.0259445
0.0220854
0.0168491
0.0102964
0.00345084
-0.00225185
-0.00574078
-0.00679963
-0.00544274
-0.00142389
0.00563342
0.0146096
0.0258403
0.0158917
0.0197925
0.0228448
0.0235874
0.0218207
0.0169833
0.0090693
-0.000706782
-0.0102782
-0.0175742
-0.0212553
-0.0211666
-0.0176316
-0.0109365
-0.00180197
0.0098272
-0.000255624
0.0060322
0.0116823
0.0150114
0.0151043
0.0110167
0.00250153
-0.00924761
-0.0217364
-0.0318412
-0.0370394
-0.0369498
-0.033046
-0.0266674
-0.0183358
-0.00780469
-0.0173713
-0.0102628
-0.00294491
0.0024454
0.00428861
0.00115245
-0.00742819
-0.0203001
-0.0346167
-0.0464556
-0.0522962
-0.0513805
-0.0463747
-0.0401928
-0.0335
-0.0251769
-0.0325382
-0.0257926
-0.0173856
-0.0101581
-0.00645935
-0.008279
-0.0163217
-0.0293915
-0.0443872
-0.0569508
-0.0630313
-0.061463
-0.0554609
-0.0495507
-0.0450263
-0.0395153
-0.0419975
-0.0363337
-0.0271757
-0.0181333
-0.0124106
-0.0125414
-0.0194491
-0.0318695
-0.0465268
-0.0589579
-0.0650823
-0.0635739
-0.0574686
-0.0521192
-0.0498473
-0.0471759
-0.0426862
-0.0386211
-0.0291371
-0.0186354
-0.0110042
-0.00933544
-0.0147299
-0.0258478
-0.0393169
-0.0508265
-0.0566598
-0.0556362
-0.0503253
-0.045845
-0.0453146
-0.0448888
-0.034036
-0.03218
-0.0233684
-0.0122639
-0.00328813
-5.15327e-05
-0.00380323
-0.0131016
-0.0246253
-0.0344309
-0.0393734
-0.0385983
-0.034283
-0.0307601
-0.0310645
-0.0320143
-0.018727
-0.0198069
-0.013165
-0.00275431
0.00673852
0.0111709
0.00913757
0.0021011
-0.00679501
-0.0141143
-0.0173934
-0.0161847
-0.0123936
-0.00947134
-0.0101524
-0.0122552
-0.00100967
-0.00581886
-0.00297871
0.00541217
0.0145564
0.0198127
0.0195176
0.0150846
0.00936696
0.00519188
0.00426151
0.00664274
0.0105333
0.0131296
0.012142
0.00830933
0.016038
0.00698188
0.00501376
0.0101618
0.0179831
0.0234348
0.0246155
0.0227626
0.020369
0.0195908
0.0213988
0.0253531
0.0298274
0.0324796
0.0312144
0.0257207
0.0302834
0.0176574
0.0109201
0.0116911
0.0167859
0.0213835
0.0233963
0.023774
0.0244822
0.0268965
0.031254
0.0368025
0.0420842
0.045266
0.0444196
0.0389825
0.0399517
0.0254978
0.0149654
0.0105376
0.0113531
0.0139511
0.0162911
0.0186539
0.0220852
0.0270821
0.033292
0.0398481
0.045814
0.0499224
0.0504902
0.0473435
0.0459589
0.0342837
0.0261353
0.0225214
0.0226918
0.023253
0.0223373
0.0210912
0.0215938
0.0247692
0.0300446
0.0361176
0.0422078
0.047447
0.0502693
0.0509096
0.0427606
0.032024
0.0266166
0.0237966
0.022869
0.0211202
0.0172911
0.0127607
0.0095726
0.00880722
0.0104565
0.0141736
0.0206301
0.0285101
0.0356127
0.0451161
0.0267778
0.019732
0.0153672
0.0101557
0.0051449
0.00054776
-0.00367714
-0.00695999
-0.0086556
-0.00864491
-0.00715635
-0.00410444
0.00115683
0.0083181
0.0155743
0.0258576
0.0134124
0.0105014
0.00964092
0.00802274
0.00561051
0.00166814
-0.0041174
-0.0107574
-0.0166749
-0.0206335
-0.0220152
-0.0205515
-0.0159882
-0.00878075
-0.000762565
0.00967162
0.000402058
0.00120201
0.0031964
0.00425678
0.0036048
6.43195e-05
-0.00686536
-0.0160904
-0.0254513
-0.0326426
-0.0360436
-0.0352332
-0.0307241
-0.0235824
-0.015477
-0.00579949
-0.0123825
-0.00908748
-0.00511074
-0.00228467
-0.0021398
-0.0057137
-0.0135427
-0.0245288
-0.0361371
-0.0452295
-0.0493035
-0.0478914
-0.0426118
-0.0355225
-0.0281039
-0.0199282
-0.0237908
-0.0193458
-0.0140549
-0.0101275
-0.00908525
-0.0125986
-0.0209942
-0.0330069
-0.0458115
-0.0557217
-0.0596522
-0.0570844
-0.0506429
-0.0436366
-0.037548
-0.0313693
-0.0318294
-0.0271999
-0.0208624
-0.0154911
-0.0134317
-0.0163812
-0.0246507
-0.0368042
-0.0498115
-0.0597622
-0.0633739
-0.0600768
-0.0529464
-0.0463437
-0.042083
-0.0382329
-0.0339267
-0.029784
-0.0225865
-0.0156018
-0.0118724
-0.0134689
-0.0207607
-0.0321701
-0.0445544
-0.0540329
-0.0574519
-0.0542667
-0.0474826
-0.0418006
-0.0395113
-0.0380761
-0.0284306
-0.0254207
-0.0177806
-0.0092576
-0.003568
-0.00330163
-0.00895399
-0.0188908
-0.0299644
-0.0385073
-0.0417031
-0.0391307
-0.0334579
-0.0290508
-0.02857
-0.029289
-0.015763
-0.0147971
-0.00769735
0.00169129
0.00904735
0.0112151
0.00751798
-0.000410838
-0.00954155
-0.0165685
-0.0191381
-0.0170268
-0.0125492
-0.00946154
-0.0102356
-0.0126302
0.0013897
-0.000784536
0.00425309
0.0132707
0.0215033
0.0252024
0.0234906
0.0179288
0.0113137
0.00647619
0.00522342
0.00752691
0.0113642
0.0136038
0.0120377
0.00814661
0.0192569
0.0130117
0.0145109
0.0216208
0.0295993
0.034188
0.0342285
0.0311573
0.0274483
0.0253706
0.0261457
0.029379
0.0333282
0.0353286
0.0333233
0.0281484
0.0346001
0.024177
0.0212722
0.025168
0.0316793
0.0362624
0.0374649
0.0365551
0.0356588
0.036439
0.0394889
0.0441807
0.0488369
0.0511973
0.0492969
0.0438818
0.0446774
0.0312352
0.0244048
0.0240613
0.0275996
0.0308937
0.0323333
0.0329868
0.0345284
0.0379213
0.043109
0.0492521
0.0547904
0.0580098
0.0570281
0.0533665
0.0476331
0.0328137
0.0232007
0.0180051
0.0169112
0.017555
0.018653
0.0208015
0.0247653
0.0305291
0.037373
0.0443378
0.0506424
0.0549443
0.0554095
0.055548
0.0456666
0.0316687
0.0240951
0.0212569
0.022217
0.0234066
0.0225885
0.0209385
0.0206512
0.0228657
0.027358
0.0334177
0.039732
0.0456532
0.04872
0.0524117
0.0307562
0.0155065
0.00998982
0.00884328
0.0108821
0.0119056
0.0096518
0.00540412
0.00144299
-0.000735668
-0.000445065
0.00271125
0.00911661
0.0173081
0.0238246
0.0345635
0.009156
-0.00127879
-0.00522246
-0.00876422
-0.011954
-0.0153059
-0.0188446
-0.0217177
-0.0230896
-0.022754
-0.0208217
-0.0171832
-0.0115025
-0.00475062
0.000379821
0.0088118
-0.00410907
-0.0108819
-0.0130393
-0.0139799
-0.0144858
-0.0162538
-0.0202744
-0.0257419
-0.0309208
-0.0342984
-0.0349631
-0.0325305
-0.0270957
-0.0199847
-0.013986
-0.00686784
-0.0144138
-0.0174915
-0.0177128
-0.0169526
-0.0164432
-0.0180599
-0.023024
-0.0306025
-0.0386147
-0.0446161
-0.0467857
-0.0445889
-0.0388574
-0.0315132
-0.0252018
-0.0193717
-0.022317
-0.0225963
-0.0211913
-0.019514
-0.0192654
-0.0218489
-0.0281466
-0.0373292
-0.0470217
-0.0542041
-0.0565034
-0.0534522
-0.0468087
-0.0392841
-0.0332397
-0.0285294
-0.027276
-0.0258527
-0.0230359
-0.0206988
-0.0206078
-0.0241025
-0.0315624
-0.0418421
-0.0523885
-0.0599075
-0.0617693
-0.0576424
-0.0500466
-0.0425236
-0.0372329
-0.0335586
-0.0282671
-0.0259345
-0.0218115
-0.0183464
-0.0177226
-0.0212655
-0.029032
-0.0395921
-0.050241
-0.0576469
-0.059191
-0.0546641
-0.0468379
-0.0398853
-0.035869
-0.0334774
-0.0240104
-0.0213577
-0.0160289
-0.010952
-0.00883747
-0.0112664
-0.0182188
-0.0281056
-0.0381716
-0.0452069
-0.0467781
-0.0427364
-0.0358321
-0.0301329
-0.0277867
-0.0270969
-0.0140027
-0.0118163
-0.00576027
0.00103049
0.00518696
0.0046892
-0.000533044
-0.00889304
-0.0177059
-0.0240142
-0.0256806
-0.0226183
-0.0172841
-0.0133379
-0.0128464
-0.0140288
0.000652545
0.00122272
0.00697606
0.0148504
0.0208961
0.0225222
0.0194614
0.0132424
0.00634837
0.00136455
3.99358e-05
0.00233392
0.00615573
0.00839595
0.00721392
0.00425076
0.0177436
0.015104
0.0190798
0.0267129
0.0338401
0.0371096
0.0361674
0.0323953
0.0279721
0.0250009
0.0247684
0.0270808
0.0301004
0.0312213
0.0287644
0.0242391
0.0338524
0.0269062
0.0277669
0.0336556
0.0404017
0.0444752
0.0451707
0.0437565
0.04208
0.0416984
0.0433328
0.0465235
0.0496097
0.0504948
0.0474076
0.0422532
0.045726
0.0347085
0.0318038
0.0346073
0.0397277
0.0435265
0.045018
0.0453447
0.0460463
0.0481531
0.0518709
0.0565097
0.0606149
0.0619574
0.0590524
0.0549502
0.0502481
0.0362006
0.0305881
0.0297437
0.0319151
0.0341013
0.0352462
0.0364324
0.0389139
0.0431745
0.0488536
0.0549967
0.0603133
0.0627144
0.0607231
0.0595328
0.0460495
0.0303002
0.0229417
0.0182446
0.0159781
0.0149868
0.0149657
0.0169597
0.0215168
0.0281372
0.0357065
0.0430721
0.0492229
0.0530315
0.0524054
0.0547679
0.0394996
0.0216356
0.0139473
0.0116726
0.0138957
0.016604
0.016807
0.0155841
0.0151257
0.0167726
0.0207014
0.0264878
0.0333514
0.0396649
0.0425249
0.048435
0.0155334
-0.00484946
-0.0125614
-0.0133685
-0.00841466
-0.00368434
-0.00317959
-0.006089
-0.00983073
-0.0123506
-0.0123282
-0.00890745
-0.00186445
0.00664292
0.0120786
0.0214383
-0.0103403
-0.0244826
-0.0296842
-0.0315681
-0.0322952
-0.0336388
-0.0358811
-0.0378268
-0.0382511
-0.0366929
-0.0332198
-0.0279724
-0.0213098
-0.0151056
-0.0128173
-0.00910356
-0.0204887
-0.0311157
-0.03567
-0.0366709
-0.0353717
-0.0347477
-0.036517
-0.0401614
-0.0438138
-0.045666
-0.0446019
-0.0403386
-0.0336151
-0.0266934
-0.0231453
-0.0211652
-0.0260233
-0.033061
-0.0360367
-0.0361853
-0.0347867
-0.0345634
-0.0372248
-0.0425923
-0.0485998
-0.0526934
-0.0529441
-0.0488373
-0.0416859
-0.0342727
-0.0299738
-0.0286728
-0.0281539
-0.0321285
-0.0332719
-0.0329793
-0.0326941
-0.0342107
-0.0387067
-0.0457473
-0.0532454
-0.0583461
-0.0587484
-0.0539924
-0.0460596
-0.0382957
-0.0336851
-0.0321449
-0.0269158
-0.0285729
-0.027845
-0.0268712
-0.0273139
-0.0304055
-0.0366056
-0.0450247
-0.0535426
-0.0591365
-0.0594763
-0.0541954
-0.0457648
-0.0379802
-0.0334639
-0.0313613
-0.0222582
-0.0220789
-0.0194451
-0.0172089
-0.0173082
-0.0207793
-0.0276159
-0.0366008
-0.0454742
-0.0513681
-0.0519553
-0.0469939
-0.0390431
-0.0320205
-0.0282468
-0.0260764
-0.0137881
-0.0122869
-0.00794625
-0.00391954
-0.00253928
-0.00497342
-0.0110727
-0.0194831
-0.0279742
-0.0338608
-0.035041
-0.0312675
-0.0248989
-0.0195416
-0.0172095
-0.0160136
-0.00168481
0.000184866
0.0055579
0.0113702
0.0148123
0.0143625
0.0100922
0.00332475
-0.00388536
-0.00923203
-0.0108902
-0.00857729
-0.00433114
-0.00121025
-0.000807143
-0.00144049
0.012964
0.0136008
0.018811
0.025644
0.0308871
0.0325812
0.0306439
0.0262438
0.0211556
0.0172211
0.0158689
0.0171161
0.0194625
0.0204739
0.0188406
0.0161798
0.0281921
0.0256728
0.0291844
0.0357053
0.0417657
0.0450226
0.0452605
0.0435055
0.0410917
0.0393566
0.039186
0.0404785
0.041918
0.0415267
0.0382406
0.0342128
0.0411907
0.0340813
0.0347484
0.0394376
0.0448963
0.0486449
0.050331
0.0508655
0.0512555
0.0522413
0.0541333
0.0565498
0.0582732
0.0575667
0.0533686
0.0493893
0.0485604
0.0367795
0.0346092
0.0364178
0.0401069
0.043297
0.0454477
0.0474044
0.0499475
0.0533747
0.0575088
0.0616605
0.0646177
0.0646052
0.0602912
0.0582509
0.0470301
0.0316745
0.0277146
0.0268096
0.0278749
0.0293135
0.0306528
0.0328661
0.0366761
0.0420348
0.0482778
0.054346
0.0589561
0.0602117
0.0564396
0.0573263
0.0362358
0.0185083
0.0132059
0.00980827
0.00725978
0.00530543
0.00467753
0.00691662
0.0124251
0.0202723
0.0289397
0.0369601
0.0431043
0.0457328
0.0429484
0.0462462
0.028786
0.00668312
-0.0025861
-0.0051695
-0.00199541
0.00245026
0.00466122
0.00482621
0.00509597
0.00698089
0.0110498
0.0172157
0.0247761
0.0313785
0.0335564
0.0399854
-0.000228347
-0.0245955
-0.0360461
-0.0382127
-0.0316615
-0.0234555
-0.0197829
-0.0207069
-0.0233419
-0.0249838
-0.0238147
-0.018887
-0.0104523
-0.00151098
0.00271878
0.00807394
-0.0278565
-0.0449404
-0.0519636
-0.0533133
-0.0518014
-0.0509731
-0.0518148
-0.0527577
-0.051981
-0.0486336
-0.0427935
-0.0351412
-0.0270578
-0.0213616
-0.0218728
-0.0242516
-0.0321887
-0.0461555
-0.0530397
-0.0544451
-0.0522216
-0.049759
-0.0496405
-0.0515982
-0.0535575
-0.0534088
-0.0499443
-0.0432464
-0.0349653
-0.0282606
-0.0270545
-0.0301947
-0.0312596
-0.0425018
-0.0474408
-0.0484692
-0.046846
-0.0452134
-0.0460431
-0.0495579
-0.0537366
-0.0558788
-0.0539634
-0.0477017
-0.0390951
-0.0317456
-0.02932
-0.031369
-0.027884
-0.0353158
-0.0380681
-0.038549
-0.0382111
-0.0388125
-0.0418592
-0.0473004
-0.0532516
-0.056871
-0.0557707
-0.049529
-0.0405175
-0.0327561
-0.0294703
-0.0292879
-0.021741
-0.0262484
-0.0263438
-0.0257755
-0.0260875
-0.0284138
-0.0334118
-0.0405662
-0.0480145
-0.0529145
-0.0528017
-0.0469719
-0.038101
-0.0303824
-0.0266255
-0.0240852
-0.0136484
-0.0153998
-0.0129113
-0.010735
-0.010544
-0.0132109
-0.0188846
-0.0267537
-0.0349907
-0.0409222
-0.0419417
-0.0374895
-0.0299108
-0.0232209
-0.0197851
-0.0161941
-0.00380209
-0.00310805
0.0014385
0.00552663
0.00721886
0.00564792
0.000837571
-0.00633681
-0.0142569
-0.0204091
-0.0227102
-0.020298
-0.0150758
-0.0104544
-0.00830182
-0.00550409
0.0076445
0.00962538
0.0151923
0.0208643
0.0244227
0.0247913
0.0219911
0.0168187
0.0106116
0.00504487
0.00212601
0.00258327
0.00507722
0.00704622
0.00719729
0.00786197
0.0201085
0.0212047
0.0263831
0.0326438
0.0375901
0.0399158
0.0395951
0.0372171
0.0336098
0.0299518
0.0275399
0.0269308
0.0272531
0.0267359
0.024609
0.0230004
0.0321714
0.0298166
0.0331539
0.03864
0.0438851
0.0474719
0.0493006
0.0498099
0.0493909
0.0485442
0.0478767
0.0476058
0.0470624
0.0449319
0.0406753
0.0379542
0.041187
0.0335054
0.0342251
0.0376736
0.0419237
0.0456486
0.0487386
0.0515647
0.0541865
0.0565062
0.0584702
0.0598484
0.0599273
0.0575004
0.0520987
0.0496979
0.0436339
0.0303782
0.0287722
0.0297579
0.0322084
0.0351851
0.0384795
0.0425003
0.0471968
0.0521315
0.056769
0.0604417
0.0622212
0.0606357
0.05456
0.0542376
0.0363916
0.018808
0.015811
0.0151126
0.0155945
0.0168827
0.019026
0.022822
0.0284275
0.035268
0.0423789
0.0485777
0.0525545
0.0523352
0.0463774
0.0480579
0.0204757
0.000137408
-0.00448391
-0.0063926
-0.00814914
-0.0100587
-0.0105429
-0.00754503
-0.000694917
0.00872387
0.0188162
0.0277393
0.0338885
0.0352044
0.0297744
0.0318863
0.0152487
-0.0102755
-0.0220615
-0.0259342
-0.0223448
-0.0162049
-0.0118668
-0.00972756
-0.00801258
-0.0050816
-6.8383e-05
0.00712138
0.0155807
0.0223943
0.0235623
0.0281838
-0.0136517
-0.0397267
-0.0545849
-0.058969
-0.052579
-0.0425245
-0.0364467
-0.0354881
-0.0365283
-0.0363277
-0.0328236
-0.025448
-0.0152093
-0.00598038
-0.00309098
-0.00316826
-0.0394199
-0.0582554
-0.0667396
-0.0678086
-0.0646978
-0.0620799
-0.0619701
-0.0624573
-0.0608629
-0.0558239
-0.047509
-0.0373499
-0.0279439
-0.0228125
-0.0256004
-0.0331565
-0.0359117
-0.0529211
-0.0606647
-0.0622797
-0.059565
-0.0561527
-0.0551742
-0.0564237
-0.057384
-0.0555328
-0.0496942
-0.0405826
-0.0309101
-0.0245788
-0.0253076
-0.0314527
-0.0290391
-0.0425396
-0.0483883
-0.0496446
-0.0478042
-0.0455533
-0.0455641
-0.0483483
-0.051746
-0.0526901
-0.0490298
-0.0408908
-0.0311572
-0.0241385
-0.0233
-0.0260526
-0.0204189
-0.0308139
-0.0334687
-0.0336144
-0.032724
-0.0325065
-0.0347049
-0.0395586
-0.0452865
-0.0486911
-0.0470057
-0.0398746
-0.0302625
-0.0228818
-0.0208156
-0.0192964
-0.0112974
-0.0184275
-0.0177113
-0.0162636
-0.0155513
-0.0166623
-0.020569
-0.0271827
-0.0348891
-0.0406149
-0.0411802
-0.0356958
-0.0269787
-0.0197854
-0.0168927
-0.0119033
-0.00264447
-0.00607026
-0.00243224
0.00087875
0.00236267
0.00124645
-0.00297818
-0.0100761
-0.0186572
-0.0259712
-0.0287688
-0.0257504
-0.0191503
-0.0132884
-0.0104519
-0.00428265
0.00555056
0.00566174
0.0112396
0.0162624
0.0191374
0.0192148
0.0161938
0.0102909
0.00244993
-0.00512539
-0.00958578
-0.00935389
-0.00583323
-0.00238961
-0.000730454
0.00406801
0.0137568
0.0159119
0.0220372
0.0280524
0.0323219
0.0341594
0.033379
0.0300211
0.0245139
0.0182688
0.0134045
0.0114378
0.0117695
0.0122398
0.0118712
0.0138057
0.0222232
0.0235495
0.028733
0.0345848
0.039564
0.0429941
0.0447311
0.0446331
0.0425767
0.039064
0.035359
0.0326042
0.0306932
0.0284656
0.0256626
0.0249643
0.0300911
0.0272934
0.0303167
0.0348026
0.0394498
0.0437319
0.0475312
0.0505618
0.0522443
0.0523243
0.0511976
0.0494151
0.0469363
0.0430557
0.0378343
0.0361442
0.034676
0.0255661
0.0260587
0.0283963
0.031743
0.0358891
0.0407542
0.0460647
0.050987
0.0547257
0.0569393
0.0575216
0.0561688
0.0520868
0.0450594
0.0439688
0.0324059
0.0169292
0.0152991
0.0157005
0.0174797
0.0208181
0.0256697
0.0319321
0.0388316
0.045365
0.0507213
0.0542094
0.0550701
0.0519748
0.0439796
0.0443218
0.020609
0.000572751
-0.00259172
-0.00294657
-0.00222577
-0.000347531
0.00311014
0.0087301
0.0162436
0.0246845
0.0328409
0.0393666
0.0428556
0.0411458
0.0329618
0.0337367
0.00177215
-0.0206063
-0.0257499
-0.0264666
-0.0263983
-0.0270723
-0.026682
-0.0226675
-0.0145149
-0.00367865
0.00768406
0.0173762
0.0233713
0.0233399
0.0154014
0.0144379
0.000903115
-0.0261933
-0.0402622
-0.0453433
-0.0416726
-0.0345207
-0.0285858
-0.0247252
-0.0214535
-0.0170778
-0.0106067
-0.00202585
0.00726351
0.0139476
0.0137502
0.0145721
-0.0224105
-0.0482887
-0.0644398
-0.0700717
-0.0648069
-0.0550769
-0.0483409
-0.0462452
-0.0457397
-0.0433029
-0.0370283
-0.027114
-0.015456
-0.00658862
-0.00538775
-0.0103577
-0.0422345
-0.0621241
-0.0702975
-0.0707078
-0.0664379
-0.0625745
-0.0620613
-0.0629007
-0.0614375
-0.0555947
-0.0456397
-0.0338569
-0.0238105
-0.0195025
-0.0238819
-0.0336116
-0.0314077
-0.0491137
-0.0564236
-0.057376
-0.05414
-0.0505114
-0.049674
-0.0514717
-0.0527723
-0.0503391
-0.042971
-0.0322132
-0.021819
-0.0162087
-0.0183898
-0.024108
-0.0182836
-0.0339736
-0.0384848
-0.0387002
-0.0362918
-0.033788
-0.033867
-0.0371606
-0.0412923
-0.0424337
-0.038026
-0.0287694
-0.0185495
-0.0122738
-0.0127705
-0.0129206
-0.00643774
-0.0194556
-0.0201867
-0.0187206
-0.0165936
-0.0154257
-0.0172115
-0.0223991
-0.0292451
-0.033923
-0.032776
-0.0255185
-0.015965
-0.00947403
-0.00866945
-0.0034632
0.00289796
-0.00642831
-0.00358084
-0.000176825
0.00234384
0.00290421
0.000150595
-0.00628681
-0.0151314
-0.0228797
-0.0252077
-0.0207637
-0.0128154
-0.00680479
-0.00502826
0.00352156
0.00919607
0.00440352
0.00990806
0.0150795
0.0185064
0.0194996
0.017129
0.0109303
0.0017226
-0.00764686
-0.0129305
-0.0119219
-0.00682768
-0.00241585
-0.000664761
0.00811992
0.0132105
0.0127586
0.0195149
0.0257821
0.0302763
0.032451
0.0316973
0.0274323
0.019867
0.0108806
0.00398025
0.00170383
0.00317897
0.00494374
0.00555621
0.0117409
0.0163396
0.0183068
0.024747
0.0311267
0.0363047
0.039907
0.0414785
0.040326
0.0360287
0.0293503
0.0227129
0.018402
0.0164954
0.0151687
0.0137865
0.0161979
0.0196864
0.0205243
0.0252901
0.0307013
0.0358675
0.0406147
0.0445587
0.046874
0.0465836
0.0436003
0.039116
0.034691
0.0308314
0.0268734
0.0230148
0.0225256
0.0228404
0.0186617
0.0209319
0.0245129
0.0288974
0.0341941
0.0399872
0.0453517
0.0490127
0.0502224
0.0491879
0.0465975
0.0427749
0.0374093
0.0309705
0.0295316
0.0229832
0.0116651
0.0114036
0.0129619
0.0161217
0.0212302
0.0279002
0.0353011
0.0420755
0.0471346
0.0499643
0.0504214
0.0483136
0.0429734
0.0344379
0.0335452
0.0167103
-0.00115664
-0.00355111
-0.00333509
-0.00117175
0.00333808
0.00985267
0.0178798
0.0263545
0.0341428
0.0403199
0.0440565
0.0445259
0.040372
0.0305544
0.0301117
0.00209245
-0.0196716
-0.0237763
-0.0236445
-0.0215967
-0.0181673
-0.0131095
-0.00604376
0.00272693
0.0122448
0.021214
0.0280806
0.0312607
0.0281986
0.0182171
0.0166286
-0.0170836
-0.0399936
-0.0459881
-0.045637
-0.0429342
-0.0411186
-0.0391263
-0.0342823
-0.0256074
-0.0142954
-0.00248125
0.00735312
0.0127703
0.0114696
0.00163556
-0.00338076
-0.0125504
-0.0390851
-0.0538308
-0.0588675
-0.054848
-0.0473314
-0.0409561
-0.036389
-0.0321231
-0.0264888
-0.0185822
-0.00871731
0.000830347
0.0067253
0.00478098
0.000932364
-0.0248591
-0.0499835
-0.0647333
-0.0700573
-0.0656373
-0.0575773
-0.051584
-0.0491361
-0.0474562
-0.0431595
-0.034743
-0.0231713
-0.0114968
-0.00406517
-0.0049248
-0.0121428
-0.0363135
-0.0553843
-0.0620606
-0.0615051
-0.0566574
-0.0523826
-0.0517228
-0.0531313
-0.0524643
-0.0469319
-0.0367446
-0.0247613
-0.0152382
-0.0121354
-0.0174254
-0.025212
-0.0180078
-0.0366513
-0.041422
-0.0409306
-0.0374
-0.0341895
-0.0342622
-0.0373517
-0.0399025
-0.0379075
-0.0300511
-0.018805
-0.00870421
-0.00428471
-0.00747823
-0.00898443
-0.000669862
-0.018218
-0.0197571
-0.0181046
-0.0150405
-0.0127664
-0.0138204
-0.018542
-0.024371
-0.0265285
-0.0220562
-0.0124284
-0.00254661
0.00246281
0.00084985
0.00592867
0.0117957
-0.00307692
-0.000916396
0.00276557
0.00622431
0.00799423
0.00609557
-5.71093e-05
-0.00860658
-0.0149954
-0.0147005
-0.00774966
0.00102998
0.00600545
0.00562161
0.0156336
0.018597
0.00789152
0.0132466
0.0187636
0.0231036
0.0251676
0.0233858
0.0169719
0.00703045
-0.00260298
-0.00658693
-0.00334861
0.00321282
0.00734971
0.00772156
0.0197063
0.0200955
0.0144536
0.0216875
0.028529
0.0337339
0.0366967
0.0361611
0.031106
0.0218318
0.0111258
0.00393283
0.00303149
0.00624304
0.00851272
0.00864666
0.0190986
0.0181342
0.0171361
0.0246296
0.0318092
0.037626
0.0417286
0.0431933
0.0408355
0.0341942
0.0248236
0.0164652
0.0122666
0.011524
0.0111015
0.0100669
0.0164388
0.0151816
0.0165057
0.0227693
0.029262
0.0351626
0.0403107
0.0439995
0.0449651
0.0421277
0.0359327
0.0286953
0.0229541
0.019157
0.0158724
0.0129679
0.0147738
0.0131133
0.0127453
0.0167534
0.0217494
0.0271911
0.0331078
0.0387559
0.04298
0.0441589
0.042075
0.0377932
0.0328112
0.0278154
0.0224082
0.017217
0.0160973
0.011693
0.00553351
0.00685583
0.00997789
0.0144808
0.0210472
0.0281899
0.0348488
0.0396197
0.0417332
0.0413436
0.0389928
0.0348711
0.0286673
0.0211125
0.0192022
0.00793863
-0.00570377
-0.0069511
-0.00538323
-0.00126906
0.00524544
0.013077
0.0211954
0.028516
0.0341641
0.037671
0.0387063
0.0367999
0.031029
0.0214362
0.0197802
-0.001236
-0.0208655
-0.0243747
-0.0235842
-0.0195082
-0.0130687
-0.00524153
0.00316442
0.0116894
0.0196696
0.0262986
0.0305176
0.031147
0.026515
0.0156966
0.0132859
-0.0166906
-0.0388426
-0.0441134
-0.0431181
-0.0383732
-0.032223
-0.0256062
-0.0182004
-0.00967428
-0.000363856
0.00860657
0.0155046
0.0183314
0.0147249
0.00359553
-0.00165046
-0.033499
-0.0553266
-0.0619403
-0.0604262
-0.0546539
-0.0492219
-0.0450642
-0.0397787
-0.0318831
-0.0216183
-0.0107038
-0.0016878
0.00293358
0.000535659
-0.0102687
-0.0193446
-0.0234635
-0.0479345
-0.061508
-0.0651025
-0.0600712
-0.0522841
-0.0460963
-0.0417623
-0.0373961
-0.0312379
-0.0226062
-0.0124357
-0.00338095
0.00096183
-0.00289548
-0.0108099
-0.0180181
-0.0395033
-0.0496928
-0.0527253
-0.0497492
-0.0447476
-0.0415242
-0.0405265
-0.0390037
-0.0341905
-0.025367
-0.0141952
-0.00427183
0.000602005
-0.00212337
-0.00683255
-0.0197507
-0.0380012
-0.0408519
-0.0385454
-0.0337405
-0.0301462
-0.0301366
-0.0326605
-0.0336142
-0.0299366
-0.0216004
-0.0111117
-0.00320605
-0.00144745
-0.00695773
-0.00866422
0.00338467
-0.0162547
-0.0174646
-0.0150303
-0.0110914
-0.00831144
-0.00929252
-0.0134476
-0.0175
-0.0172044
-0.0109397
-0.00146854
0.00716468
0.0103835
0.00706228
0.0124015
0.0237839
0.00428871
0.00528434
0.00824505
0.0116542
0.0136755
0.0120879
0.00686067
-8.36284e-05
-0.0033474
-0.000570601
0.00710801
0.0154343
0.0194414
0.0180556
0.0297373
0.0369953
0.0198765
0.0233046
0.027412
0.030763
0.0324286
0.0304913
0.0243293
0.0156865
0.0089006
0.00775881
0.0124693
0.0193592
0.0233997
0.0234975
0.0390279
0.0414125
0.0287198
0.0340203
0.0392507
0.0431633
0.0451929
0.0437387
0.0378249
0.0284433
0.0192183
0.0144056
0.0154538
0.0198135
0.0229907
0.023812
0.0396715
0.0368017
0.0296256
0.0359892
0.0420792
0.0469636
0.0501989
0.0503727
0.046198
0.0377266
0.0278079
0.0204459
0.0178596
0.0187986
0.0199784
0.0203174
0.0328309
0.0257499
0.0235104
0.0298787
0.0363612
0.042223
0.0471684
0.049911
0.0486928
0.0427793
0.0339978
0.0258725
0.0207064
0.0181505
0.0165129
0.0151867
0.0219411
0.0133318
0.0134606
0.0187314
0.024842
0.0311608
0.0376177
0.0430738
0.0453626
0.0429805
0.0368269
0.0296905
0.0236507
0.0188632
0.0145195
0.0108561
0.011942
0.00437131
0.00282358
0.00625746
0.0111154
0.0169807
0.0241097
0.0316255
0.0371226
0.0384398
0.0357102
0.0310264
0.0260754
0.0209204
0.0149836
0.00900599
0.00698519
-0.000463225
-0.00717861
-0.00586031
-0.00274852
0.00223555
0.00895978
0.0174371
0.0251923
0.0297438
0.0306054
0.0291578
0.0266128
0.022781
0.0167089
0.00888229
0.00677671
-0.00485196
-0.0177306
-0.0183986
-0.0167731
-0.0130267
-0.00657327
0.00175742
0.0105471
0.0173841
0.021381
0.0231791
0.0233961
0.0215884
0.0163114
0.0073147
0.00624122
-0.013107
-0.0299222
-0.0325332
-0.0315766
-0.0280321
-0.0221564
-0.0145
-0.00590426
0.00198278
0.0081832
0.0126558
0.0153398
0.0153815
0.0110895
0.00165166
-0.000144636
-0.0258924
-0.0434352
-0.0475927
-0.0464265
-0.0421048
-0.0365747
-0.0302724
-0.0230211
-0.0152549
-0.00775971
-0.00120591
0.0036408
0.00485298
0.00122566
-0.00823856
-0.0132214
-0.0381963
-0.0545615
-0.0594408
-0.0575406
-0.0520116
-0.0466181
-0.0422898
-0.0373699
-0.0306864
-0.0226335
-0.0145758
-0.00846868
-0.00571082
-0.00871658
-0.0180302
-0.0268287
-0.0252973
-0.0443629
-0.0537826
-0.0552771
-0.0508695
-0.0450989
-0.0411124
-0.0382511
-0.0345695
-0.0287945
-0.020857
-0.0122433
-0.00530088
-0.00314339
-0.00788048
-0.0158318
)
;

boundaryField
{
    patch0_half0
    {
        type            cyclic;
    }
    patch0_half1
    {
        type            cyclic;
    }
    patch1_half0
    {
        type            cyclic;
    }
    patch1_half1
    {
        type            cyclic;
    }
    patch2_half0
    {
        type            cyclic;
    }
    patch2_half1
    {
        type            cyclic;
    }
}


// ************************************************************************* //
