/*--------------------------------*- C++ -*----------------------------------*\
| =========                 |                                                 |
| \\      /  F ield         | OpenFOAM: The Open Source CFD Toolbox           |
|  \\    /   O peration     | Version:  3.0.0                                 |
|   \\  /    A nd           | Web:      www.OpenFOAM.org                      |
|    \\/     M anipulation  |                                                 |
\*---------------------------------------------------------------------------*/
FoamFile
{
    version     2.0;
    format      ascii;
    class       volScalarField;
    location    "300";
    object      p;
}
// * * * * * * * * * * * * * * * * * * * * * * * * * * * * * * * * * * * * * //

dimensions      [0 2 -2 0 0 0 0];

internalField   nonuniform List<scalar> 
10720
(
0.000224201
-80.7717
-175.432
-265.95
-346.581
-427.788
-497.417
-553.392
-600.465
-635.003
-659.143
-675.153
-684.278
-687.081
-683.985
-674.522
-659.901
-638.815
-612.504
-579.59
-541.175
-496.456
-447.744
-395.986
-344.727
-299.091
-257.984
-217.705
-177.941
-138.897
-100.365
-62.1809
-24.2217
13.7658
52.0455
91.7613
133.091
182
228.584
83.6977
160.309
245.687
328.155
401.807
462.338
505.814
529.739
537.2
534.064
521.387
502.249
480.987
459.573
438.759
418.609
399.411
380.942
363.013
345.192
327.44
309.463
291.341
273.435
257.524
244.651
233.874
224.85
217.592
212.163
208.488
206.454
205.977
207.056
209.692
214.271
221.289
234.314
257.068
148.602
86.4296
17.9285
-53.4709
-125.623
-198.418
-267.844
-331.774
-389.743
-439.995
-482.626
-517.716
-545.093
-564.939
-577.179
-581.97
-579.971
-570.705
-554.784
-531.615
-501.847
-465.251
-423.625
-378.184
-332.11
-289.804
-250.753
-212.053
-173.504
-135.406
-97.6397
-60.0761
-22.618
14.971
52.9424
92.4227
133.573
182.41
228.255
205.227
259.948
315.657
371.158
422.182
465.996
499.379
519.857
528.08
526.13
515.711
499.815
481.277
461.705
441.946
422.39
403.365
384.867
366.793
348.879
331.057
313.144
295.217
277.655
261.849
248.695
237.557
228.153
220.514
214.705
210.663
208.299
207.528
208.346
210.764
215.169
222.052
234.997
256.758
172.108
116.353
54.647
-12.6167
-81.2479
-150.43
-218.574
-282.79
-341.468
-393.735
-438.437
-475.144
-503.938
-525.284
-539.327
-546.359
-546.556
-539.803
-526.37
-506.08
-479.305
-446.146
-407.941
-366.024
-323.016
-282.532
-244.645
-207.101
-169.557
-132.283
-95.1986
-58.1875
-21.1698
16.0703
53.7709
93.0372
134.015
182.676
228.102
223.146
273.836
325.379
375.586
420.715
459.081
488.413
507.046
515.63
515.412
507.656
494.568
478.215
460.145
441.378
422.488
403.851
385.595
367.686
349.957
332.319
314.658
297.039
279.813
264.085
250.731
239.404
229.834
222.036
216.064
211.865
209.355
208.45
209.146
211.462
215.787
222.61
235.443
256.269
209.507
162.589
109.742
52.3492
-7.13877
-68.5391
-130.062
-189.786
-246.3
-298.485
-345.236
-385.906
-420.185
-447.959
-469.094
-483.416
-490.682
-490.781
-483.76
-469.579
-448.494
-420.787
-387.56
-350.215
-311.021
-273.066
-236.917
-200.913
-164.655
-128.42
-92.1928
-55.8816
-19.4269
17.3651
54.7157
93.6986
134.438
182.8
227.838
251.994
293.496
335.896
377.952
416.196
449.358
475.403
492.726
501.657
502.941
497.49
486.991
473.037
456.97
439.773
422.057
404.235
386.531
368.995
351.552
334.15
316.739
299.396
282.455
266.832
253.349
241.851
232.093
224.086
217.886
213.46
210.726
209.616
210.128
212.289
216.492
223.213
235.861
255.764
224.383
182.58
135.26
83.4492
29.557
-26.7672
-84.0226
-140.429
-194.884
-246.213
-293.251
-335.218
-371.505
-401.677
-425.422
-442.416
-452.501
-455.594
-451.677
-440.801
-423.138
-399.036
-369.403
-335.567
-299.489
-263.743
-229.136
-194.502
-159.435
-124.201
-88.8334
-53.254
-17.4119
18.8731
55.81
94.4427
134.871
182.827
227.332
262.365
299.269
337.024
374.37
408.257
437.887
461.549
477.912
487.104
489.593
486.132
477.972
466.326
452.296
436.77
420.36
403.509
386.507
369.482
352.443
335.384
318.305
301.301
284.688
269.233
255.692
244.058
234.141
225.955
219.562
214.939
212.017
210.732
211.087
213.116
217.207
223.823
236.262
255.229
235.862
198.812
156.595
110.38
62.2292
11.4576
-40.5147
-92.2737
-142.998
-191.589
-237.039
-278.577
-315.492
-347.203
-373.269
-393.304
-407.032
-414.19
-414.552
-408.065
-394.8
-375.07
-349.632
-319.715
-287.035
-253.774
-220.914
-187.751
-153.943
-119.751
-85.2656
-50.4373
-15.2297
20.5202
57.008
95.2414
135.295
182.729
226.586
269.494
302.006
335.462
368.762
399.081
425.874
447.627
463.186
472.524
475.946
474.112
467.96
458.419
446.375
432.596
417.644
401.957
385.853
369.515
353.023
336.418
319.746
303.123
286.855
271.601
258.049
246.311
236.259
227.91
221.331
216.51
213.393
211.923
212.108
213.988
217.951
224.443
236.628
254.647
241.71
208.257
170.015
128.098
84.485
38.2174
-9.4317
-57.2191
-104.581
-150.523
-194.157
-234.772
-271.612
-304.02
-331.453
-353.42
-369.437
-379.197
-382.389
-378.946
-368.919
-352.593
-330.611
-304.066
-274.441
-243.554
-212.441
-180.756
-148.231
-115.11
-81.5281
-47.4693
-12.9153
22.277
58.2863
96.08
135.697
182.491
225.609
272.101
301.365
331.598
361.772
389.3
413.822
434.03
448.878
458.247
462.382
461.852
457.383
449.703
439.51
427.445
413.996
399.567
384.482
368.959
353.125
337.07
320.878
304.688
288.799
273.79
260.29
248.493
238.338
229.849
223.098
218.09
214.784
213.132
213.147
214.877
218.706
225.06
236.951
254.021
244.952
214.578
179.757
141.613
102.006
59.8241
16.2461
-27.6441
-71.4709
-114.379
-155.588
-194.496
-230.391
-262.606
-290.55
-313.668
-331.426
-343.466
-349.406
-349.045
-342.339
-329.487
-311.004
-287.836
-261.268
-232.831
-203.57
-173.432
-142.246
-110.248
-77.6122
-44.357
-10.4842
24.1279
59.6332
96.9521
136.075
182.12
224.405
272.575
299.098
326.626
354.201
379.426
402.053
420.963
435.159
444.467
449.131
449.625
446.544
440.466
431.945
421.504
409.543
396.423
382.448
367.846
352.776
337.363
321.727
306.026
290.552
275.829
262.437
250.627
240.398
231.791
224.885
219.7
216.209
214.377
214.219
215.794
219.478
225.676
237.231
253.358
246.131
218.318
186.379
151.407
115.194
76.5424
36.5221
-3.88749
-44.4672
-84.4639
-123.22
-160.238
-194.861
-226.453
-254.423
-278.179
-297.146
-310.869
-318.915
-320.989
-316.999
-307.09
-291.674
-271.558
-247.834
-221.777
-194.382
-165.813
-135.997
-105.16
-73.5086
-41.0945
-7.93679
26.0643
61.039
97.852
136.433
181.633
222.995
271.455
295.717
321.001
346.408
369.696
390.721
408.514
422.107
431.286
436.324
437.618
435.665
430.946
423.902
414.953
404.422
392.611
379.792
366.183
351.958
337.268
322.257
307.097
292.081
277.689
264.46
252.683
242.416
233.718
226.676
221.327
217.659
215.648
215.317
216.732
220.261
226.287
237.467
252.658
246.025
220.413
190.967
158.758
125.498
89.9571
53.1292
15.8971
-21.6331
-58.7946
-95.0449
-129.98
-163.011
-193.573
-221.091
-244.967
-264.618
-279.546
-289.303
-293.505
-291.988
-284.812
-272.279
-255.056
-234.065
-210.358
-184.862
-157.893
-129.478
-99.8404
-69.2106
-37.6735
-5.26658
28.0891
62.5001
98.7731
136.776
181.044
221.413
269.378
291.711
315.08
338.634
360.265
379.908
396.719
409.739
418.748
424.036
425.945
424.902
421.319
415.557
407.955
398.762
388.225
376.573
364.001
350.684
336.783
322.457
307.893
293.375
279.359
266.347
254.652
244.384
235.623
228.466
222.967
219.13
216.945
216.441
217.691
221.055
226.89
237.659
251.922
245.027
221.319
194.039
164.234
133.554
100.746
66.7474
32.3589
-2.37805
-36.8848
-70.7165
-103.557
-134.882
-164.194
-190.965
-214.623
-234.584
-250.328
-261.38
-267.308
-267.868
-263.061
-253.099
-238.516
-220.076
-198.639
-175.039
-149.688
-122.696
-94.2905
-64.7169
-34.0909
-2.46948
30.2058
64.0175
99.7117
137.101
180.365
219.688
266.676
287.351
309.065
331.015
351.203
369.643
385.57
398.043
406.858
412.3
414.673
414.36
411.722
407.061
400.652
392.689
383.362
372.856
361.338
348.968
335.907
322.321
308.399
294.422
280.824
268.08
256.518
246.287
237.493
230.245
224.613
220.618
218.264
217.587
218.668
221.857
227.484
237.806
251.154
243.442
221.404
196.031
168.345
139.936
109.553
78.0832
46.2634
14.0782
-17.9569
-49.4767
-80.2407
-109.794
-137.712
-163.513
-186.662
-206.605
-222.814
-234.805
-242.13
-244.461
-241.742
-234.1
-221.946
-205.898
-186.65
-164.932
-141.208
-115.658
-88.5113
-60.0267
-30.3455
0.456289
32.416
65.5923
100.667
137.404
179.599
217.843
263.601
282.827
303.093
323.632
342.552
359.928
375.049
387.003
395.601
401.124
403.845
404.113
402.253
398.528
393.166
386.314
378.115
368.713
358.24
346.835
334.649
321.846
308.608
295.211
282.073
269.647
258.266
248.113
239.319
232.005
226.258
222.117
219.6
218.752
219.661
222.665
228.066
237.91
250.356
241.476
220.913
197.232
171.427
145.032
116.809
87.6014
58.098
28.2361
-1.52506
-30.8735
-59.6383
-87.4257
-113.876
-138.57
-161.018
-180.696
-197.093
-209.712
-218.121
-221.916
-220.99
-215.396
-205.438
-191.603
-174.44
-154.57
-132.47
-108.37
-82.5061
-55.1399
-26.4356
3.51213
34.7206
67.2243
101.636
137.683
178.751
215.891
260.312
278.267
297.247
316.534
334.325
350.749
365.131
376.589
384.958
390.502
393.478
394.204
392.983
390.049
385.595
379.734
372.573
364.215
354.759
344.319
333.027
321.034
308.515
295.736
283.098
271.035
259.883
249.849
241.088
233.736
227.894
223.621
220.95
219.934
220.667
223.476
228.634
237.972
249.532
239.271
220.023
197.857
173.734
149.14
122.852
95.677
68.2661
40.5167
12.8477
-14.4758
-41.3358
-67.398
-92.3597
-115.863
-137.468
-156.687
-173.037
-186.023
-195.233
-200.22
-200.819
-197.022
-189.039
-177.243
-162.053
-143.982
-123.492
-100.845
-76.28
-50.058
-22.361
6.69953
37.121
68.9137
102.621
137.933
177.826
213.839
256.927
273.747
291.583
309.744
326.522
342.082
355.783
366.771
374.898
380.422
383.578
384.663
383.964
381.694
378.022
373.037
366.816
359.431
350.951
341.457
331.061
319.896
308.123
295.993
283.89
272.234
261.355
251.482
242.79
235.428
229.514
225.125
222.308
221.128
221.683
224.288
229.185
237.993
248.685
236.929
218.864
198.063
175.456
152.478
127.932
102.594
77.0742
51.2505
25.5059
0.0613305
-25.0053
-49.4097
-72.9036
-95.177
-115.845
-134.463
-150.582
-163.722
-173.49
-179.417
-181.288
-179.047
-172.82
-162.882
-149.54
-133.203
-114.297
-93.0969
-69.8401
-44.7841
-18.1223
10.0191
39.6175
70.6608
103.62
138.154
176.828
211.699
253.524
269.325
286.128
303.273
319.133
333.903
346.971
357.512
365.393
370.862
374.139
375.503
375.229
373.515
370.512
366.296
360.92
354.431
346.869
338.289
328.778
318.447
307.438
295.981
284.445
273.234
262.672
253.001
244.412
237.07
231.109
226.62
223.669
222.329
222.705
225.096
229.718
237.975
247.819
234.523
217.53
197.965
176.733
155.214
132.248
108.575
84.7722
60.7049
36.7257
13.0178
-10.3706
-33.1964
-55.2585
-76.2973
-95.9734
-113.89
-129.634
-142.75
-152.86
-159.508
-162.424
-161.51
-156.83
-148.572
-136.947
-122.268
-104.91
-85.1416
-63.1964
-39.3232
-13.7215
13.47
42.2107
72.4659
104.634
138.344
175.764
209.479
250.157
265.037
280.902
297.12
312.145
326.187
338.665
348.782
356.414
361.801
365.154
366.731
366.801
365.549
363.118
359.571
354.948
349.274
342.568
334.86
326.21
316.707
306.469
295.703
284.76
274.028
263.823
254.392
245.943
238.653
232.668
228.099
225.026
223.533
223.729
225.899
230.229
237.921
246.937
232.105
216.088
197.65
177.672
157.478
135.949
113.79
91.5528
69.0907
46.7279
24.6248
2.80438
-18.5306
-39.2155
-59.036
-77.6967
-94.8445
-110.106
-123.057
-133.33
-140.501
-144.253
-144.457
-141.123
-134.37
-124.328
-111.219
-95.3586
-76.999
-56.3614
-33.6823
-9.16216
17.0512
44.9001
74.3287
105.663
138.507
174.64
207.189
246.863
260.906
275.913
291.28
305.542
318.909
330.832
340.547
347.929
353.217
356.607
358.345
358.691
357.825
355.88
352.913
348.955
344.017
338.1
331.212
323.391
314.699
305.23
295.166
284.836
274.613
264.8
255.647
247.372
240.164
234.183
229.554
226.373
224.734
224.751
226.692
230.717
237.832
246.044
229.714
214.59
197.187
178.353
159.372
139.153
118.379
97.5711
76.5791
55.7025
35.0816
14.7162
-5.21762
-24.592
-43.2264
-60.8674
-77.2071
-91.9062
-104.577
-114.864
-122.386
-126.79
-127.919
-125.745
-120.328
-111.731
-100.096
-85.6745
-68.6913
-49.35
-27.8705
-4.44924
20.7602
47.6848
76.2489
106.708
138.642
173.464
204.842
243.668
256.945
271.164
285.748
299.305
312.044
323.445
332.775
339.911
345.086
348.485
350.341
350.909
350.362
348.828
346.362
342.989
338.71
333.513
327.39
320.356
312.449
303.739
294.379
284.677
274.986
265.597
256.756
248.689
241.595
235.645
230.976
227.702
225.927
225.765
227.471
231.18
237.712
245.145
227.375
213.073
196.622
178.843
160.972
141.957
122.451
102.955
83.31
63.8004
44.547
25.5336
6.91017
-11.2204
-28.7128
-45.3478
-60.8589
-74.9426
-87.2466
-97.4305
-105.153
-110.045
-111.926
-110.737
-106.492
-99.2026
-88.9396
-75.8902
-60.2432
-42.1792
-21.8987
0.41062
24.5932
50.5631
78.2264
107.77
138.753
172.247
202.448
240.589
253.16
266.651
280.511
293.413
305.567
316.476
325.438
332.331
337.383
340.767
342.708
343.453
343.17
341.984
339.95
337.088
333.396
328.852
323.435
317.141
309.986
302.015
293.356
284.288
275.147
266.207
257.711
249.885
242.935
237.042
232.357
229.006
227.103
226.767
228.235
231.617
237.564
244.243
225.107
211.565
195.993
179.189
162.341
144.432
126.095
107.803
89.3976
71.1471
53.1583
35.3993
18.002
1.04436
-15.3564
-31.0123
-45.6918
-59.1273
-70.9987
-80.9856
-88.7821
-94.0198
-96.498
-96.1326
-92.9068
-86.7896
-77.7924
-66.0403
-51.6812
-34.8686
-15.7803
5.40908
28.5457
53.5327
80.2601
108.849
138.843
170.997
200.02
237.635
249.555
262.373
275.559
287.851
299.455
309.899
318.51
325.165
330.087
333.44
335.438
336.321
336.258
335.365
333.702
331.286
328.113
324.157
319.385
313.78
307.338
300.081
292.111
283.68
275.099
266.631
258.505
250.949
244.173
238.365
233.688
230.276
228.258
227.75
228.977
232.025
237.391
243.344
222.924
210.086
195.331
179.43
163.526
146.64
129.38
112.199
94.9366
77.8479
61.0259
44.4312
28.1755
12.3205
-3.04103
-17.7513
-31.6077
-44.3751
-55.7662
-65.4849
-73.2495
-78.7107
-81.648
-81.961
-79.6112
-74.5352
-66.6957
-56.1605
-43.034
-27.4399
-9.53056
10.5361
32.6113
56.5905
82.3494
109.948
138.917
169.726
197.573
234.816
246.131
258.32
270.878
282.599
293.687
303.692
311.967
318.39
323.176
326.485
328.518
329.51
329.626
328.982
327.635
325.608
322.893
319.462
315.277
310.308
304.536
297.963
290.663
282.862
274.849
266.866
259.135
251.876
245.302
239.606
234.958
231.505
229.383
228.71
229.695
232.404
237.195
242.451
220.832
208.651
194.656
179.595
164.566
148.628
132.366
116.21
100.007
83.991
68.2491
52.7328
37.5415
22.7199
8.33995
-5.46107
-18.5126
-30.6064
-41.486
-50.8809
-58.5278
-64.1081
-67.3848
-68.2447
-66.6382
-62.4789
-55.6891
-46.2864
-34.3313
-19.9167
-3.16674
15.7799
36.783
59.7323
84.493
111.069
138.98
168.444
195.121
232.132
242.883
254.485
266.455
277.642
288.244
297.833
305.785
311.982
316.631
319.885
321.935
323.011
323.274
322.839
321.764
320.074
317.762
314.799
311.143
306.757
301.61
295.684
289.031
281.849
274.402
266.916
259.597
252.659
246.313
240.754
236.159
232.684
230.47
229.639
230.384
232.752
236.98
241.57
218.84
207.27
193.985
179.707
165.492
150.435
135.098
119.894
104.669
89.6487
74.9072
60.393
46.1925
32.3378
18.8844
5.94917
-6.32143
-17.7462
-28.096
-37.126
-44.588
-50.1982
-53.7103
-55.0031
-54.018
-50.6565
-44.8105
-36.4532
-25.6044
-12.3238
3.29222
21.1268
41.0516
62.954
86.6896
112.213
139.037
167.163
192.677
229.584
239.81
250.861
262.28
272.963
283.106
292.3
299.944
305.92
310.432
313.623
315.676
316.817
317.201
316.941
316.099
314.7
312.74
310.191
307.012
303.157
298.587
293.27
287.236
280.655
273.769
266.784
259.891
253.294
247.199
241.801
237.282
233.803
231.513
230.533
231.04
233.067
236.749
240.705
216.947
205.95
193.33
179.785
166.328
152.093
137.617
123.295
108.979
94.8806
81.0674
67.4838
54.2067
41.2569
28.6759
16.5628
5.0431
-5.7232
-15.5347
-24.1702
-31.3965
-36.9638
-40.6218
-42.2462
-41.7729
-39.0996
-34.0957
-26.6964
-16.8853
-4.68808
9.82552
26.5628
45.4073
66.2491
88.9378
113.384
139.096
165.894
190.257
227.171
236.905
247.439
258.34
268.548
278.255
287.075
294.422
300.185
304.56
307.684
309.729
310.917
311.399
311.287
310.644
309.497
307.845
305.663
302.909
299.535
295.495
290.746
285.299
279.298
272.962
266.477
260.018
253.777
247.953
242.74
238.319
234.856
232.504
231.384
231.659
233.349
236.503
239.859
215.156
204.697
192.701
179.843
167.095
153.626
139.953
126.454
112.983
99.7407
86.7899
74.0719
61.654
49.5484
37.7874
26.4529
15.6528
5.527
-3.74651
-11.9676
-18.9211
-24.3857
-28.1142
-29.9813
-29.9235
-27.8372
-23.5773
-17.0492
-8.20405
2.96324
16.4122
32.07
49.8391
69.6123
91.2351
114.583
139.164
164.649
187.875
224.892
234.162
244.211
254.622
264.382
273.676
282.139
289.204
294.761
298.999
302.051
304.08
305.301
305.864
305.875
305.402
304.473
303.091
301.231
298.855
295.915
292.359
288.136
283.241
277.795
271.993
266.002
259.981
254.108
248.573
243.563
239.26
235.832
233.434
232.187
232.238
233.598
236.245
239.036
213.466
203.513
192.103
179.89
167.807
155.055
142.133
129.401
116.717
104.272
92.123
80.2107
68.5941
57.2772
46.285
35.6862
25.5723
16.0651
7.32363
-0.473645
-7.12617
-12.4418
-16.1783
-18.2135
-18.4852
-16.893
-13.2849
-7.54285
0.409031
10.6039
23.0276
37.632
54.3349
73.0351
93.5806
115.813
139.25
163.441
185.547
222.742
231.577
241.166
251.114
260.451
269.353
277.476
284.27
289.628
293.733
296.71
298.716
299.96
300.587
300.703
300.375
299.634
298.485
296.909
294.869
292.318
289.201
285.462
281.082
276.163
270.876
265.369
259.785
254.287
249.053
244.265
240.1
236.726
234.297
232.935
232.771
233.81
235.978
238.24
211.876
202.399
191.543
179.936
168.477
156.398
144.179
132.164
120.214
108.513
97.1101
85.9478
75.077
64.4978
54.2256
44.3201
34.8585
25.9467
17.7263
10.3555
4.02177
-1.10694
-4.80116
-6.93978
-7.46592
-6.28622
-3.24541
1.79199
8.9236
18.2062
29.6498
43.2292
58.8811
76.5115
95.9698
117.078
139.36
162.279
183.287
220.717
229.142
238.297
247.808
256.742
265.272
273.07
279.606
284.771
288.746
291.646
293.625
294.882
295.561
295.764
295.56
294.982
294.037
292.709
290.966
288.762
286.041
282.745
278.845
274.422
269.627
264.589
259.437
254.317
249.394
244.842
240.831
237.528
235.085
233.621
233.256
233.987
235.702
237.472
210.383
201.357
191.022
179.988
169.115
157.668
146.108
134.763
123.5
112.493
101.787
91.3227
81.1486
71.2573
61.6605
52.4077
43.564
35.222
27.5075
20.5619
14.5562
9.64291
6.03078
3.84185
3.1259
3.96687
6.51951
10.9289
17.3113
25.7421
36.2545
48.8436
63.4633
80.0316
98.4016
118.38
139.502
161.176
181.107
218.814
226.851
235.595
244.691
253.243
261.42
268.908
275.195
280.176
284.022
286.847
288.793
290.058
290.777
291.054
290.955
290.517
289.749
288.639
287.158
285.262
282.899
280.005
276.547
272.588
268.26
263.674
258.943
254.2
249.595
245.29
241.449
238.233
235.791
234.241
233.688
234.127
235.418
236.734
208.985
200.384
190.542
180.049
169.728
158.876
147.935
137.219
126.599
116.24
106.184
96.3725
86.8474
77.5999
68.6351
59.9948
51.7351
43.9366
36.7106
30.1844
24.5115
19.8327
16.3355
14.1383
13.2873
13.855
15.9895
19.8443
25.5456
33.186
42.8177
54.4545
68.068
83.5861
100.872
119.721
139.688
160.141
179.02
217.027
224.697
233.052
241.754
249.944
257.783
264.976
271.025
275.827
279.549
282.298
284.21
285.475
286.227
286.564
286.556
286.238
285.624
284.705
283.453
281.831
279.788
277.26
274.207
270.679
266.79
262.636
258.314
253.942
249.656
245.607
241.949
238.836
236.411
234.789
234.064
234.229
235.128
236.027
207.678
199.48
190.105
180.123
170.323
160.031
149.672
139.547
129.53
119.778
110.33
101.128
92.2089
83.5624
75.1891
67.1243
59.4154
52.1337
45.3765
39.2587
33.9186
29.4868
26.1284
23.9597
23.0194
23.3691
25.1496
28.5164
33.603
40.5139
49.3168
60.0425
72.6789
87.1665
103.376
121.104
139.921
159.187
177.038
215.353
222.674
230.66
238.988
246.832
254.351
261.261
267.081
271.712
275.313
277.987
279.862
281.123
281.9
282.289
282.358
282.144
281.663
280.909
279.86
278.481
276.722
274.523
271.841
268.712
265.233
261.488
257.56
253.55
249.583
245.794
242.328
239.33
236.938
235.26
234.381
234.292
234.831
235.351
206.46
198.643
189.71
180.212
170.904
161.141
151.331
141.76
132.309
123.126
114.247
105.614
97.2618
89.1773
81.3577
73.8327
66.6425
59.85
53.5417
47.8197
42.8089
38.6307
35.429
33.316
32.3246
32.505
33.9879
36.9274
41.4614
47.7021
55.7293
65.5883
77.2812
90.7613
105.912
122.53
140.212
158.32
175.172
213.785
220.776
228.411
236.382
243.898
251.111
257.75
263.352
267.818
271.303
273.901
275.739
276.993
277.789
278.22
278.354
278.23
277.864
277.255
276.384
275.218
273.712
271.81
269.463
266.7
263.603
260.243
256.689
253.031
249.377
245.85
242.584
239.714
237.368
235.65
234.635
234.314
234.527
234.706
205.326
197.871
189.358
180.318
171.474
162.211
152.918
143.869
134.95
126.3
117.954
109.854
102.032
94.4733
87.1717
80.1528
73.4509
67.1209
61.2398
55.8987
51.2109
47.2876
44.2557
42.2203
41.2084
41.2601
42.4951
45.0628
49.1023
54.7298
62.0342
71.0722
81.8596
94.3611
108.473
124
140.565
157.549
173.431
212.318
218.997
226.298
233.929
241.132
248.053
254.434
259.827
264.134
267.505
270.031
271.831
273.074
273.883
274.349
274.539
274.492
274.227
273.743
273.027
272.049
270.768
269.13
267.088
264.659
261.915
258.914
255.715
252.394
249.045
245.78
242.718
239.984
237.697
235.956
234.824
234.295
234.214
234.09
204.272
197.161
189.047
180.442
172.038
163.246
154.442
145.885
137.465
129.317
121.47
113.869
106.543
99.475
92.6586
86.1141
79.8711
73.9773
68.5017
63.526
59.1519
55.482
52.627
50.685
49.6776
49.6346
50.6648
52.911
56.5091
61.5782
68.212
76.4768
86.3987
97.955
111.055
125.516
140.986
156.882
171.822
210.949
217.33
224.313
231.621
238.525
245.167
251.301
256.492
260.648
263.91
266.364
268.125
269.355
270.174
270.669
270.906
270.926
270.746
270.372
269.791
268.979
267.897
266.495
264.726
262.602
260.181
257.513
254.647
251.647
248.594
245.586
242.73
240.14
237.924
236.174
234.946
234.234
233.893
233.501
203.295
196.511
188.775
180.583
172.596
164.251
155.908
147.815
139.866
132.189
124.81
117.677
110.814
104.206
97.8431
91.7428
85.9305
80.4474
75.3559
70.7286
66.6574
63.2366
60.5623
58.7253
57.7412
57.6312
58.4936
60.4622
63.6686
68.2305
74.2453
81.7846
90.8845
101.533
113.652
127.075
141.481
156.325
170.353
209.672
215.769
222.45
229.449
236.068
242.443
248.341
253.34
257.349
260.505
262.891
264.612
265.827
266.652
267.17
267.448
267.524
267.42
267.141
266.678
266.01
265.103
263.91
262.387
260.538
258.413
256.053
253.498
250.8
248.031
245.273
242.623
240.182
238.048
236.304
234.999
234.129
233.561
232.937
202.391
195.918
188.542
180.742
173.149
165.227
157.321
149.665
142.16
134.925
127.986
121.291
114.863
108.685
102.747
97.0628
91.6542
86.5577
81.8285
77.5323
73.7516
70.5731
68.0793
66.3546
65.4091
65.2553
65.9808
67.7103
70.5698
74.6732
80.118
86.9801
95.3028
105.083
116.259
128.677
142.052
155.881
169.028
208.482
214.309
220.702
227.406
233.752
239.874
245.544
250.36
254.228
257.282
259.6
261.282
262.481
263.309
263.846
264.158
264.283
264.243
264.046
263.685
263.144
262.391
261.384
260.08
258.48
256.623
254.545
252.277
249.864
247.363
244.848
242.401
240.112
238.068
236.344
234.982
233.979
233.217
232.394
201.555
195.379
188.346
180.918
173.7
166.178
158.684
151.443
144.354
137.537
131.01
124.727
118.706
112.931
107.389
102.095
97.0646
92.331
87.9433
83.9606
80.4571
77.5123
75.197
73.5888
72.6922
72.5128
73.1275
74.6522
77.2047
80.8945
85.8166
92.0492
99.6407
108.597
118.868
130.322
142.701
155.554
167.851
207.375
212.945
219.062
225.486
231.572
237.45
242.903
247.542
251.275
254.231
256.483
258.126
259.308
260.136
260.689
261.028
261.195
261.21
261.084
260.813
260.382
259.764
258.921
257.812
256.434
254.821
253
250.997
248.848
246.6
244.317
242.068
239.932
237.985
236.294
234.895
233.783
232.858
231.869
200.785
194.89
188.183
181.109
174.247
167.105
160.002
153.15
146.457
140.031
133.893
127.995
122.356
116.958
111.788
106.857
102.182
97.7885
93.722
90.0349
86.7948
84.0742
81.9332
80.4424
79.602
79.4113
79.9376
81.2866
83.5681
86.885
91.3296
96.9795
103.887
112.064
121.475
132.004
143.428
155.345
166.824
206.345
211.67
217.525
223.681
229.518
235.163
240.408
244.877
248.481
251.342
253.53
255.135
256.299
257.125
257.689
258.052
258.254
258.317
258.252
258.058
257.723
257.223
256.524
255.588
254.41
253.016
251.428
249.667
247.761
245.751
243.687
241.631
239.647
237.802
236.155
234.736
233.542
232.483
231.357
200.077
194.45
188.053
181.316
174.792
168.01
161.276
154.794
148.472
142.416
136.643
131.107
125.826
120.78
115.958
111.369
107.024
102.949
99.1842
95.7758
92.7845
90.2771
88.3047
86.9307
86.1515
85.9601
86.4158
87.6143
89.6566
92.6385
96.6479
101.76
108.03
115.475
124.071
133.721
144.233
155.256
165.948
205.389
210.481
216.085
221.984
227.583
233.006
238.052
242.358
245.838
248.607
250.733
252.3
253.445
254.267
254.84
255.222
255.454
255.558
255.546
255.418
255.166
254.769
254.197
253.414
252.413
251.215
249.838
248.297
246.615
244.825
242.968
241.095
239.261
237.523
235.93
234.508
233.253
232.089
230.855
199.426
194.055
187.954
181.537
175.333
168.893
162.51
156.376
150.406
144.697
139.268
134.072
129.126
124.41
119.914
115.643
111.608
107.831
104.348
101.201
98.445
96.1393
94.3287
93.0688
92.3526
92.1688
92.5686
93.638
95.4693
98.1506
101.764
106.383
112.061
118.822
126.65
135.468
145.114
155.284
165.22
204.503
209.372
214.737
220.39
225.762
230.972
235.827
239.977
243.337
246.018
248.083
249.613
250.738
251.555
252.134
252.532
252.789
252.927
252.96
252.89
252.709
252.402
251.941
251.292
250.449
249.425
248.237
246.896
245.418
243.831
242.167
240.469
238.781
237.152
235.621
234.211
232.917
231.674
230.359
198.83
193.702
187.883
181.771
175.871
169.755
163.704
157.9
152.261
146.881
141.774
136.898
132.266
127.86
123.667
119.694
115.948
112.45
109.231
106.329
103.793
101.678
100.021
98.8711
98.2185
98.0483
98.4039
99.3624
101.007
103.419
106.674
110.84
115.972
122.096
129.206
137.24
146.066
155.427
164.64
203.681
208.338
213.474
218.894
224.048
229.054
233.726
237.726
240.971
243.567
245.573
247.066
248.172
248.982
249.564
249.975
250.253
250.42
250.491
250.47
250.351
250.121
249.756
249.226
248.521
247.654
246.634
245.472
244.18
242.778
241.294
239.76
238.214
236.693
235.232
233.848
232.534
231.237
229.865
198.284
193.389
187.838
182.016
176.405
170.597
164.86
159.368
154.043
148.972
144.169
139.592
135.255
131.138
127.23
123.534
120.059
116.821
113.848
111.175
108.846
106.908
105.397
104.352
103.762
103.609
103.93
104.793
106.273
108.444
111.374
115.127
119.757
125.291
131.731
139.032
147.086
155.68
164.203
202.921
207.375
212.294
217.488
222.435
227.245
231.742
235.598
238.732
241.246
243.195
244.652
245.737
246.539
247.123
247.544
247.838
248.03
248.134
248.154
248.089
247.926
247.644
247.218
246.635
245.905
245.036
244.034
242.909
241.677
240.357
238.977
237.566
236.154
234.768
233.421
232.105
230.777
229.368
197.786
193.112
187.817
182.271
176.935
171.419
165.98
160.783
155.753
150.973
146.456
142.161
138.1
134.254
130.612
127.176
123.952
120.957
118.213
115.754
113.617
111.847
110.472
109.527
108.997
108.864
109.157
109.938
111.272
113.226
115.863
119.241
123.409
128.4
134.22
140.836
148.168
156.039
163.904
202.218
206.479
211.189
216.17
220.918
225.54
229.868
233.587
236.614
239.049
240.943
242.364
243.428
244.221
244.804
245.232
245.541
245.753
245.884
245.94
245.919
245.813
245.604
245.268
244.792
244.183
243.447
242.588
241.613
240.534
239.366
238.129
236.846
235.541
234.233
232.933
231.632
230.291
228.866
197.333
192.869
187.818
182.535
177.459
172.22
167.064
162.146
157.395
152.89
148.642
144.611
140.809
137.217
133.823
130.629
127.64
124.87
122.34
120.079
118.122
116.507
115.26
114.408
113.936
113.824
114.095
114.804
116.009
117.769
120.141
123.178
126.927
131.418
136.665
142.648
149.304
156.496
163.737
201.569
205.645
210.156
214.932
219.49
223.933
228.1
231.685
234.61
236.968
238.808
240.194
241.237
242.02
242.602
243.034
243.354
243.582
243.736
243.822
243.84
243.783
243.636
243.378
242.996
242.493
241.874
241.141
240.301
239.359
238.329
237.224
236.062
234.861
233.634
232.388
231.115
229.779
228.356
196.92
192.658
187.838
182.805
177.978
173.002
168.113
163.459
158.972
154.726
150.73
146.948
143.388
140.033
136.871
133.903
131.133
128.572
126.241
124.165
122.374
120.903
119.774
119.009
118.593
118.501
118.754
119.4
120.491
122.078
124.211
126.939
130.305
134.341
139.062
144.459
150.489
157.045
163.695
200.971
204.871
209.191
213.771
218.147
222.418
226.43
229.888
232.714
234.998
236.786
238.137
239.159
239.931
240.509
240.944
241.272
241.514
241.686
241.797
241.847
241.832
241.739
241.548
241.247
240.836
240.32
239.7
238.978
238.16
237.254
236.271
235.222
234.121
232.976
231.792
230.556
229.241
227.834
196.546
192.476
187.877
183.082
178.489
173.763
169.128
164.724
160.485
156.483
152.725
149.176
145.843
142.71
139.764
137.007
134.44
132.074
129.928
128.022
126.385
125.048
124.029
123.345
122.979
122.907
123.146
123.737
124.726
126.157
128.076
130.525
133.544
137.165
141.405
146.263
151.714
157.677
163.769
200.419
204.151
208.29
212.683
216.884
220.991
224.854
228.19
230.921
233.133
234.869
236.186
237.187
237.947
238.52
238.957
239.29
239.543
239.73
239.861
239.939
239.958
239.911
239.778
239.547
239.217
238.791
238.269
237.652
236.945
236.151
235.278
234.335
233.329
232.266
231.147
229.959
228.677
227.3
196.208
192.32
187.931
183.362
178.993
174.504
170.109
165.941
161.937
158.164
154.63
151.3
148.18
145.254
142.51
139.948
137.571
135.386
133.41
131.663
130.168
128.954
128.036
127.426
127.107
127.055
127.281
127.824
128.721
130.014
131.739
133.937
136.643
139.886
143.688
148.054
152.972
158.383
163.952
199.911
203.483
207.449
211.662
215.697
219.646
223.367
226.585
229.224
231.367
233.053
234.337
235.316
236.063
236.63
237.066
237.404
237.664
237.863
238.011
238.111
238.16
238.151
238.068
237.897
237.637
237.29
236.853
236.329
235.719
235.026
234.254
233.408
232.493
231.511
230.459
229.327
228.087
226.751
195.903
192.188
188
183.646
179.489
175.224
171.056
167.111
163.329
159.773
156.449
153.324
150.403
147.671
145.115
142.736
140.534
138.517
136.699
135.097
133.735
132.634
131.808
131.266
130.99
130.956
131.172
131.671
132.487
133.655
135.207
137.179
139.602
142.505
145.909
149.826
154.254
159.155
164.234
199.444
202.863
206.663
210.706
214.581
218.379
221.963
225.068
227.619
229.694
231.332
232.583
233.54
234.274
234.834
235.268
235.608
235.874
236.082
236.243
236.361
236.435
236.458
236.417
236.298
236.099
235.818
235.457
235.014
234.49
233.887
233.206
232.449
231.62
230.716
229.735
228.662
227.474
226.187
195.627
192.078
188.08
183.931
179.976
175.923
171.97
168.236
164.663
161.311
158.184
155.251
152.517
149.966
147.586
145.376
143.337
141.475
139.803
138.337
137.095
136.098
135.356
134.877
134.64
134.622
134.829
135.289
136.033
137.088
138.485
140.254
142.423
145.018
148.062
151.571
155.552
159.984
164.604
199.015
202.288
205.93
209.81
213.533
217.186
220.639
223.635
226.1
228.111
229.702
230.919
231.854
232.574
233.127
233.558
233.898
234.167
234.383
234.554
234.687
234.78
234.83
234.825
234.75
234.603
234.381
234.084
233.713
233.265
232.741
232.141
231.467
230.717
229.89
228.978
227.969
226.838
225.608
195.38
191.988
188.172
184.217
180.452
176.602
172.852
169.317
165.941
162.781
159.839
157.087
154.527
152.145
149.928
147.875
145.987
144.269
142.732
141.39
140.259
139.357
138.693
138.27
138.069
138.064
138.263
138.689
139.367
140.322
141.58
143.166
145.107
147.426
150.146
153.286
156.859
160.859
165.054
198.621
201.756
205.247
208.97
212.547
216.063
219.39
222.281
224.664
226.612
228.156
229.342
230.255
230.96
231.505
231.931
232.27
232.541
232.761
232.941
233.085
233.195
233.267
233.291
233.254
233.15
232.979
232.738
232.428
232.047
231.594
231.068
230.468
229.793
229.038
228.195
227.251
226.182
225.014
195.159
191.916
188.272
184.501
180.918
177.258
173.701
170.354
167.164
164.184
161.417
158.833
156.436
154.211
152.147
150.24
148.493
146.907
145.495
144.266
143.237
142.422
141.828
141.456
141.286
141.295
141.487
141.881
142.5
143.365
144.498
145.921
147.657
149.729
152.157
154.964
158.167
161.771
165.574
198.26
201.262
204.61
208.184
211.622
215.005
218.211
221.002
223.306
225.193
226.692
227.846
228.737
229.428
229.962
230.383
230.72
230.991
231.215
231.4
231.553
231.675
231.766
231.815
231.809
231.743
231.614
231.422
231.165
230.842
230.451
229.991
229.459
228.853
228.166
227.391
226.512
225.509
224.406
194.961
191.861
188.38
184.784
181.372
177.893
174.518
171.348
168.333
165.522
162.919
160.493
158.249
156.171
154.247
152.477
150.859
149.397
148.098
146.974
146.038
145.303
144.773
144.447
144.305
144.325
144.509
144.875
145.441
146.226
147.247
148.524
150.077
151.927
154.094
156.601
159.47
162.713
166.153
197.929
200.806
204.016
207.449
210.754
214.01
217.1
219.794
222.022
223.85
225.305
226.427
227.296
227.972
228.497
228.911
229.244
229.515
229.74
229.929
230.088
230.221
230.326
230.395
230.416
230.381
230.289
230.138
229.928
229.655
229.319
228.917
228.447
227.903
227.281
226.571
225.758
224.821
223.785
194.784
191.819
188.494
185.064
181.815
178.506
175.303
172.3
169.45
166.798
164.348
162.071
159.968
158.027
156.235
154.591
153.093
151.744
150.551
149.523
148.672
148.008
147.536
147.251
147.135
147.164
147.341
147.682
148.2
148.912
149.833
150.98
152.37
154.022
155.955
158.192
160.76
163.675
166.782
197.626
200.383
203.463
206.76
209.938
213.073
216.053
218.654
220.809
222.579
223.991
225.083
225.929
226.59
227.104
227.511
227.84
228.109
228.334
228.525
228.689
228.829
228.946
229.031
229.074
229.065
229.004
228.889
228.718
228.49
228.202
227.852
227.436
226.951
226.389
225.741
224.992
224.12
223.153
194.627
191.791
188.613
185.339
182.244
179.097
176.056
173.211
170.515
168.014
165.707
163.568
161.598
159.784
158.115
156.587
155.2
153.955
152.859
151.919
151.146
150.548
150.127
149.88
149.785
149.823
149.994
150.31
150.786
151.433
152.264
153.295
154.539
156.014
157.74
159.736
162.032
164.65
167.451
197.349
199.992
202.948
206.116
209.173
212.193
215.066
217.578
219.662
221.376
222.747
223.808
224.633
225.278
225.781
226.181
226.504
226.77
226.994
227.185
227.352
227.498
227.624
227.723
227.783
227.796
227.761
227.676
227.539
227.349
227.103
226.799
226.433
226
225.494
224.905
224.218
223.412
222.513
194.488
191.773
188.735
185.61
182.66
179.666
176.777
174.08
171.53
169.169
166.997
164.987
163.142
161.446
159.89
158.471
157.186
156.037
155.03
154.171
153.469
152.93
152.556
152.342
152.267
152.312
152.476
152.771
153.207
153.796
154.548
155.474
156.589
157.908
159.447
161.228
163.28
165.629
168.153
197.096
199.631
202.469
205.514
208.456
211.365
214.136
216.562
218.578
220.239
221.569
222.6
223.404
224.032
224.524
224.916
225.234
225.496
225.717
225.909
226.077
226.226
226.358
226.468
226.543
226.574
226.56
226.501
226.393
226.236
226.027
225.763
225.442
225.057
224.602
224.068
223.44
222.698
221.866
194.365
191.765
188.859
185.875
183.062
180.212
177.467
174.91
172.497
170.267
168.221
166.332
164.602
163.017
161.566
160.247
159.057
157.997
157.071
156.286
155.648
155.163
154.831
154.646
154.589
154.639
154.797
155.073
155.474
156.01
156.69
157.525
158.525
159.703
161.077
162.667
164.501
166.607
168.878
196.865
199.298
202.024
204.952
207.784
210.587
213.261
215.605
217.555
219.164
220.455
221.457
222.238
222.851
223.331
223.714
224.026
224.284
224.502
224.692
224.861
225.012
225.149
225.266
225.353
225.399
225.403
225.365
225.282
225.154
224.977
224.749
224.467
224.125
223.718
223.235
222.664
221.982
221.216
194.257
191.766
188.984
186.133
183.449
180.735
178.126
175.7
173.415
171.309
169.38
167.605
165.982
164.499
163.146
161.92
160.817
159.838
158.988
158.27
157.69
157.255
156.961
156.802
156.759
156.814
156.967
157.224
157.594
158.083
158.7
159.452
160.349
161.404
162.631
164.05
165.689
167.577
169.619
196.655
198.99
201.609
204.427
207.154
209.857
212.437
214.703
216.59
218.149
219.401
220.374
221.135
221.731
222.2
222.574
222.879
223.131
223.346
223.534
223.702
223.854
223.994
224.117
224.213
224.271
224.29
224.27
224.208
224.104
223.955
223.759
223.511
223.209
222.845
222.41
221.891
221.268
220.565
194.161
191.773
189.109
186.383
183.822
181.235
178.753
176.45
174.286
172.296
170.477
168.807
167.285
165.897
164.635
163.494
162.471
161.568
160.786
160.129
159.604
159.212
158.952
158.817
158.787
158.846
158.993
159.234
159.575
160.022
160.582
161.261
162.067
163.012
164.109
165.376
166.842
168.534
170.369
196.463
198.706
201.225
203.937
206.565
209.171
211.663
213.854
215.68
217.19
218.405
219.35
220.09
220.67
221.127
221.492
221.79
222.037
222.248
222.432
222.598
222.751
222.892
223.02
223.122
223.19
223.221
223.216
223.172
223.089
222.964
222.795
222.579
222.312
221.987
221.597
221.127
220.559
219.915
194.077
191.786
189.234
186.626
184.179
181.712
179.35
177.163
175.112
173.229
171.513
169.941
168.512
167.213
166.035
164.973
164.025
163.19
162.471
161.871
161.394
161.042
160.813
160.699
160.681
160.743
160.884
161.11
161.425
161.834
162.343
162.957
163.683
164.531
165.512
166.645
167.956
169.473
171.121
196.288
198.445
200.868
203.48
206.014
208.529
210.936
213.055
214.822
216.285
217.464
218.382
219.101
219.666
220.11
220.466
220.757
220.998
221.204
221.386
221.549
221.701
221.843
221.973
222.08
222.156
222.197
222.204
222.176
222.11
222.006
221.861
221.673
221.437
221.148
220.798
220.373
219.858
219.27
194.004
191.804
189.356
186.859
184.52
182.166
179.916
177.837
175.892
174.111
172.491
171.01
169.668
168.451
167.35
166.361
165.481
164.71
164.049
163.5
163.067
162.752
162.551
162.454
162.447
162.511
162.647
162.859
163.151
163.527
163.991
164.547
165.201
165.963
166.842
167.856
169.029
170.39
171.87
196.128
198.204
200.537
203.055
205.499
207.928
210.254
212.304
214.014
215.433
216.577
217.468
218.167
218.716
219.148
219.495
219.778
220.013
220.215
220.392
220.553
220.703
220.844
220.976
221.087
221.168
221.218
221.235
221.219
221.169
221.083
220.959
220.795
220.588
220.331
220.017
219.635
219.167
218.633
193.94
191.826
189.476
187.083
184.845
182.596
180.452
178.474
176.628
174.941
173.41
172.015
170.753
169.612
168.584
167.662
166.846
166.133
165.525
165.023
164.63
164.348
164.171
164.091
164.092
164.159
164.29
164.49
164.761
165.106
165.53
166.034
166.626
167.311
168.1
169.008
170.059
171.28
172.61
195.983
197.982
200.23
202.66
205.019
207.366
209.614
211.599
213.255
214.63
215.74
216.606
217.285
217.819
218.239
218.576
218.851
219.081
219.277
219.451
219.608
219.755
219.896
220.028
220.142
220.227
220.283
220.309
220.303
220.266
220.196
220.091
219.948
219.765
219.538
219.257
218.913
218.491
218.006
193.884
191.85
189.592
187.296
185.153
183.003
180.957
179.074
177.32
175.722
174.274
172.958
171.771
170.701
169.739
168.88
168.122
167.462
166.902
166.444
166.088
165.835
165.681
165.616
165.625
165.693
165.82
166.008
166.26
166.579
166.966
167.425
167.961
168.579
169.288
170.103
171.046
172.142
173.337
195.852
197.778
199.947
202.293
204.572
206.841
209.016
210.938
212.541
213.875
214.953
215.794
216.453
216.972
217.381
217.708
217.976
218.199
218.39
218.559
218.714
218.858
218.997
219.129
219.244
219.333
219.393
219.425
219.429
219.403
219.346
219.257
219.133
218.973
218.771
218.521
218.212
217.83
217.391
193.835
191.876
189.704
187.499
185.444
183.386
181.432
179.638
177.97
176.453
175.084
173.842
172.724
171.719
170.818
170.018
169.313
168.703
168.187
167.768
167.445
167.22
167.086
167.034
167.05
167.119
167.242
167.42
167.655
167.95
168.305
168.724
169.21
169.769
170.408
171.14
171.987
172.973
174.047
195.732
197.592
199.685
201.953
204.157
206.352
208.457
210.319
211.871
213.166
214.214
215.031
215.67
216.174
216.571
216.89
217.15
217.367
217.553
217.717
217.868
218.009
218.146
218.277
218.393
218.483
218.547
218.585
218.596
218.579
218.534
218.458
218.352
218.211
218.032
217.809
217.533
217.189
216.792
193.793
191.903
189.811
187.69
185.717
183.746
181.878
180.165
178.578
177.138
175.84
174.667
173.613
172.669
171.825
171.078
170.422
169.858
169.383
169
168.708
168.507
168.391
168.352
168.373
168.444
168.563
168.732
168.952
169.225
169.552
169.936
170.378
170.884
171.46
172.12
172.882
173.77
174.737
195.624
197.421
199.445
201.639
203.772
205.897
207.935
209.741
211.243
212.502
213.521
214.314
214.935
215.424
215.81
216.119
216.372
216.583
216.763
216.923
217.07
217.208
217.342
217.472
217.587
217.679
217.746
217.788
217.805
217.796
217.76
217.697
217.605
217.482
217.324
217.125
216.878
216.568
216.21
193.755
191.93
189.911
187.869
185.972
184.08
182.293
180.656
179.145
177.775
176.546
175.437
174.441
173.552
172.762
172.064
171.454
170.931
170.494
170.144
169.88
169.701
169.602
169.574
169.601
169.673
169.788
169.949
170.156
170.41
170.712
171.064
171.467
171.927
172.449
173.044
173.731
174.532
175.404
195.526
197.265
199.224
201.351
203.417
205.478
207.452
209.203
210.653
211.879
212.873
213.642
214.244
214.72
215.095
215.395
215.641
215.845
216.021
216.176
216.319
216.454
216.585
216.713
216.827
216.92
216.989
217.034
217.055
217.053
217.026
216.973
216.894
216.786
216.647
216.47
216.249
215.97
215.647
193.723
191.956
190.005
188.034
186.208
184.389
182.676
181.111
179.67
178.364
177.201
176.153
175.211
174.373
173.631
172.98
172.412
171.927
171.524
171.204
170.966
170.808
170.724
170.705
170.738
170.811
170.923
171.076
171.272
171.509
171.789
172.113
172.482
172.901
173.375
173.914
174.535
175.258
176.045
195.438
197.123
199.024
201.088
203.092
205.093
207.008
208.706
210.1
211.296
212.266
213.013
213.597
214.06
214.425
214.716
214.955
215.153
215.324
215.475
215.613
215.744
215.873
215.999
216.112
216.205
216.275
216.322
216.348
216.351
216.332
216.288
216.22
216.126
216.002
215.845
215.647
215.397
215.106
193.695
191.983
190.094
188.19
186.428
184.676
183.031
181.53
180.155
178.908
177.807
176.813
175.919
175.129
174.434
173.826
173.297
172.847
172.477
172.185
171.971
171.831
171.761
171.752
171.789
171.863
171.973
172.12
172.305
172.527
172.788
173.087
173.426
173.809
174.241
174.73
175.292
175.948
176.66
195.358
196.994
198.838
200.844
202.789
204.734
206.593
208.242
209.592
210.761
211.706
212.429
212.995
213.445
213.799
214.082
214.313
214.506
214.671
214.818
214.952
215.08
215.206
215.329
215.441
215.533
215.604
215.654
215.682
215.69
215.677
215.641
215.583
215.5
215.391
215.252
215.075
214.85
214.588
193.672
192.01
190.18
188.336
186.635
184.946
183.364
181.921
180.606
179.415
178.368
177.415
176.561
175.818
175.171
174.602
174.109
173.693
173.353
173.088
172.895
172.774
172.717
172.716
172.758
172.833
172.941
173.082
173.258
173.467
173.711
173.989
174.302
174.653
175.047
175.493
176.004
176.599
177.244
195.287
196.878
198.668
200.619
202.504
204.394
206.197
207.797
209.12
210.279
211.196
211.889
212.437
212.875
213.219
213.493
213.717
213.904
214.064
214.206
214.337
214.461
214.584
214.704
214.814
214.906
214.977
215.028
215.059
215.071
215.062
215.034
214.984
214.912
214.815
214.691
214.533
214.331
214.096
193.653
192.027
190.238
188.443
186.793
185.16
183.647
182.27
181.04
179.908
178.978
178.035
177.174
176.452
175.827
175.273
174.792
174.389
174.061
173.806
173.623
173.509
173.459
173.462
173.506
173.582
173.688
173.826
173.996
174.196
174.429
174.693
174.989
175.318
175.687
176.103
176.578
177.131
177.729
195.235
196.792
198.545
200.45
202.28
204.115
205.836
207.346
208.57
209.802
210.73
211.409
211.954
212.393
212.737
213.009
213.232
213.418
213.577
213.718
213.847
213.971
214.093
214.213
214.323
214.415
214.486
214.539
214.572
214.586
214.581
214.556
214.511
214.446
214.358
214.244
214.099
213.912
213.695
193.638
192.041
190.285
188.531
186.926
185.347
183.901
182.593
181.459
180.379
179.601
178.644
177.749
177.034
176.42
175.867
175.384
174.981
174.655
174.402
174.22
174.108
174.059
174.064
174.108
174.183
174.287
174.423
174.588
174.78
175.009
175.264
175.547
175.862
176.214
176.608
177.058
177.581
178.144
195.193
196.722
198.443
200.306
202.083
203.859
205.487
206.909
208.007
209.343
210.303
210.979
211.527
211.975
212.324
212.599
212.824
213.011
213.172
213.314
213.444
213.568
213.691
213.812
213.924
214.017
214.089
214.143
214.177
214.193
214.19
214.168
214.127
214.066
213.983
213.876
213.739
213.563
213.358
193.623
192.053
190.33
188.614
187.051
185.523
184.138
182.891
181.839
180.8
180.159
179.204
178.286
177.581
176.983
176.437
175.958
175.558
175.236
174.986
174.808
174.699
174.652
174.658
174.703
174.778
174.881
175.015
175.176
175.361
175.585
175.831
176.103
176.403
176.738
177.111
177.537
178.03
178.559
195.153
196.656
198.346
200.17
201.898
203.62
205.163
206.516
207.489
208.901
209.893
210.564
211.111
211.563
211.917
212.194
212.42
212.609
212.77
212.912
213.043
213.168
213.291
213.413
213.526
213.619
213.693
213.747
213.783
213.8
213.799
213.78
213.742
213.685
213.608
213.508
213.379
213.213
213.021
193.609
192.064
190.37
188.69
187.166
185.683
184.351
183.159
182.177
181.17
180.641
179.706
178.783
178.092
177.512
176.978
176.506
176.113
175.798
175.555
175.381
175.276
175.233
175.242
175.289
175.364
175.466
175.598
175.756
175.934
176.153
176.391
176.651
176.938
177.256
177.61
178.012
178.477
178.973
195.115
196.594
198.256
200.044
201.727
203.401
204.87
206.169
207.028
208.479
209.498
210.167
210.709
211.163
211.519
211.798
212.025
212.213
212.375
212.517
212.648
212.773
212.897
213.019
213.132
213.226
213.301
213.356
213.393
213.411
213.412
213.395
213.36
213.308
213.236
213.142
213.021
212.865
212.685
193.595
192.073
190.405
188.756
187.266
185.824
184.538
183.392
182.466
181.483
181.042
180.144
179.234
178.56
178
177.484
177.025
176.642
176.336
176.101
175.935
175.835
175.797
175.81
175.858
175.935
176.036
176.167
176.322
176.494
176.708
176.939
177.188
177.462
177.765
178.1
178.48
178.919
179.385
195.08
196.537
198.174
199.93
201.576
203.207
204.612
205.869
206.628
208.083
209.119
209.788
210.325
210.778
211.135
211.414
211.641
211.829
211.99
212.132
212.263
212.388
212.511
212.634
212.747
212.842
212.917
212.973
213.01
213.03
213.033
213.018
212.986
212.937
212.87
212.782
212.669
212.523
212.355
193.581
192.078
190.433
188.811
187.349
185.941
184.692
183.585
182.701
181.735
181.357
180.512
179.634
178.983
178.445
177.949
177.507
177.138
176.844
176.619
176.462
176.371
176.339
176.356
176.408
176.486
176.588
176.717
176.87
177.037
177.247
177.47
177.709
177.971
178.259
178.578
178.937
179.351
179.788
195.049
196.488
198.105
199.832
201.448
203.042
204.395
205.618
206.29
207.717
208.759
209.43
209.961
210.41
210.766
211.046
211.272
211.459
211.62
211.762
211.892
212.016
212.14
212.262
212.375
212.47
212.545
212.602
212.64
212.661
212.665
212.653
212.624
212.578
212.516
212.434
212.328
212.191
212.034
193.568
192.078
190.449
188.847
187.408
186.027
184.806
183.729
182.874
181.92
181.583
180.805
179.977
179.354
178.839
178.368
177.947
177.595
177.315
177.104
176.958
176.876
176.852
176.874
176.93
177.01
177.113
177.243
177.394
177.557
177.764
177.981
178.211
178.463
178.738
179.041
179.381
179.773
180.185
195.024
196.45
198.053
199.758
201.352
202.913
204.225
205.419
206.015
207.386
208.42
209.095
209.621
210.063
210.417
210.696
210.921
211.108
211.268
211.409
211.539
211.663
211.786
211.908
212.021
212.116
212.192
212.248
212.287
212.309
212.315
212.304
212.278
212.236
212.177
212.101
212.002
211.874
211.727
193.555
192.07
190.448
188.858
187.432
186.07
184.869
183.814
182.978
182.033
181.719
181.021
180.258
179.67
179.18
178.735
178.339
178.008
177.745
177.549
177.417
177.347
177.332
177.361
177.422
177.506
177.61
177.74
177.89
178.05
178.253
178.464
178.686
178.928
179.191
179.48
179.802
180.173
180.558
195.006
196.427
198.023
199.715
201.296
202.829
204.109
205.273
205.799
207.088
208.102
208.782
209.306
209.743
210.093
210.37
210.594
210.779
210.938
211.078
211.208
211.331
211.454
211.576
211.689
211.785
211.86
211.918
211.957
211.98
211.987
211.978
211.954
211.915
211.861
211.789
211.696
211.576
211.439
193.541
192.056
190.435
188.847
187.425
186.071
184.879
183.839
183.013
182.075
181.771
181.161
180.474
179.925
179.462
179.046
178.677
178.368
178.125
177.945
177.828
177.77
177.766
177.805
177.872
177.962
178.071
178.204
178.356
178.515
178.716
178.925
179.142
179.376
179.63
179.907
180.216
180.571
180.939
194.992
196.413
198.009
199.696
201.273
202.785
204.049
205.178
205.637
206.822
207.803
208.485
209.009
209.444
209.794
210.073
210.297
210.481
210.639
210.779
210.907
211.03
211.152
211.274
211.388
211.483
211.559
211.616
211.657
211.68
211.688
211.681
211.659
211.622
211.571
211.504
211.416
211.302
211.173
193.529
192.041
190.417
188.827
187.404
186.051
184.856
183.821
182.988
182.049
181.748
181.231
180.624
180.116
179.682
179.297
178.958
178.676
178.455
178.295
178.195
178.153
178.161
178.208
178.281
178.375
178.486
178.62
178.772
178.929
179.127
179.331
179.542
179.769
180.014
180.281
180.575
180.911
181.252
194.981
196.404
198.003
199.692
201.272
202.772
204.041
205.132
205.52
206.589
207.53
208.21
208.73
209.157
209.506
209.787
210.016
210.205
210.366
210.508
210.639
210.763
210.886
211.01
211.125
211.221
211.298
211.356
211.397
211.421
211.43
211.423
211.402
211.367
211.318
211.253
211.168
211.059
210.933
193.516
192.009
190.366
188.761
187.326
185.965
184.763
183.73
182.88
181.947
181.664
181.242
180.711
180.24
179.833
179.476
179.164
178.904
178.705
178.567
178.488
178.465
178.492
178.556
178.643
178.749
178.871
179.015
179.175
179.339
179.541
179.747
179.959
180.184
180.426
180.687
180.975
181.307
181.649
194.988
196.431
198.05
199.755
201.346
202.841
204.115
205.131
205.429
206.379
207.293
207.99
208.516
208.936
209.274
209.546
209.769
209.955
210.115
210.258
210.391
210.518
210.646
210.773
210.891
210.991
211.071
211.132
211.176
211.203
211.214
211.209
211.19
211.157
211.109
211.046
210.964
210.858
210.734
193.499
191.918
190.198
188.529
187.046
185.655
184.442
183.424
182.588
181.751
181.544
181.221
180.748
180.306
179.933
179.611
179.329
179.094
178.915
178.794
178.731
178.721
178.757
178.825
178.915
179.023
179.147
179.291
179.45
179.611
179.812
180.015
180.223
180.444
180.68
180.934
181.212
181.526
181.833
195.047
196.56
198.25
200.013
201.635
203.118
204.342
205.171
205.341
206.135
207.005
207.738
208.313
208.768
209.129
209.417
209.649
209.838
209.997
210.137
210.266
210.388
210.511
210.634
210.749
210.846
210.921
210.979
211.018
211.041
211.049
211.041
211.02
210.985
210.937
210.874
210.792
210.688
210.568
193.483
191.788
189.949
188.173
186.609
185.166
183.933
182.937
182.157
181.521
181.431
181.185
180.727
180.278
179.911
179.612
179.358
179.151
179.001
178.913
178.886
178.915
178.99
179.096
179.217
179.35
179.496
179.662
179.843
180.03
180.241
180.456
180.676
180.906
181.149
181.407
181.691
182.017
182.348
195.139
196.753
198.547
200.399
202.071
203.543
204.667
205.227
205.252
205.823
206.557
207.248
207.833
208.317
208.712
209.035
209.301
209.522
209.712
209.88
210.034
210.181
210.328
210.475
210.61
210.725
210.816
210.886
210.935
210.964
210.976
210.97
210.949
210.912
210.861
210.793
210.706
210.593
210.468
312.475
310.662
308.399
305.736
302.47
298.552
293.982
288.798
283.11
277.097
270.96
264.865
258.917
253.162
247.616
242.285
237.168
232.265
227.576
223.101
218.834
214.774
210.915
207.251
203.776
200.482
197.364
194.414
191.63
189.008
186.547
184.246
182.103
180.119
178.294
176.629
175.123
173.775
172.585
171.549
170.666
169.932
169.341
168.888
168.567
168.37
168.288
168.315
168.44
168.654
168.947
169.31
169.734
170.209
170.727
171.278
171.855
172.451
173.059
173.672
174.285
174.893
175.492
176.078
176.648
177.199
177.727
178.17
178.555
178.941
179.328
179.715
180.093
180.47
180.82
181.19
181.48
181.877
182.035
182.562
312.144
308.651
304.873
300.97
296.998
293.025
289.105
285.263
281.516
277.875
274.353
270.959
267.703
264.593
261.635
258.836
256.197
253.72
251.404
249.248
247.246
245.393
243.684
242.109
240.662
239.333
238.113
236.993
235.966
235.021
234.152
233.349
232.607
231.917
231.273
230.668
230.095
229.55
229.026
228.517
228.02
227.528
227.038
226.547
226.05
225.546
225.033
224.508
223.973
223.425
222.867
222.297
221.719
221.133
220.542
219.947
219.352
218.758
218.169
217.587
217.014
216.452
215.906
215.375
214.863
214.37
213.901
213.516
213.191
212.864
212.539
212.219
211.907
211.609
211.329
211.072
210.839
210.644
210.482
210.377
243.493
243.032
242.682
242.371
242.036
241.678
241.269
240.758
240.093
239.231
238.146
236.834
235.301
233.559
231.624
229.514
227.25
224.856
222.355
219.768
217.119
214.429
211.72
209.009
206.316
203.661
201.059
198.524
196.069
193.703
191.435
189.272
187.218
185.28
183.461
181.765
180.196
178.755
177.445
176.267
175.22
174.305
173.518
172.86
172.325
171.909
171.607
171.412
171.319
171.32
171.407
171.571
171.806
172.101
172.449
172.842
173.272
173.732
174.214
174.712
175.22
175.733
176.246
176.754
177.253
177.742
178.213
178.612
178.96
179.311
179.664
180.019
180.368
180.718
181.044
181.392
181.663
182.041
182.193
182.701
243.772
244.04
244.595
245.081
245.484
245.793
245.999
246.1
246.095
245.987
245.778
245.473
245.075
244.59
244.025
243.388
242.687
241.932
241.134
240.303
239.449
238.584
237.717
236.857
236.013
235.189
234.393
233.628
232.896
232.2
231.538
230.912
230.319
229.756
229.222
228.713
228.226
227.757
227.303
226.86
226.425
225.994
225.565
225.133
224.697
224.254
223.803
223.341
222.869
222.385
221.89
221.384
220.868
220.344
219.812
219.275
218.735
218.194
217.654
217.119
216.59
216.069
215.56
215.064
214.584
214.121
213.679
213.315
213.006
212.697
212.388
212.082
211.785
211.5
211.232
210.983
210.757
210.567
210.411
210.309
222.725
222.327
221.932
221.54
221.111
220.642
220.131
219.576
218.978
218.342
217.674
216.982
216.269
215.535
214.768
213.958
213.093
212.16
211.151
210.06
208.883
207.619
206.27
204.841
203.339
201.772
200.151
198.487
196.794
195.086
193.378
191.683
190.015
188.386
186.809
185.294
183.85
182.486
181.209
180.025
178.94
177.956
177.077
176.304
175.638
175.076
174.618
174.261
174
173.83
173.747
173.744
173.814
173.951
174.147
174.396
174.689
175.021
175.383
175.771
176.177
176.596
177.023
177.454
177.882
178.306
178.72
179.074
179.385
179.698
180.017
180.339
180.657
180.979
181.28
181.603
181.858
182.213
182.361
182.847
223.02
223.293
223.593
223.883
224.206
224.554
224.924
225.312
225.712
226.12
226.529
226.933
227.326
227.702
228.054
228.377
228.664
228.911
229.113
229.267
229.37
229.422
229.422
229.373
229.275
229.134
228.952
228.736
228.49
228.22
227.929
227.624
227.308
226.985
226.657
226.325
225.993
225.659
225.324
224.988
224.65
224.307
223.961
223.607
223.247
222.877
222.497
222.105
221.702
221.287
220.859
220.42
219.969
219.508
219.037
218.56
218.077
217.591
217.103
216.617
216.134
215.656
215.187
214.729
214.283
213.851
213.437
213.096
212.807
212.515
212.224
211.935
211.654
211.383
211.126
210.889
210.672
210.489
210.338
210.236
223.154
222.908
222.649
222.38
222.085
221.74
221.33
220.839
220.25
219.558
218.765
217.885
216.935
215.934
214.896
213.827
212.731
211.61
210.466
209.3
208.113
206.905
205.675
204.422
203.146
201.845
200.52
199.171
197.801
196.414
195.015
193.609
192.204
190.809
189.431
188.081
186.767
185.499
184.285
183.134
182.052
181.045
180.119
179.279
178.526
177.863
177.292
176.81
176.418
176.112
175.89
175.747
175.678
175.678
175.741
175.862
176.033
176.249
176.502
176.787
177.099
177.43
177.776
178.132
178.493
178.856
179.215
179.525
179.8
180.08
180.366
180.657
180.946
181.241
181.518
181.818
182.055
182.391
182.531
182.999
223.358
223.545
223.712
223.866
224.009
224.136
224.251
224.352
224.442
224.52
224.589
224.65
224.704
224.753
224.798
224.839
224.878
224.916
224.951
224.983
225.012
225.035
225.051
225.059
225.055
225.038
225.006
224.957
224.891
224.806
224.703
224.582
224.444
224.289
224.12
223.937
223.741
223.533
223.315
223.087
222.848
222.6
222.341
222.071
221.79
221.497
221.191
220.872
220.54
220.194
219.834
219.46
219.074
218.676
218.267
217.848
217.422
216.99
216.554
216.116
215.679
215.244
214.815
214.393
213.981
213.58
213.195
212.876
212.605
212.331
212.057
211.784
211.518
211.26
211.016
210.79
210.584
210.409
210.263
210.158
219.312
219.069
218.821
218.583
218.346
218.101
217.837
217.545
217.214
216.831
216.385
215.871
215.29
214.644
213.939
213.18
212.367
211.501
210.583
209.615
208.598
207.538
206.437
205.3
204.131
202.934
201.714
200.474
199.22
197.954
196.681
195.405
194.131
192.864
191.608
190.37
189.155
187.97
186.822
185.718
184.663
183.664
182.728
181.858
181.059
180.334
179.687
179.119
178.63
178.22
177.888
177.631
177.446
177.33
177.277
177.285
177.346
177.455
177.608
177.798
178.019
178.266
178.534
178.819
179.114
179.417
179.72
179.988
180.227
180.472
180.726
180.986
181.246
181.513
181.765
182.043
182.261
182.577
182.707
183.159
219.498
219.653
219.812
219.976
220.14
220.305
220.469
220.63
220.789
220.942
221.09
221.23
221.361
221.483
221.593
221.692
221.779
221.855
221.918
221.97
222.011
222.042
222.064
222.077
222.083
222.082
222.073
222.059
222.037
222.008
221.971
221.925
221.871
221.806
221.731
221.644
221.546
221.436
221.314
221.179
221.031
220.871
220.697
220.509
220.308
220.092
219.861
219.615
219.354
219.077
218.786
218.479
218.157
217.822
217.474
217.115
216.745
216.368
215.983
215.595
215.204
214.813
214.425
214.041
213.664
213.295
212.94
212.644
212.391
212.136
211.878
211.623
211.371
211.129
210.898
210.683
210.488
210.321
210.181
210.074
214.444
214.226
213.999
213.78
213.56
213.338
213.111
212.87
212.609
212.322
212
211.638
211.233
210.786
210.3
209.78
209.228
208.642
208.021
207.363
206.665
205.926
205.146
204.323
203.459
202.555
201.613
200.635
199.625
198.588
197.526
196.447
195.353
194.252
193.148
192.047
190.955
189.878
188.823
187.794
186.798
185.842
184.93
184.068
183.26
182.512
181.827
181.207
180.655
180.172
179.758
179.413
179.136
178.923
178.773
178.682
178.645
178.659
178.719
178.82
178.956
179.123
179.315
179.529
179.758
180.001
180.249
180.473
180.676
180.886
181.105
181.333
181.562
181.801
182.027
182.28
182.478
182.774
182.893
183.326
214.603
214.733
214.875
215.021
215.173
215.331
215.495
215.665
215.84
216.021
216.206
216.395
216.587
216.782
216.978
217.174
217.369
217.561
217.749
217.931
218.106
218.273
218.43
218.576
218.711
218.834
218.944
219.043
219.128
219.202
219.263
219.312
219.35
219.375
219.388
219.39
219.379
219.355
219.318
219.267
219.203
219.124
219.03
218.921
218.796
218.655
218.498
218.324
218.133
217.926
217.701
217.461
217.204
216.932
216.645
216.345
216.033
215.71
215.379
215.041
214.698
214.352
214.006
213.662
213.321
212.987
212.662
212.391
212.158
211.922
211.684
211.446
211.212
210.985
210.768
210.567
210.383
210.224
210.09
209.982
211.419
211.239
211.05
210.861
210.668
210.471
210.271
210.067
209.85
209.616
209.358
209.068
208.742
208.377
207.975
207.54
207.076
206.586
206.072
205.533
204.968
204.376
203.756
203.107
202.43
201.722
200.985
200.217
199.421
198.596
197.744
196.867
195.969
195.052
194.121
193.18
192.234
191.288
190.348
189.42
188.508
187.62
186.76
185.934
185.147
184.405
183.711
183.069
182.482
181.953
181.484
181.075
180.726
180.438
180.207
180.033
179.913
179.843
179.82
179.839
179.896
179.988
180.108
180.254
180.42
180.604
180.797
180.977
181.143
181.318
181.502
181.696
181.894
182.103
182.302
182.529
182.706
182.981
183.088
183.502
211.558
211.68
211.81
211.944
212.082
212.226
212.374
212.526
212.683
212.844
213.01
213.18
213.355
213.533
213.715
213.901
214.09
214.282
214.477
214.673
214.87
215.067
215.263
215.458
215.649
215.835
216.015
216.189
216.353
216.509
216.654
216.788
216.91
217.019
217.115
217.198
217.267
217.322
217.363
217.389
217.399
217.395
217.374
217.337
217.284
217.213
217.125
217.02
216.896
216.755
216.596
216.42
216.226
216.016
215.789
215.548
215.293
215.025
214.747
214.459
214.165
213.865
213.562
213.258
212.956
212.656
212.365
212.119
211.907
211.692
211.474
211.256
211.039
210.829
210.628
210.44
210.268
210.119
209.992
209.883
209.33
209.179
209.018
208.856
208.688
208.513
208.336
208.158
207.975
207.785
207.581
207.359
207.111
206.833
206.521
206.175
205.799
205.395
204.966
204.514
204.039
203.539
203.014
202.464
201.889
201.289
200.663
200.013
199.339
198.641
197.92
197.177
196.414
195.633
194.835
194.024
193.202
192.374
191.542
190.712
189.888
189.076
188.279
187.503
186.754
186.036
185.353
184.71
184.11
183.557
183.054
182.601
182.202
181.856
181.562
181.321
181.131
180.989
180.893
180.84
180.826
180.848
180.902
180.984
181.089
181.216
181.356
181.493
181.623
181.762
181.911
182.072
182.238
182.417
182.588
182.789
182.945
183.197
183.292
183.684
209.451
209.562
209.679
209.8
209.926
210.057
210.192
210.332
210.477
210.626
210.78
210.938
211.1
211.267
211.437
211.611
211.788
211.968
212.151
212.336
212.524
212.713
212.903
213.094
213.286
213.477
213.667
213.855
214.041
214.222
214.399
214.57
214.733
214.889
215.035
215.172
215.297
215.41
215.51
215.596
215.668
215.726
215.768
215.793
215.803
215.795
215.769
215.726
215.665
215.586
215.488
215.373
215.239
215.087
214.919
214.735
214.535
214.321
214.095
213.858
213.611
213.357
213.098
212.835
212.572
212.308
212.05
211.831
211.641
211.448
211.25
211.052
210.855
210.662
210.477
210.304
210.145
210.005
209.886
209.777
207.544
207.415
207.277
207.137
206.99
206.837
206.678
206.517
206.353
206.188
206.016
205.835
205.64
205.425
205.186
204.918
204.622
204.299
203.952
203.583
203.194
202.784
202.353
201.899
201.423
200.922
200.398
199.851
199.28
198.686
198.071
197.433
196.776
196.1
195.406
194.698
193.976
193.245
192.506
191.763
191.02
190.28
189.548
188.827
188.123
187.439
186.78
186.151
185.554
184.994
184.473
183.995
183.561
183.174
182.833
182.539
182.291
182.09
181.932
181.816
181.739
181.698
181.691
181.714
181.762
181.834
181.923
182.018
182.113
182.217
182.332
182.459
182.593
182.742
182.884
183.059
183.193
183.421
183.504
183.874
207.649
207.747
207.85
207.957
208.069
208.185
208.307
208.433
208.565
208.701
208.843
208.989
209.141
209.297
209.459
209.625
209.795
209.97
210.149
210.331
210.517
210.706
210.897
211.09
211.285
211.48
211.676
211.872
212.067
212.26
212.451
212.639
212.823
213.002
213.175
213.342
213.501
213.651
213.791
213.921
214.039
214.143
214.235
214.311
214.373
214.419
214.448
214.459
214.454
214.43
214.389
214.329
214.251
214.155
214.042
213.911
213.765
213.603
213.428
213.24
213.041
212.832
212.616
212.395
212.17
211.943
211.719
211.527
211.36
211.188
211.013
210.835
210.658
210.484
210.316
210.159
210.013
209.883
209.772
209.663
206.057
205.945
205.827
205.706
205.579
205.445
205.305
205.16
205.011
204.86
204.707
204.55
204.385
204.209
204.018
203.806
203.57
203.309
203.024
202.718
202.393
202.049
201.689
201.31
200.912
200.494
200.056
199.598
199.118
198.618
198.097
197.555
196.994
196.413
195.815
195.2
194.57
193.927
193.273
192.611
191.944
191.275
190.607
189.943
189.288
188.646
188.019
187.413
186.831
186.276
185.752
185.262
184.808
184.393
184.018
183.685
183.393
183.142
182.933
182.763
182.631
182.535
182.472
182.44
182.435
182.456
182.497
182.551
182.612
182.681
182.763
182.857
182.959
183.077
183.192
183.339
183.45
183.655
183.724
184.072
206.148
206.234
206.325
206.42
206.519
206.623
206.731
206.844
206.962
207.084
207.212
207.344
207.482
207.625
207.772
207.925
208.083
208.247
208.415
208.587
208.765
208.947
209.132
209.322
209.515
209.71
209.908
210.108
210.308
210.509
210.71
210.91
211.108
211.303
211.494
211.682
211.863
212.039
212.207
212.367
212.518
212.658
212.787
212.904
213.007
213.097
213.171
213.23
213.272
213.298
213.306
213.297
213.27
213.225
213.163
213.083
212.987
212.875
212.748
212.608
212.455
212.291
212.118
211.938
211.752
211.562
211.372
211.208
211.064
210.915
210.761
210.605
210.449
210.294
210.145
210.003
209.871
209.752
209.649
209.54
204.851
204.755
204.653
204.548
204.438
204.322
204.199
204.071
203.938
203.801
203.66
203.518
203.372
203.221
203.061
202.889
202.7
202.49
202.257
202.003
201.729
201.437
201.129
200.806
200.466
200.11
199.737
199.346
198.937
198.509
198.063
197.599
197.117
196.616
196.099
195.565
195.016
194.452
193.876
193.289
192.694
192.092
191.486
190.88
190.277
189.679
189.091
188.515
187.955
187.415
186.898
186.408
185.946
185.515
185.119
184.757
184.431
184.143
183.891
183.677
183.498
183.353
183.241
183.16
183.106
183.08
183.074
183.09
183.118
183.155
183.203
183.265
183.335
183.423
183.509
183.629
183.717
183.897
183.952
184.277
204.931
205.007
205.088
205.172
205.261
205.353
205.45
205.551
205.656
205.766
205.881
206
206.124
206.253
206.388
206.527
206.671
206.821
206.975
207.135
207.299
207.469
207.643
207.822
208.005
208.192
208.382
208.577
208.773
208.973
209.174
209.376
209.578
209.78
209.981
210.18
210.375
210.567
210.754
210.935
211.109
211.275
211.432
211.579
211.715
211.84
211.951
212.048
212.131
212.199
212.25
212.285
212.304
212.305
212.289
212.257
212.207
212.142
212.061
211.966
211.858
211.737
211.606
211.466
211.319
211.165
211.01
210.874
210.753
210.627
210.496
210.363
210.227
210.093
209.962
209.837
209.719
209.612
209.518
209.41
203.852
203.768
203.68
203.589
203.493
203.392
203.285
203.172
203.055
202.932
202.805
202.674
202.541
202.406
202.266
202.12
201.964
201.794
201.606
201.398
201.17
200.924
200.661
200.383
200.091
199.785
199.464
199.127
198.774
198.405
198.02
197.618
197.199
196.764
196.313
195.846
195.364
194.868
194.359
193.838
193.307
192.766
192.22
191.669
191.116
190.564
190.015
189.474
188.942
188.424
187.922
187.439
186.978
186.542
186.133
185.753
185.404
185.087
184.803
184.552
184.334
184.148
183.993
183.868
183.771
183.7
183.652
183.632
183.628
183.633
183.65
183.68
183.72
183.777
183.834
183.927
183.991
184.147
184.187
184.488
203.922
203.99
204.061
204.137
204.215
204.298
204.384
204.474
204.568
204.667
204.77
204.877
204.99
205.106
205.228
205.355
205.486
205.623
205.764
205.911
206.063
206.22
206.382
206.548
206.72
206.896
207.077
207.261
207.45
207.641
207.836
208.034
208.233
208.434
208.636
208.837
209.038
209.237
209.434
209.627
209.815
209.999
210.175
210.344
210.504
210.655
210.795
210.923
211.039
211.141
211.23
211.303
211.361
211.403
211.428
211.438
211.432
211.409
211.372
211.319
211.253
211.174
211.083
210.982
210.873
210.756
210.635
210.526
210.429
210.326
210.219
210.108
209.994
209.88
209.768
209.661
209.558
209.462
209.378
209.272
203.008
202.936
202.859
202.779
202.696
202.607
202.513
202.415
202.311
202.202
202.089
201.971
201.849
201.724
201.597
201.467
201.332
201.189
201.034
200.865
200.678
200.472
200.249
200.011
199.758
199.493
199.215
198.924
198.619
198.299
197.964
197.614
197.25
196.87
196.475
196.065
195.641
195.203
194.752
194.288
193.813
193.328
192.835
192.334
191.829
191.322
190.814
190.308
189.808
189.315
188.832
188.363
187.91
187.476
187.063
186.674
186.31
185.973
185.665
185.385
185.135
184.915
184.723
184.56
184.424
184.314
184.227
184.173
184.14
184.115
184.102
184.101
184.11
184.138
184.168
184.233
184.274
184.404
184.429
184.705
203.07
203.131
203.195
203.261
203.331
203.405
203.482
203.563
203.647
203.735
203.828
203.925
204.026
204.131
204.241
204.356
204.475
204.6
204.729
204.863
205.003
205.147
205.297
205.451
205.611
205.775
205.945
206.119
206.297
206.48
206.666
206.856
207.049
207.245
207.443
207.642
207.842
208.043
208.242
208.441
208.637
208.83
209.018
209.201
209.378
209.548
209.709
209.861
210.003
210.133
210.251
210.356
210.448
210.525
210.587
210.634
210.666
210.683
210.685
210.672
210.645
210.606
210.553
210.49
210.417
210.335
210.248
210.167
210.093
210.014
209.929
209.841
209.75
209.657
209.565
209.475
209.388
209.304
209.23
209.126
202.293
202.229
202.162
202.092
202.019
201.941
201.859
201.772
201.681
201.585
201.484
201.379
201.269
201.154
201.037
200.917
200.795
200.669
200.536
200.395
200.241
200.071
199.884
199.682
199.464
199.233
198.99
198.736
198.469
198.191
197.898
197.593
197.273
196.94
196.593
196.233
195.858
195.471
195.07
194.657
194.232
193.797
193.352
192.898
192.438
191.972
191.504
191.034
190.565
190.1
189.641
189.19
188.75
188.324
187.913
187.521
187.15
186.8
186.475
186.174
185.899
185.651
185.429
185.233
185.063
184.918
184.796
184.711
184.651
184.598
184.556
184.526
184.506
184.505
184.507
184.545
184.562
184.668
184.678
184.928
202.348
202.402
202.459
202.518
202.581
202.647
202.715
202.788
202.863
202.943
203.026
203.113
203.204
203.299
203.398
203.502
203.61
203.723
203.841
203.963
204.091
204.223
204.361
204.503
204.651
204.803
204.961
205.123
205.291
205.463
205.639
205.82
206.004
206.192
206.384
206.578
206.774
206.971
207.17
207.369
207.567
207.764
207.959
208.151
208.338
208.521
208.697
208.866
209.027
209.179
209.321
209.452
209.571
209.678
209.771
209.851
209.917
209.968
210.006
210.029
210.039
210.035
210.02
209.992
209.954
209.906
209.852
209.798
209.747
209.691
209.63
209.564
209.495
209.423
209.351
209.279
209.209
209.138
209.074
208.972
201.683
201.627
201.567
201.506
201.441
201.372
201.3
201.224
201.143
201.058
200.969
200.875
200.777
200.674
200.567
200.456
200.342
200.227
200.108
199.985
199.854
199.713
199.558
199.388
199.202
199.002
198.79
198.566
198.331
198.086
197.83
197.561
197.28
196.986
196.68
196.361
196.03
195.686
195.329
194.96
194.58
194.189
193.787
193.376
192.957
192.531
192.1
191.665
191.228
190.791
190.357
189.927
189.504
189.09
188.687
188.298
187.925
187.569
187.232
186.917
186.624
186.353
186.107
185.884
185.684
185.509
185.355
185.243
185.157
185.078
185.009
184.952
184.905
184.875
184.851
184.862
184.857
184.937
184.931
185.156
201.732
201.78
201.831
201.884
201.94
201.999
202.06
202.125
202.193
202.265
202.339
202.418
202.5
202.586
202.675
202.769
202.867
202.97
203.077
203.189
203.305
203.426
203.552
203.683
203.819
203.96
204.105
204.256
204.412
204.573
204.739
204.909
205.084
205.263
205.445
205.632
205.821
206.013
206.208
206.403
206.6
206.797
206.994
207.189
207.382
207.572
207.758
207.939
208.114
208.282
208.442
208.593
208.735
208.866
208.985
209.093
209.188
209.27
209.339
209.395
209.438
209.468
209.486
209.492
209.487
209.472
209.449
209.421
209.392
209.359
209.321
209.278
209.231
209.181
209.128
209.075
209.021
208.963
208.91
208.81
201.16
201.11
201.057
201.003
200.946
200.885
200.821
200.753
200.682
200.606
200.527
200.443
200.355
200.263
200.167
200.067
199.962
199.854
199.744
199.631
199.515
199.392
199.261
199.119
198.962
198.792
198.608
198.411
198.204
197.988
197.761
197.524
197.276
197.016
196.745
196.462
196.167
195.86
195.542
195.212
194.87
194.518
194.155
193.783
193.401
193.012
192.616
192.214
191.808
191.4
190.991
190.584
190.179
189.78
189.389
189.007
188.636
188.279
187.938
187.613
187.307
187.02
186.754
186.509
186.285
186.083
185.902
185.765
185.657
185.554
185.46
185.377
185.304
185.248
185.198
185.182
185.154
185.209
185.189
185.387
201.203
201.247
201.292
201.34
201.39
201.443
201.499
201.557
201.618
201.682
201.75
201.82
201.895
201.972
202.053
202.139
202.228
202.321
202.418
202.52
202.626
202.736
202.852
202.972
203.097
203.226
203.361
203.501
203.646
203.795
203.95
204.109
204.273
204.442
204.615
204.793
204.974
205.159
205.346
205.537
205.729
205.924
206.119
206.314
206.508
206.702
206.893
207.081
207.265
207.444
207.618
207.784
207.943
208.093
208.234
208.364
208.484
208.592
208.689
208.774
208.846
208.907
208.955
208.992
209.018
209.034
209.041
209.039
209.032
209.02
209.004
208.984
208.958
208.93
208.897
208.863
208.825
208.781
208.739
208.643
200.707
200.662
200.615
200.567
200.516
200.462
200.405
200.345
200.281
200.214
200.144
200.069
199.991
199.908
199.821
199.731
199.636
199.537
199.434
199.329
199.221
199.111
198.996
198.873
198.741
198.596
198.438
198.267
198.086
197.894
197.693
197.484
197.264
197.034
196.793
196.541
196.278
196.004
195.718
195.422
195.115
194.797
194.468
194.13
193.783
193.427
193.063
192.692
192.316
191.935
191.552
191.167
190.783
190.401
190.024
189.652
189.288
188.934
188.591
188.262
187.948
187.649
187.369
187.106
186.862
186.639
186.434
186.274
186.146
186.022
185.906
185.799
185.701
185.62
185.545
185.504
185.454
185.484
185.449
185.619
200.746
200.785
200.826
200.869
200.914
200.962
201.012
201.065
201.12
201.178
201.239
201.303
201.37
201.44
201.514
201.591
201.672
201.757
201.846
201.939
202.035
202.137
202.242
202.352
202.467
202.587
202.711
202.84
202.974
203.113
203.257
203.406
203.559
203.718
203.881
204.049
204.221
204.397
204.577
204.76
204.947
205.136
205.327
205.519
205.712
205.906
206.099
206.29
206.479
206.666
206.848
207.025
207.197
207.362
207.519
207.668
207.809
207.939
208.059
208.169
208.268
208.355
208.432
208.497
208.552
208.596
208.632
208.653
208.667
208.677
208.682
208.683
208.68
208.672
208.66
208.644
208.622
208.592
208.562
208.469
200.325
200.286
200.244
200.201
200.156
200.108
200.057
200.003
199.947
199.887
199.825
199.758
199.689
199.615
199.538
199.458
199.373
199.282
199.183
199.074
198.957
198.833
198.709
198.587
198.47
198.358
198.246
198.127
197.992
197.836
197.658
197.464
197.26
197.05
196.832
196.606
196.37
196.123
195.866
195.598
195.32
195.032
194.734
194.427
194.11
193.784
193.449
193.107
192.759
192.405
192.047
191.685
191.321
190.958
190.595
190.236
189.882
189.534
189.194
188.864
188.546
188.24
187.949
187.673
187.414
187.172
186.947
186.769
186.623
186.48
186.343
186.214
186.093
185.989
185.891
185.826
185.755
185.759
185.71
185.853
200.36
200.395
200.432
200.471
200.512
200.555
200.6
200.648
200.698
200.75
200.805
200.863
200.924
200.987
201.054
201.124
201.198
201.275
201.355
201.44
201.528
201.62
201.717
201.818
201.923
202.033
202.147
202.266
202.39
202.518
202.652
202.79
202.934
203.082
203.235
203.393
203.555
203.722
203.893
204.068
204.247
204.429
204.615
204.802
204.992
205.183
205.375
205.567
205.758
205.948
206.135
206.32
206.5
206.676
206.846
207.01
207.166
207.315
207.455
207.586
207.707
207.818
207.919
208.01
208.091
208.162
208.224
208.268
208.301
208.331
208.357
208.379
208.396
208.409
208.416
208.419
208.414
208.398
208.379
208.29
199.88
199.846
199.81
199.772
199.733
199.691
199.647
199.601
199.552
199.5
199.445
199.388
199.327
199.263
199.195
199.124
199.049
198.97
198.888
198.803
198.716
198.625
198.531
198.433
198.332
198.225
198.113
197.992
197.862
197.722
197.572
197.412
197.241
197.061
196.871
196.672
196.465
196.249
196.024
195.789
195.544
195.29
195.025
194.751
194.468
194.176
193.874
193.565
193.248
192.923
192.593
192.257
191.917
191.574
191.23
190.885
190.542
190.201
189.865
189.535
189.212
188.899
188.597
188.306
188.029
187.766
187.518
187.317
187.151
186.986
186.824
186.67
186.522
186.389
186.263
186.168
186.072
186.046
185.979
186.087
199.911
199.942
199.974
200.008
200.044
200.082
200.122
200.164
200.208
200.254
200.303
200.354
200.408
200.464
200.524
200.586
200.651
200.72
200.791
200.867
200.946
201.028
201.115
201.205
201.3
201.398
201.502
201.609
201.721
201.838
201.96
202.086
202.218
202.354
202.495
202.641
202.793
202.948
203.109
203.274
203.444
203.618
203.795
203.977
204.161
204.348
204.538
204.729
204.921
205.114
205.307
205.498
205.688
205.875
206.059
206.239
206.414
206.583
206.745
206.9
207.047
207.186
207.317
207.438
207.549
207.651
207.744
207.816
207.872
207.927
207.978
208.025
208.068
208.105
208.137
208.162
208.178
208.18
208.175
208.097
199.455
199.426
199.396
199.365
199.331
199.296
199.259
199.22
199.179
199.135
199.09
199.041
198.99
198.936
198.879
198.82
198.757
198.693
198.627
198.561
198.494
198.426
198.353
198.273
198.183
198.084
197.976
197.862
197.743
197.62
197.492
197.359
197.218
197.067
196.906
196.736
196.558
196.372
196.178
195.975
195.763
195.542
195.311
195.071
194.822
194.563
194.296
194.019
193.734
193.441
193.14
192.832
192.517
192.198
191.873
191.546
191.216
190.886
190.556
190.228
189.904
189.585
189.273
188.969
188.674
188.391
188.12
187.897
187.709
187.52
187.333
187.15
186.973
186.809
186.653
186.525
186.399
186.34
186.249
186.324
199.481
199.508
199.536
199.565
199.596
199.628
199.663
199.699
199.737
199.776
199.818
199.863
199.909
199.958
200.009
200.063
200.12
200.179
200.242
200.308
200.376
200.449
200.524
200.604
200.687
200.774
200.865
200.96
201.06
201.164
201.273
201.386
201.504
201.627
201.755
201.888
202.026
202.169
202.317
202.47
202.628
202.791
202.959
203.131
203.308
203.489
203.673
203.86
204.051
204.244
204.438
204.634
204.83
205.026
205.222
205.415
205.606
205.794
205.977
206.156
206.329
206.496
206.655
206.807
206.951
207.086
207.213
207.314
207.396
207.477
207.556
207.631
207.703
207.769
207.828
207.879
207.918
207.939
207.953
207.89
199.134
199.11
199.084
199.056
199.028
198.998
198.966
198.932
198.896
198.859
198.819
198.778
198.734
198.687
198.638
198.587
198.532
198.475
198.414
198.35
198.284
198.213
198.14
198.063
197.982
197.896
197.807
197.715
197.62
197.522
197.419
197.309
197.19
197.062
196.924
196.777
196.621
196.458
196.287
196.109
195.922
195.727
195.523
195.31
195.089
194.858
194.618
194.369
194.112
193.845
193.571
193.288
192.998
192.7
192.397
192.088
191.774
191.457
191.138
190.818
190.498
190.179
189.864
189.554
189.249
188.953
188.666
188.426
188.222
188.014
187.806
187.601
187.399
187.208
187.024
186.867
186.713
186.624
186.511
186.553
199.157
199.18
199.205
199.23
199.258
199.286
199.316
199.348
199.381
199.416
199.453
199.492
199.533
199.576
199.621
199.669
199.719
199.772
199.827
199.885
199.946
200.01
200.078
200.148
200.222
200.3
200.381
200.467
200.556
200.649
200.747
200.849
200.956
201.067
201.183
201.305
201.431
201.562
201.698
201.839
201.986
202.138
202.295
202.457
202.624
202.795
202.972
203.152
203.337
203.526
203.717
203.912
204.109
204.307
204.507
204.707
204.907
205.105
205.302
205.496
205.687
205.873
206.055
206.231
206.4
206.561
206.716
206.841
206.945
207.049
207.152
207.253
207.35
207.441
207.526
207.601
207.662
207.703
207.735
207.685
198.872
198.85
198.827
198.804
198.779
198.752
198.724
198.694
198.663
198.63
198.596
198.559
198.52
198.48
198.437
198.391
198.344
198.293
198.24
198.184
198.125
198.062
197.997
197.928
197.857
197.782
197.703
197.62
197.533
197.444
197.351
197.256
197.154
197.046
196.929
196.803
196.668
196.524
196.372
196.213
196.046
195.872
195.69
195.499
195.3
195.092
194.876
194.65
194.416
194.173
193.921
193.66
193.391
193.115
192.83
192.539
192.242
191.939
191.632
191.321
191.008
190.694
190.38
190.068
189.758
189.454
189.156
188.905
188.688
188.467
188.242
188.018
187.795
187.581
187.373
187.19
187.011
186.895
186.762
186.772
198.892
198.913
198.934
198.957
198.981
199.007
199.034
199.062
199.091
199.123
199.156
199.19
199.227
199.265
199.306
199.348
199.393
199.44
199.49
199.542
199.597
199.655
199.715
199.779
199.845
199.916
199.989
200.066
200.147
200.232
200.321
200.414
200.511
200.613
200.72
200.831
200.947
201.068
201.194
201.325
201.462
201.604
201.751
201.903
202.061
202.224
202.392
202.565
202.743
202.925
203.112
203.303
203.497
203.695
203.895
204.097
204.301
204.506
204.711
204.915
205.117
205.318
205.515
205.709
205.897
206.08
206.257
206.402
206.524
206.648
206.771
206.894
207.013
207.128
207.235
207.333
207.415
207.475
207.522
207.486
198.663
198.644
198.624
198.603
198.58
198.557
198.532
198.506
198.478
198.449
198.419
198.386
198.352
198.316
198.278
198.238
198.195
198.151
198.104
198.054
198.001
197.946
197.888
197.826
197.762
197.694
197.623
197.549
197.47
197.388
197.303
197.214
197.123
197.028
196.927
196.819
196.702
196.577
196.443
196.3
196.15
195.993
195.828
195.656
195.476
195.288
195.091
194.885
194.67
194.447
194.214
193.973
193.723
193.464
193.198
192.923
192.64
192.351
192.056
191.755
191.45
191.142
190.831
190.52
190.209
189.9
189.595
189.335
189.109
188.877
188.639
188.399
188.159
187.926
187.697
187.491
187.291
187.149
186.999
186.978
198.681
198.699
198.719
198.739
198.761
198.784
198.808
198.833
198.86
198.888
198.918
198.949
198.982
199.016
199.053
199.091
199.131
199.174
199.219
199.266
199.315
199.367
199.422
199.48
199.54
199.604
199.671
199.741
199.814
199.892
199.973
200.058
200.147
200.241
200.339
200.441
200.548
200.66
200.777
200.899
201.026
201.159
201.297
201.44
201.589
201.744
201.904
202.069
202.24
202.416
202.597
202.783
202.974
203.169
203.368
203.57
203.775
203.983
204.192
204.403
204.614
204.824
205.033
205.24
205.443
205.643
205.838
205.999
206.137
206.277
206.418
206.559
206.699
206.833
206.961
207.078
207.179
207.257
207.319
207.296
198.503
198.486
198.468
198.449
198.429
198.408
198.386
198.362
198.338
198.312
198.284
198.255
198.224
198.192
198.158
198.121
198.083
198.043
198.001
197.956
197.909
197.859
197.807
197.751
197.693
197.631
197.567
197.499
197.428
197.353
197.274
197.192
197.106
197.018
196.926
196.83
196.728
196.619
196.501
196.374
196.238
196.095
195.944
195.786
195.621
195.448
195.267
195.077
194.879
194.672
194.457
194.232
193.998
193.755
193.504
193.244
192.975
192.699
192.415
192.124
191.828
191.526
191.22
190.911
190.6
190.29
189.981
189.715
189.482
189.241
188.993
188.741
188.487
188.237
187.991
187.765
187.546
187.381
187.216
187.167
198.519
198.536
198.554
198.572
198.592
198.613
198.635
198.657
198.682
198.707
198.734
198.762
198.792
198.824
198.857
198.892
198.928
198.967
199.008
199.051
199.096
199.143
199.193
199.246
199.301
199.36
199.421
199.485
199.553
199.624
199.698
199.776
199.859
199.945
200.035
200.13
200.229
200.333
200.442
200.556
200.675
200.799
200.928
201.063
201.204
201.35
201.502
201.66
201.824
201.993
202.168
202.348
202.534
202.725
202.921
203.122
203.326
203.534
203.746
203.96
204.176
204.393
204.61
204.827
205.042
205.254
205.463
205.638
205.788
205.942
206.098
206.256
206.412
206.564
206.71
206.844
206.961
207.054
207.13
207.12
198.373
198.358
198.341
198.324
198.306
198.287
198.266
198.245
198.222
198.199
198.173
198.147
198.119
198.089
198.058
198.025
197.991
197.954
197.915
197.874
197.831
197.786
197.738
197.687
197.634
197.578
197.518
197.456
197.39
197.321
197.249
197.173
197.093
197.009
196.922
196.832
196.739
196.642
196.538
196.427
196.307
196.178
196.041
195.896
195.743
195.584
195.416
195.24
195.055
194.861
194.658
194.446
194.225
193.995
193.756
193.508
193.251
192.985
192.712
192.43
192.142
191.847
191.546
191.241
190.932
190.621
190.309
190.04
189.803
189.555
189.3
189.038
188.773
188.51
188.249
188.006
187.771
187.587
187.409
187.332
198.388
198.403
198.42
198.437
198.455
198.474
198.494
198.515
198.537
198.561
198.586
198.612
198.639
198.668
198.699
198.731
198.765
198.801
198.839
198.878
198.92
198.964
199.01
199.059
199.11
199.164
199.221
199.281
199.344
199.41
199.479
199.552
199.629
199.71
199.794
199.883
199.976
200.073
200.175
200.282
200.394
200.512
200.634
200.762
200.895
201.035
201.18
201.331
201.488
201.65
201.819
201.994
202.175
202.362
202.554
202.751
202.954
203.161
203.373
203.588
203.807
204.028
204.251
204.474
204.698
204.92
205.14
205.325
205.485
205.65
205.818
205.989
206.159
206.325
206.485
206.635
206.766
206.873
206.962
206.964
198.302
198.288
198.273
198.257
198.24
198.223
198.204
198.184
198.164
198.142
198.118
198.094
198.068
198.041
198.012
197.982
197.95
197.916
197.881
197.843
197.803
197.762
197.717
197.671
197.621
197.569
197.514
197.456
197.395
197.331
197.263
197.192
197.117
197.038
196.955
196.869
196.779
196.686
196.588
196.485
196.374
196.253
196.123
195.985
195.838
195.684
195.523
195.356
195.181
194.998
194.806
194.606
194.396
194.178
193.95
193.713
193.467
193.211
192.947
192.674
192.394
192.105
191.81
191.508
191.202
190.892
190.58
190.308
190.068
189.816
189.555
189.286
189.012
188.738
188.466
188.21
187.961
187.76
187.572
187.471
198.316
198.33
198.345
198.361
198.378
198.395
198.414
198.433
198.454
198.476
198.499
198.523
198.548
198.575
198.603
198.633
198.665
198.698
198.733
198.769
198.808
198.849
198.892
198.937
198.984
199.035
199.087
199.143
199.201
199.263
199.327
199.395
199.467
199.542
199.621
199.704
199.791
199.883
199.979
200.079
200.185
200.296
200.412
200.533
200.66
200.793
200.931
201.076
201.227
201.383
201.547
201.716
201.892
202.074
202.262
202.457
202.657
202.862
203.073
203.288
203.508
203.731
203.957
204.186
204.415
204.644
204.872
205.066
205.233
205.407
205.585
205.767
205.95
206.13
206.303
206.463
206.604
206.718
206.814
206.828
198.214
198.2
198.186
198.171
198.155
198.138
198.12
198.101
198.081
198.06
198.038
198.014
197.989
197.963
197.935
197.906
197.875
197.842
197.808
197.771
197.732
197.691
197.648
197.602
197.554
197.502
197.448
197.39
197.329
197.264
197.196
197.122
197.044
196.961
196.872
196.78
196.687
196.599
196.519
196.449
196.385
196.319
196.241
196.142
196.016
195.867
195.699
195.52
195.336
195.147
194.953
194.753
194.545
194.33
194.106
193.875
193.634
193.385
193.127
192.86
192.585
192.301
192.01
191.712
191.407
191.098
190.786
190.512
190.27
190.016
189.75
189.475
189.195
188.913
188.632
188.365
188.107
187.892
187.697
187.574
198.227
198.241
198.256
198.271
198.287
198.304
198.322
198.34
198.36
198.381
198.403
198.426
198.451
198.477
198.504
198.533
198.563
198.595
198.628
198.664
198.701
198.74
198.781
198.825
198.87
198.919
198.969
199.023
199.079
199.138
199.2
199.265
199.334
199.406
199.482
199.562
199.645
199.733
199.826
199.922
200.024
200.13
200.242
200.359
200.482
200.61
200.744
200.884
201.03
201.182
201.341
201.507
201.679
201.857
202.042
202.234
202.432
202.636
202.846
203.061
203.281
203.506
203.735
203.966
204.2
204.434
204.668
204.868
205.042
205.223
205.409
205.598
205.788
205.973
206.152
206.319
206.47
206.599
206.711
206.731
198.291
198.279
198.266
198.253
198.239
198.224
198.209
198.192
198.175
198.157
198.138
198.118
198.096
198.074
198.05
198.025
197.998
197.97
197.941
197.91
197.877
197.843
197.806
197.768
197.728
197.685
197.641
197.594
197.544
197.491
197.435
197.377
197.318
197.261
197.209
197.162
197.115
197.057
196.972
196.847
196.676
196.466
196.235
196.01
195.809
195.641
195.499
195.368
195.234
195.088
194.929
194.757
194.574
194.38
194.175
193.959
193.732
193.494
193.246
192.987
192.718
192.44
192.152
191.857
191.555
191.247
190.935
190.661
190.417
190.16
189.891
189.612
189.326
189.038
188.75
188.475
188.211
187.984
187.787
187.645
198.302
198.314
198.327
198.34
198.354
198.369
198.385
198.401
198.419
198.437
198.456
198.477
198.499
198.521
198.545
198.571
198.598
198.626
198.656
198.687
198.721
198.756
198.793
198.832
198.873
198.916
198.962
199.01
199.061
199.115
199.172
199.232
199.295
199.362
199.432
199.506
199.584
199.666
199.752
199.843
199.939
200.04
200.146
200.258
200.375
200.498
200.627
200.762
200.904
201.052
201.207
201.369
201.538
201.714
201.896
202.086
202.282
202.485
202.694
202.908
203.129
203.354
203.584
203.817
204.052
204.289
204.526
204.729
204.906
205.091
205.286
205.488
205.698
205.91
206.114
206.294
206.432
206.522
206.595
206.625
)
;

boundaryField
{
    inlet
    {
        type            freestreamPressure;
    }
    outlet
    {
        type            freestreamPressure;
    }
    walls
    {
        type            zeroGradient;
    }
    frontAndBack
    {
        type            empty;
    }
}


// ************************************************************************* //
