   5.67371 5.65762e-05
   11.3474 5.35454e-05
   17.0211 1.2254e-08
   22.6948 7.10057e-10
   28.3685 6.10095e-10
   34.0422 6.05023e-10
   39.7159 6.05723e-10
   45.3896 5.14349e-10
   51.0633 3.64666e-10
   56.7371 2.19761e-10
   62.4108 1.08596e-10
   68.0845 2.68181e-11
   73.7582 1.76305e-12
   79.4319 2.71523e-11
   85.1056 6.01375e-11
   90.7793 7.80974e-11
    96.453 8.81813e-11
   102.127 7.87019e-11
     107.8 4.54096e-11
   113.474 2.18674e-11
   119.148 6.69426e-12
   124.822 1.7429e-13
   130.495 3.06407e-12
   136.169 8.35855e-12
   141.843 1.11286e-11
   147.516 1.27347e-11
    153.19 1.13881e-11
   158.864 6.97479e-12
   164.537 3.90403e-12
   170.211 1.43558e-12
   175.885 2.10525e-14
   181.559 7.76256e-13
   187.232 2.85223e-12
   192.906 4.91226e-12
    198.58 6.93439e-12
   204.253 3.93001e-12
