/*--------------------------------*- C++ -*----------------------------------*\
| =========                 |                                                 |
| \\      /  F ield         | OpenFOAM: The Open Source CFD Toolbox           |
|  \\    /   O peration     | Version:  3.0.0                                 |
|   \\  /    A nd           | Web:      www.OpenFOAM.org                      |
|    \\/     M anipulation  |                                                 |
\*---------------------------------------------------------------------------*/
FoamFile
{
    version     2.0;
    format      ascii;
    class       volScalarField;
    location    "4.5";
    object      p;
}
// * * * * * * * * * * * * * * * * * * * * * * * * * * * * * * * * * * * * * //

dimensions      [0 2 -2 0 0 0 0];

internalField   nonuniform List<scalar> 
4096
(
-0.00550135
-0.0216527
-0.0347774
-0.0411078
-0.037131
-0.0232264
-0.00394135
0.0138306
0.0260343
0.0322134
0.0338435
0.0326449
0.02914
0.0236886
0.0154623
0.00429088
-0.0104771
-0.0230185
-0.0314886
-0.033902
-0.0293512
-0.0187034
-0.00573812
0.00598465
0.0144034
0.0192972
0.0214141
0.0214064
0.0196538
0.0154123
0.00808586
-0.00184986
0.00262173
-0.00652
-0.0134263
-0.0164209
-0.0141862
-0.00757526
0.000174943
0.00577003
0.00806915
0.00822749
0.00816667
0.009032
0.0106471
0.0116778
0.0105143
0.00709093
0.0159248
0.0107061
0.00606128
0.00285539
0.00228914
0.00374963
0.00478981
0.00324967
-0.00073114
-0.00487987
-0.00658777
-0.00457042
0.000609953
0.0069355
0.0120796
0.0157585
0.0264243
0.0253876
0.0234509
0.0203573
0.0171173
0.0134116
0.00780592
-0.00047063
-0.00999776
-0.0176389
-0.0204314
-0.0171793
-0.00883957
0.00201613
0.0125052
0.0222403
0.0334669
0.035927
0.0361715
0.0332272
0.0278398
0.0200048
0.00925284
-0.00399465
-0.0173906
-0.0273011
-0.0306714
-0.0264887
-0.0160225
-0.00213844
0.0120696
0.0260577
0.0350482
0.040064
0.0418903
0.0393169
0.0327803
0.0225334
0.00892836
-0.00672753
-0.0216598
-0.0322485
-0.0356229
-0.0310737
-0.0200314
-0.00530263
0.0102332
0.0257875
0.0305819
0.036943
0.0397738
0.0379387
0.0315023
0.0208522
0.00690569
-0.00849822
-0.0225698
-0.0321396
-0.0349822
-0.0307098
-0.0207443
-0.00750316
0.00674218
0.0211135
0.0211417
0.027394
0.0306752
0.0298822
0.024706
0.015508
0.00348463
-0.00939115
-0.0206396
-0.0279319
-0.0298204
-0.0263025
-0.0186708
-0.00875813
0.00202742
0.0130962
0.00917887
0.013675
0.0168008
0.0170365
0.0138915
0.0075779
-0.000786253
-0.00947238
-0.0166512
-0.0209042
-0.0216036
-0.0190849
-0.0144123
-0.00878893
-0.00277092
0.00395879
-0.00247376
-0.00121275
0.000825028
0.00169644
0.000841667
-0.00166978
-0.00516589
-0.00859269
-0.0109895
-0.0118632
-0.0112834
-0.00978885
-0.00812347
-0.00691116
-0.00603848
-0.00371346
-0.0117229
-0.0147584
-0.0147543
-0.014025
-0.0127781
-0.0110541
-0.00895343
-0.00650983
-0.00384351
-0.00129512
0.000582599
0.00121179
0.0002166
-0.00253364
-0.00649959
-0.00850925
-0.0178934
-0.0255431
-0.0284268
-0.0285487
-0.0255539
-0.0195365
-0.0115788
-0.00314664
0.00441655
0.0100794
0.0130991
0.0130673
0.00994995
0.0039776
-0.00411085
-0.0104691
-0.0221373
-0.0338004
-0.0396214
-0.040687
-0.0362182
-0.0264133
-0.0132681
0.000397459
0.0121059
0.0203158
0.0242808
0.0238132
0.0191456
0.0107054
-0.000726501
-0.0113966
-0.0243905
-0.0388534
-0.0469831
-0.0486133
-0.0429065
-0.0304432
-0.0139958
0.0028318
0.0169601
0.0266799
0.0312905
0.0307627
0.0254202
0.0157087
0.00229939
-0.0117845
-0.00884784
-0.02611
-0.0396957
-0.0459369
-0.0411215
-0.0253714
-0.00437775
0.0148625
0.0273222
0.033413
0.0348843
0.0334084
0.0297506
0.0236774
0.0144876
0.00235818
-0.0167443
-0.0332194
-0.0443584
-0.0473366
-0.0401651
-0.0246599
-0.00618729
0.0099626
0.0212461
0.0276242
0.0299989
0.0292301
0.0252943
0.0183014
0.00778533
-0.00516448
-0.0204684
-0.0330195
-0.0400101
-0.0402979
-0.0340712
-0.023274
-0.0110617
8.5177e-05
0.00888184
0.0150187
0.018512
0.0192216
0.0167803
0.0106911
0.000880095
-0.0112934
-0.00639964
-0.0155885
-0.0215707
-0.0230533
-0.0196075
-0.012754
-0.00550543
-0.000146167
0.00295848
0.00483175
0.00655257
0.008335
0.00945413
0.00868519
0.00502883
-0.00101105
0.00820671
0.00310909
-0.000779574
-0.00284325
-0.00256292
-0.000955484
-0.000202885
-0.00161276
-0.00444816
-0.00667754
-0.00654845
-0.00364245
0.00103214
0.00560906
0.00829923
0.00912466
0.0211362
0.0200721
0.0186409
0.0163772
0.0137036
0.0100508
0.00428553
-0.00365993
-0.0119458
-0.0177475
-0.018895
-0.0149122
-0.0070824
0.00219208
0.0105336
0.0178342
0.0307407
0.032988
0.0336138
0.0312917
0.026299
0.0184675
0.00758764
-0.00537466
-0.0177499
-0.0261664
-0.0282169
-0.0234416
-0.0133328
-0.000647582
0.0118752
0.0240282
0.03511
0.0396034
0.0415632
0.0393119
0.0329747
0.0226964
0.00896256
-0.0065872
-0.0209126
-0.030482
-0.0329364
-0.0278833
-0.0168723
-0.00271462
0.011815
0.0263105
0.0333575
0.0388869
0.041407
0.0394085
0.0328827
0.0221764
0.00820851
-0.00713056
-0.0209186
-0.0300409
-0.0324238
-0.027785
-0.0175452
-0.00416515
0.00992829
0.0240572
0.0260129
0.03132
0.0337773
0.032254
0.0266436
0.0174031
0.00563067
-0.00704427
-0.018095
-0.0253498
-0.0272899
-0.0237421
-0.0157888
-0.0052302
0.00620957
0.0178563
0.0148641
0.0186763
0.0206561
0.0197902
0.0159691
0.00965294
0.00180698
-0.00628612
-0.0131807
-0.0176376
-0.0188912
-0.0168897
-0.0122211
-0.00584727
0.00140406
0.0093227
0.00229387
0.00337587
0.00452206
0.00440617
0.00295044
0.000533271
-0.00228334
-0.00491453
-0.00695268
-0.00819489
-0.00860043
-0.00821496
-0.00711645
-0.00546464
-0.00324763
0.000548983
-0.00953002
-0.0122434
-0.0123675
-0.0118697
-0.0106431
-0.00861201
-0.00590807
-0.00285417
-9.24252e-06
0.00195947
0.0025447
0.00163391
-0.000463478
-0.00332224
-0.00631596
-0.00675268
-0.0193083
-0.0263753
-0.0283592
-0.0275213
-0.0235842
-0.0169143
-0.00863543
-0.00015663
0.00710358
0.0119388
0.0135819
0.0119014
0.00738422
0.000728106
-0.00712434
-0.0120766
-0.0271591
-0.0382291
-0.0422938
-0.0413073
-0.034983
-0.024223
-0.0111314
0.00190962
0.0128233
0.02012
0.0229388
0.0210825
0.0149884
0.00538111
-0.00664255
-0.0163365
-0.0323371
-0.0463677
-0.0523414
-0.0513452
-0.0433505
-0.0299826
-0.0140867
0.00162761
0.0149241
0.0241756
0.0283379
0.0270029
0.0204106
0.00919022
-0.00558395
-0.019368
-0.0196921
-0.0374495
-0.0491409
-0.0520799
-0.0437597
-0.0263212
-0.00621206
0.0107575
0.0221893
0.0284926
0.0307043
0.029527
0.0254007
0.017851
0.00655071
-0.0064948
-0.0235427
-0.0391121
-0.0475677
-0.047718
-0.0384547
-0.0222553
-0.00465455
0.00985595
0.019615
0.0249145
0.0265775
0.0251405
0.0205886
0.0126526
0.00108608
-0.0112768
-0.0260398
-0.0378672
-0.0433207
-0.0421844
-0.0349059
-0.0237039
-0.0115266
-0.000698755
0.00763479
0.0132674
0.0162468
0.0163728
0.0131325
0.00605278
-0.00472428
-0.0166703
-0.0133539
-0.021922
-0.026567
-0.0265021
-0.0217875
-0.0141821
-0.00672712
-0.00136361
0.00177886
0.00375291
0.00546037
0.00684205
0.00696863
0.00469236
-0.000573013
-0.0076349
0.00125274
-0.00318899
-0.00598575
-0.00667286
-0.00516528
-0.00274354
-0.00153661
-0.00255474
-0.00488274
-0.00657536
-0.0061761
-0.00362237
-0.000107494
0.00267322
0.00346468
0.00261709
0.0154419
0.0149781
0.0143428
0.0131338
0.0114318
0.0085063
0.00333526
-0.00392023
-0.0113548
-0.0163502
-0.0171057
-0.0134853
-0.00689676
0.000535148
0.00699604
0.0124808
0.0271923
0.0297766
0.0308924
0.0292329
0.0248718
0.0175989
0.00732684
-0.00481784
-0.0161841
-0.0236867
-0.0253126
-0.0209026
-0.0119771
-0.000950038
0.00995497
0.0206407
0.0342445
0.0385869
0.0406533
0.0386115
0.0325259
0.0226311
0.00949166
-0.00519807
-0.0184876
-0.027185
-0.0292656
-0.0245409
-0.0145106
-0.00162175
0.0117405
0.0254087
0.0352319
0.0400195
0.0421499
0.039837
0.0332297
0.0228066
0.00948703
-0.00493347
-0.0177468
-0.0261291
-0.028256
-0.0239122
-0.0143559
-0.00169079
0.0118009
0.0257458
0.0301697
0.034259
0.0357542
0.0334359
0.0274921
0.0185352
0.00752997
-0.00405897
-0.0142312
-0.0209436
-0.0228184
-0.0195695
-0.011989
-0.00156358
0.00989419
0.0217362
0.0204531
0.0229026
0.0234424
0.0214286
0.0171491
0.0112018
0.00430118
-0.0026904
-0.00878888
-0.0129652
-0.0144056
-0.012781
-0.00824966
-0.00152842
0.00633243
0.0146306
0.00829822
0.00828561
0.00785643
0.0064704
0.00457507
0.00260656
0.00078742
-0.000844791
-0.00234619
-0.00368579
-0.00462579
-0.00476258
-0.00368721
-0.00133347
0.00200125
0.0063428
-0.00411373
-0.00734256
-0.00870974
-0.00918903
-0.00824868
-0.00576133
-0.00223058
0.00147524
0.00438577
0.00575806
0.00540229
0.00374953
0.00161351
-0.00038103
-0.00191176
-0.0014392
-0.0152734
-0.0222129
-0.0246163
-0.0241512
-0.0202099
-0.0131508
-0.00444629
0.00408322
0.010779
0.014492
0.014825
0.0121875
0.0075275
0.00169746
-0.00460357
-0.00800882
-0.0248896
-0.0353874
-0.0389481
-0.0376345
-0.0309942
-0.0199222
-0.00684309
0.00562357
0.0153861
0.0211498
0.022431
0.0194876
0.0131274
0.00417765
-0.00646083
-0.0139699
-0.0322184
-0.0455254
-0.0503245
-0.0485549
-0.0399591
-0.0263287
-0.0106238
0.00431414
0.0162906
0.02391
0.026509
0.0240652
0.0170529
0.00614607
-0.0077242
-0.0191484
-0.0259226
-0.0428966
-0.0520649
-0.0522957
-0.0417288
-0.0234027
-0.00395518
0.0114522
0.0213341
0.0264505
0.0278436
0.0260808
0.0211836
0.0127795
0.000595728
-0.011664
-0.0279285
-0.0418453
-0.0470311
-0.0445352
-0.0341122
-0.0187453
-0.0033016
0.00894986
0.0171209
0.0215997
0.0229304
0.0212314
0.016305
0.00773323
-0.00457843
-0.0154539
-0.0281404
-0.0391445
-0.0428652
-0.0405883
-0.0329829
-0.0222021
-0.010993
-0.00135832
0.00586859
0.0106794
0.0131617
0.013018
0.00959583
0.0023766
-0.00849177
-0.018711
-0.0177597
-0.0253541
-0.0282785
-0.0268073
-0.0213536
-0.0139017
-0.00718177
-0.00269583
-0.000183713
0.0014867
0.00302942
0.00411208
0.00364086
0.000525713
-0.00548088
-0.0119497
-0.00432175
-0.007647
-0.00895048
-0.00826991
-0.00588373
-0.00322724
-0.00226643
-0.00359536
-0.00603844
-0.00769447
-0.00739033
-0.00534734
-0.00286578
-0.00141669
-0.00173012
-0.00290157
0.00978375
0.0105022
0.0110414
0.0109922
0.0101726
0.00778427
0.00293118
-0.0040215
-0.0110966
-0.0158584
-0.0168031
-0.0140165
-0.00884937
-0.00304139
0.00216855
0.00687823
0.0223916
0.0259949
0.0279654
0.0271907
0.0236292
0.0170824
0.00754826
-0.00380726
-0.0144657
-0.0216366
-0.0236007
-0.0203033
-0.0130365
-0.00370677
0.00600274
0.0158705
0.0311401
0.0359982
0.0385589
0.0370524
0.0316201
0.0225365
0.0104019
-0.00319228
-0.0155782
-0.0239275
-0.0264628
-0.0229902
-0.0146101
-0.00324268
0.0091388
0.0223086
0.034354
0.0388744
0.0410696
0.0388892
0.0327419
0.0231708
0.0110219
-0.00214884
-0.0140181
-0.0221201
-0.0247808
-0.0216165
-0.0133923
-0.00187089
0.0109676
0.0248641
0.031576
0.0345521
0.0354845
0.0329775
0.0273596
0.0193213
0.00961442
-0.000665476
-0.00995822
-0.0165327
-0.0189702
-0.0167004
-0.010012
-0.000138636
0.0110755
0.0231385
0.0237287
0.0244848
0.0239041
0.0213477
0.0173284
0.0124045
0.00692059
0.00121484
-0.00416662
-0.00836832
-0.0104117
-0.0095123
-0.00537755
0.00141081
0.00944063
0.0178764
0.0127063
0.0109077
0.00893079
0.00682607
0.00519965
0.00433576
0.0039457
0.00347679
0.00245515
0.000863533
-0.000735058
-0.0014115
-0.000334619
0.00257585
0.00649936
0.0106621
0.000572032
-0.0039552
-0.00686285
-0.00803538
-0.00680066
-0.00328418
0.00147418
0.00602481
0.00905661
0.00989065
0.00876302
0.00664724
0.00471718
0.00356055
0.00296606
0.003126
-0.0110779
-0.0184933
-0.0218769
-0.0217503
-0.0174772
-0.00969839
-0.000295365
0.00848234
0.0148178
0.0176959
0.0171183
0.0139975
0.00956403
0.00463119
-0.000516684
-0.00386598
-0.0215517
-0.0317607
-0.0353846
-0.0339137
-0.0268917
-0.0155468
-0.00250532
0.00948121
0.0183507
0.0229859
0.0232437
0.0197719
0.0135887
0.00549389
-0.00393685
-0.0105148
-0.0300549
-0.0427103
-0.0466387
-0.0442088
-0.0352784
-0.0217072
-0.00651271
0.00748081
0.018187
0.0244473
0.0259148
0.0228736
0.0159529
0.00576556
-0.00711047
-0.0167145
-0.0302272
-0.0456583
-0.0516651
-0.0489764
-0.0368699
-0.0189516
-0.00132925
0.012031
0.0204177
0.0247357
0.0257104
0.0235582
0.0180936
0.00888189
-0.00422359
-0.0154935
-0.0284472
-0.0404378
-0.0433192
-0.0392663
-0.0290721
-0.0157234
-0.002904
0.00732909
0.0145323
0.0188798
0.020517
0.0190042
0.0140999
0.00534892
-0.00698579
-0.0162517
-0.0275417
-0.0380303
-0.0399057
-0.0368766
-0.0295071
-0.019795
-0.0101708
-0.00214716
0.00385098
0.00800495
0.0103485
0.0103851
0.00727507
0.00037172
-0.010001
-0.0180572
-0.0193325
-0.0259999
-0.0270742
-0.0245491
-0.019094
-0.0126667
-0.00752236
-0.00449061
-0.00289167
-0.00154833
-2.16863e-05
0.00106237
0.00045842
-0.00288726
-0.00893994
-0.013687
-0.00768169
-0.00980266
-0.00942006
-0.00764073
-0.00499997
-0.0029547
-0.003035
-0.00530512
-0.00829974
-0.010148
-0.010014
-0.00837502
-0.00655174
-0.0058015
-0.00645814
-0.00650056
0.00524996
0.00743267
0.00939883
0.0103878
0.0100582
0.00762497
0.00246499
-0.00481814
-0.0120553
-0.0170337
-0.0185084
-0.0166765
-0.0127064
-0.00793841
-0.00314704
0.0020902
0.0174371
0.0226216
0.0257684
0.0259414
0.0230517
0.0169386
0.00772633
-0.00334134
-0.0138815
-0.0213694
-0.0242755
-0.0224593
-0.0168105
-0.00869631
0.000633029
0.0107196
0.0266623
0.0328493
0.0363353
0.0356564
0.0310055
0.0227023
0.011366
-0.0015328
-0.0136452
-0.0224564
-0.0262739
-0.0246124
-0.0180071
-0.00780848
0.00431265
0.0177343
0.0311489
0.0363261
0.0391151
0.0376354
0.0323263
0.0237766
0.0127205
0.00043522
-0.0111424
-0.019837
-0.0239404
-0.0226305
-0.0160349
-0.00542163
0.00729604
0.0216983
0.0300916
0.0327685
0.03399
0.0319418
0.0272
0.0203769
0.0119461
0.00260497
-0.00647563
-0.0137303
-0.0175869
-0.0169255
-0.0114266
-0.00209894
0.00909124
0.0218318
0.023959
0.0234859
0.0226912
0.0204441
0.0173733
0.0138533
0.00979185
0.00503266
-0.000214938
-0.00513398
-0.00841622
-0.00870852
-0.00524215
0.00141624
0.00945863
0.0183576
0.0142834
0.0106895
0.00798206
0.00602768
0.005426
0.00611321
0.00724943
0.00772259
0.00678601
0.00452844
0.00194589
0.0005168
0.00139693
0.00451577
0.00847245
0.0124222
0.00302522
-0.00335041
-0.00727543
-0.00845822
-0.00619736
-0.00113277
0.00507416
0.0104843
0.01355
0.0138084
0.0119465
0.00942091
0.00760878
0.00687512
0.00640315
0.00552533
-0.00828622
-0.0168689
-0.0213385
-0.0211629
-0.0160053
-0.00701528
0.00342898
0.0127534
0.0190067
0.0213742
0.0202703
0.0169545
0.0127766
0.00836033
0.00350679
-0.00124936
-0.0185883
-0.0291317
-0.0333203
-0.0316486
-0.0240302
-0.0120921
0.00131152
0.0132833
0.0218086
0.025892
0.0257127
0.0221472
0.0162705
0.00873155
-0.000168917
-0.0076791
-0.0271907
-0.0394943
-0.0431934
-0.0402804
-0.030991
-0.0173768
-0.00248809
0.0109127
0.0208158
0.0263192
0.0272805
0.0241598
0.017545
0.00787545
-0.00426828
-0.0137793
-0.0309993
-0.0446814
-0.0480317
-0.0432667
-0.0307895
-0.0143978
0.000892537
0.0124059
0.0199575
0.0241969
0.0253155
0.0232588
0.0174757
0.00767554
-0.00587214
-0.016513
-0.0254901
-0.0364702
-0.0380935
-0.0339988
-0.0251873
-0.0140999
-0.003276
0.0059813
0.0131732
0.0180137
0.0202153
0.0192513
0.014679
0.00624548
-0.00554218
-0.0138436
-0.0251647
-0.0347691
-0.035799
-0.0324933
-0.0257054
-0.0173021
-0.00931161
-0.00273242
0.00237305
0.00630561
0.00889434
0.00937843
0.00674636
0.000290028
-0.00958552
-0.0160409
-0.0183229
-0.0242137
-0.0238334
-0.0208312
-0.016073
-0.0112614
-0.00800808
-0.00645338
-0.00558563
-0.00434694
-0.00261505
-0.00129939
-0.00172156
-0.00487653
-0.0105477
-0.0132399
-0.00842823
-0.00962149
-0.00777722
-0.00541014
-0.00328367
-0.00256504
-0.00420066
-0.00766173
-0.0112415
-0.0132869
-0.0132479
-0.0117939
-0.0101913
-0.00950288
-0.00982734
-0.00790478
0.00275489
0.00620244
0.00948801
0.0111104
0.0106361
0.00746962
0.00136065
-0.0066343
-0.0143839
-0.0198136
-0.0219002
-0.020844
-0.0175538
-0.0130546
-0.00787377
-0.00106044
0.0136125
0.0204444
0.0247667
0.0256472
0.0229893
0.0167514
0.00718212
-0.0041902
-0.0151828
-0.0234613
-0.0275731
-0.0271436
-0.022579
-0.0148354
-0.00497485
0.00635437
0.0222471
0.0302177
0.0347871
0.0349004
0.0307988
0.0228363
0.0116756
-0.00127302
-0.0139068
-0.0238657
-0.0294023
-0.0295719
-0.0242575
-0.0144003
-0.00159084
0.0129454
0.0269502
0.0336189
0.037442
0.0368467
0.0323476
0.0244932
0.0139083
0.00166438
-0.0105562
-0.0206932
-0.0268084
-0.0274698
-0.0220787
-0.0117206
0.00176181
0.0173622
0.0267622
0.0302341
0.032414
0.0313207
0.0276059
0.0217427
0.0139508
0.00464371
-0.00521414
-0.0140405
-0.0199052
-0.0210435
-0.0164944
-0.00726417
0.0045832
0.0186375
0.0218053
0.0211921
0.0211723
0.019931
0.0180862
0.0157595
0.0124845
0.00778013
0.00173445
-0.00467568
-0.00969546
-0.011384
-0.00853159
-0.00184737
0.00653671
0.0165768
0.0132527
0.00866078
0.00636854
0.00541995
0.0062122
0.00832331
0.010424
0.0110786
0.00949982
0.00603992
0.00216831
-0.000157188
0.000443486
0.00360945
0.00746884
0.0118677
0.00288766
-0.00493944
-0.0090903
-0.00924682
-0.00549611
0.00112961
0.00846534
0.0142412
0.0169579
0.016433
0.0137892
0.010832
0.00899684
0.00827279
0.00732411
0.00576004
-0.0074808
-0.0175852
-0.0225594
-0.021696
-0.015202
-0.00478163
0.00677185
0.0165732
0.022763
0.0247723
0.0233406
0.019943
0.0158861
0.0114819
0.00605909
-0.000466277
-0.0169629
-0.0283802
-0.0332391
-0.0311286
-0.0225344
-0.00956186
0.00472024
0.01695
0.0254803
0.0294643
0.0292446
0.0258135
0.020152
0.0126852
0.0034
-0.00637232
-0.0249298
-0.0373297
-0.0412656
-0.0378795
-0.0279438
-0.0138449
0.00111373
0.0145197
0.024186
0.0294736
0.0304578
0.0275527
0.0211947
0.0116523
-0.000639366
-0.0118821
-0.0283173
-0.0406374
-0.0426116
-0.037072
-0.0252964
-0.0108544
0.00246501
0.0130264
0.0206481
0.0254849
0.0272491
0.0254274
0.0195763
0.00956079
-0.00398107
-0.0147425
-0.0208619
-0.0313011
-0.0334284
-0.0303922
-0.0231293
-0.0134656
-0.00329438
0.00615814
0.014179
0.0196778
0.0224678
0.0218932
0.0176185
0.0096307
-0.00160506
-0.00999916
-0.0222048
-0.0311515
-0.0317016
-0.0284024
-0.0223005
-0.0150807
-0.00833768
-0.00263671
0.00209399
0.00641185
0.00948658
0.0103813
0.00801524
0.00180285
-0.00780469
-0.0138508
-0.0156574
-0.0209611
-0.0197893
-0.016944
-0.0133412
-0.0102579
-0.00860531
-0.00799351
-0.00732668
-0.00579958
-0.00370317
-0.00212965
-0.00235705
-0.00520233
-0.0103473
-0.011519
-0.00702115
-0.00769599
-0.00499301
-0.00282277
-0.00181203
-0.00273297
-0.00586431
-0.0102034
-0.014023
-0.0159905
-0.0158781
-0.0144431
-0.0127712
-0.0117377
-0.0113762
-0.00749847
0.00242927
0.00657095
0.0106392
0.0122311
0.0109766
0.00658424
-0.000677406
-0.00942789
-0.0175818
-0.0233294
-0.0258327
-0.0251962
-0.0220228
-0.0171388
-0.0110864
-0.00237488
0.0116386
0.01956
0.0246237
0.0256578
0.0226242
0.0156504
0.00536178
-0.00669301
-0.0183397
-0.0274563
-0.0325873
-0.033041
-0.0287811
-0.0205443
-0.00951726
0.00347635
0.0190262
0.0285271
0.0338911
0.0343919
0.0303259
0.0220962
0.0104547
-0.00319157
-0.0167977
-0.0281432
-0.0352632
-0.0367103
-0.0318374
-0.021316
-0.00707524
0.00908055
0.0231641
0.0315376
0.0363199
0.0363873
0.0322822
0.0244806
0.0135396
0.000475065
-0.0130956
-0.0250558
-0.0331151
-0.0352629
-0.0304317
-0.0191461
-0.00406068
0.0131537
0.0230744
0.0280631
0.0314135
0.0312628
0.0282363
0.0226431
0.0145325
0.00424539
-0.00721383
-0.0180938
-0.0259748
-0.0285377
-0.0244368
-0.0142765
-0.000937322
0.0148336
0.0186989
0.0190495
0.0203573
0.0203008
0.0193904
0.0175235
0.0139922
0.00826434
0.00057085
-0.00779814
-0.014615
-0.0174529
-0.0148366
-0.00746279
0.0019585
0.0136818
0.0109044
0.00652366
0.00555545
0.00593925
0.00788791
0.0106689
0.0126947
0.012501
0.00951553
0.00446547
-0.00075404
-0.00384496
-0.00334598
0.000164989
0.00435516
0.00999774
0.00123543
-0.00705468
-0.0100831
-0.00894658
-0.0038764
0.00365525
0.0112145
0.0165196
0.0183085
0.0167561
0.0133224
0.0099925
0.00810589
0.00736158
0.00598441
0.00468676
-0.00845707
-0.0193529
-0.0237742
-0.0217238
-0.0138729
-0.00238581
0.00966733
0.0194614
0.0252902
0.0268758
0.0251852
0.0217462
0.0176928
0.0129804
0.00657097
-0.00104377
-0.0168617
-0.0291854
-0.0340421
-0.0310169
-0.0211989
-0.00718978
0.00762485
0.020215
0.0287891
0.0327948
0.0327061
0.0294651
0.0238443
0.0159848
0.00562662
-0.00635735
-0.0239621
-0.0366077
-0.0406273
-0.0364392
-0.0254992
-0.0106453
0.00476806
0.018093
0.0277439
0.0332111
0.0345299
0.0319281
0.0256073
0.0156559
0.00243905
-0.0114232
-0.0241601
-0.0355462
-0.037358
-0.0320559
-0.0214299
-0.00855852
0.00378407
0.0144044
0.0228531
0.0286013
0.0310061
0.0294242
0.023553
0.0134894
7.17567e-05
-0.0116717
-0.0167786
-0.0271788
-0.0304522
-0.0284069
-0.0217974
-0.0122005
-0.00144517
0.00884152
0.0175259
0.023671
0.0266647
0.0260348
0.021671
0.0138151
0.00306574
-0.00647018
-0.0191945
-0.0272981
-0.027787
-0.024709
-0.019243
-0.0128465
-0.00669474
-0.00107556
0.00414683
0.00885932
0.0122649
0.0131866
0.0106424
0.00427922
-0.00521394
-0.0117794
-0.0123096
-0.017022
-0.0158426
-0.013659
-0.0112941
-0.00951589
-0.00864594
-0.00806828
-0.00691298
-0.00487256
-0.00254908
-0.000999498
-0.00132429
-0.00401392
-0.00863526
-0.00922481
-0.00439207
-0.00484394
-0.00220054
-0.000819833
-0.00117228
-0.00347576
-0.00743064
-0.0118473
-0.0152793
-0.0168572
-0.0166222
-0.0152527
-0.0135334
-0.0120894
-0.0109878
-0.00593186
0.00372554
0.00793261
0.0119157
0.0127751
0.0103205
0.00471303
-0.00332985
-0.0122912
-0.0203416
-0.0260328
-0.02866
-0.0281328
-0.0247354
-0.0191691
-0.0121701
-0.00211517
0.0114311
0.0195661
0.0245523
0.0250356
0.021118
0.0131939
0.00218058
-0.010323
-0.0223109
-0.0318701
-0.0375009
-0.0381741
-0.0335131
-0.024277
-0.0119982
0.00230367
0.0174198
0.0275763
0.0330043
0.0332422
0.028647
0.0197065
0.00728478
-0.0071551
-0.0216546
-0.0340121
-0.0420469
-0.0438604
-0.0384404
-0.0266147
-0.0107393
0.00663858
0.0205666
0.030076
0.0352502
0.0354183
0.0311044
0.0227275
0.0108602
-0.00342963
-0.0184357
-0.0319206
-0.0412159
-0.0438377
-0.0383261
-0.0255874
-0.00864278
0.00998605
0.0200507
0.0265162
0.0306788
0.0310128
0.0280406
0.0219299
0.0127017
0.000823262
-0.0124293
-0.0252686
-0.0344718
-0.0375274
-0.0327373
-0.0210873
-0.00585588
0.0114622
0.0157958
0.0176535
0.0201839
0.0209713
0.0203309
0.0179998
0.0132394
0.0057191
-0.00397769
-0.0142047
-0.0223137
-0.0255726
-0.022356
-0.0136946
-0.00268281
0.010705
0.00846872
0.00528584
0.00582442
0.00732253
0.00974974
0.0121976
0.0130696
0.0111674
0.00633615
-0.000293054
-0.00652203
-0.00988212
-0.00892417
-0.00456638
0.000580905
0.00778053
-0.000641015
-0.00825908
-0.00971373
-0.00733608
-0.00155877
0.00588221
0.0125828
0.0165519
0.0169452
0.0142994
0.0102673
0.00683417
0.0052323
0.00477066
0.00352154
0.00326951
-0.0097155
-0.0205049
-0.0236001
-0.0202725
-0.0115632
0.000147676
0.0117854
0.0207969
0.0258302
0.026884
0.0250133
0.0216507
0.0176965
0.0127656
0.00572547
-0.00177282
-0.0174922
-0.0299742
-0.0339536
-0.0297375
-0.0189435
-0.00443029
0.0103181
0.0226205
0.0309434
0.0349162
0.0349938
0.0319403
0.0262688
0.0178773
0.00640111
-0.00667729
-0.0237664
-0.0362572
-0.0396608
-0.034408
-0.0226232
-0.00737325
0.00797203
0.0211346
0.0308774
0.0366795
0.0383936
0.0359957
0.0294684
0.0188235
0.00444448
-0.0114692
-0.0203884
-0.0311828
-0.0333911
-0.0286819
-0.0189401
-0.0068025
0.00560719
0.0170473
0.0265131
0.0330223
0.035731
0.0340927
0.0280146
0.0178323
0.00443913
-0.00867041
-0.0142417
-0.0245161
-0.0283964
-0.0264025
-0.0193394
-0.00876328
0.00287929
0.0138104
0.0227994
0.0288498
0.0314492
0.0302915
0.0254784
0.0174066
0.00670841
-0.00405644
-0.0160823
-0.023046
-0.0236938
-0.0209881
-0.0160406
-0.00998417
-0.00371664
0.00246105
0.00835277
0.013377
0.0166141
0.0169278
0.0137185
0.00701904
-0.00225193
-0.00944431
-0.0088572
-0.0128146
-0.0121935
-0.0108999
-0.00947691
-0.00821727
-0.00711358
-0.00572356
-0.00370736
-0.00126054
0.000903809
0.00179467
0.00093433
-0.00179963
-0.00587343
-0.00660097
-0.00132374
-0.00159795
0.000235141
0.000463065
-0.00103932
-0.0039778
-0.00773603
-0.0113246
-0.0138641
-0.0149832
-0.0148368
-0.0138429
-0.0123056
-0.0106451
-0.00889615
-0.00366044
0.00591878
0.00976533
0.0128035
0.0124322
0.00879382
0.00249026
-0.00550002
-0.0138412
-0.021178
-0.0264683
-0.0290464
-0.0285356
-0.0249108
-0.0187181
-0.0110089
-0.000651979
0.0124347
0.0199539
0.0239724
0.0233273
0.0183457
0.00971687
-0.00148974
-0.0137839
-0.0254715
-0.0348693
-0.04041
-0.0407599
-0.0353448
-0.0250788
-0.0119351
0.00267668
0.0170726
0.0268831
0.0314765
0.0308357
0.0253678
0.0156732
0.00270243
-0.0121038
-0.0268828
-0.0394628
-0.047498
-0.0487802
-0.0421906
-0.0289229
-0.0118967
0.00579344
0.0190981
0.0287236
0.0334921
0.0331395
0.0281428
0.0188996
0.00604206
-0.00926021
-0.025172
-0.0392894
-0.0487567
-0.0507833
-0.0438647
-0.0293918
-0.0109769
0.00811366
0.0178752
0.025121
0.0293916
0.029589
0.0260928
0.0189615
0.00830696
-0.00516488
-0.0199161
-0.0336031
-0.0431826
-0.0456781
-0.0394514
-0.0259733
-0.00909094
0.00896644
0.0134387
0.0166459
0.0198157
0.0208143
0.0197918
0.0163156
0.00980598
0.000315665
-0.0111283
-0.0225023
-0.0310017
-0.0337571
-0.0292329
-0.0188732
-0.00622927
0.00813362
0.00641917
0.00483789
0.00646621
0.00847677
0.0106431
0.0119215
0.0109321
0.00695858
0.000362746
-0.00737196
-0.0139285
-0.0168384
-0.0148182
-0.00913712
-0.0026666
0.00568558
-0.00211374
-0.00823277
-0.00830746
-0.00517146
0.000465029
0.00686005
0.0118534
0.0139615
0.0128567
0.00937589
0.00512139
0.00210984
0.00125014
0.00157594
0.00108259
0.00195314
-0.0105645
-0.0202062
-0.0218557
-0.0176512
-0.00887412
0.00207679
0.0123968
0.020006
0.0239873
0.0245489
0.0226938
0.0196689
0.0161063
0.0114001
0.00444226
-0.00228474
-0.0177863
-0.0294233
-0.0320662
-0.0269133
-0.0158657
-0.00182771
0.0120639
0.0235231
0.0313325
0.0351977
0.035446
0.0326186
0.0270062
0.0183618
0.00640595
-0.00659046
-0.0231847
-0.034786
-0.0370768
-0.0310989
-0.0191382
-0.00436238
0.0104286
0.0233049
0.0331056
0.0391617
0.0411071
0.0387367
0.0319372
0.0207378
0.00566893
-0.010864
-0.0177632
-0.0280355
-0.0305503
-0.0262193
-0.0167962
-0.00459992
0.00852111
0.0208373
0.0309384
0.0376469
0.0401671
0.0381477
0.0316989
0.0212923
0.00781404
-0.00629229
-0.0126882
-0.0221668
-0.0256258
-0.0228627
-0.0147983
-0.00356828
0.00842578
0.01933
0.0278817
0.0333117
0.0351547
0.033287
0.0279538
0.0196491
0.00897471
-0.00242027
-0.0125227
-0.018204
-0.0191238
-0.01692
-0.0123465
-0.00620326
0.000703717
0.00769984
0.0140014
0.0187496
0.0210599
0.0202627
0.0162431
0.00942522
0.000838248
-0.00639965
-0.00531583
-0.00835331
-0.00850092
-0.00803822
-0.0070698
-0.00555152
-0.0034756
-0.000927596
0.00175605
0.0040186
0.00525799
0.00506705
0.00346082
0.00074411
-0.00255764
-0.00354141
0.00192516
0.0019324
0.00261721
0.00173476
-0.000384768
-0.00310399
-0.00583511
-0.00812377
-0.00977515
-0.0107902
-0.0112024
-0.0109566
-0.0098823
-0.00802796
-0.00561668
-0.00079512
0.00858623
0.0119346
0.013544
0.0118674
0.00745009
0.00120534
-0.00592413
-0.0130497
-0.0194016
-0.0242564
-0.0268463
-0.0264403
-0.0226966
-0.0161458
-0.00800101
0.00178399
0.0141494
0.0205369
0.0230376
0.0210763
0.0152517
0.0064651
-0.00423566
-0.0156653
-0.0265104
-0.0352814
-0.0403137
-0.0400542
-0.0338968
-0.0229577
-0.00955656
0.00432135
0.0175845
0.0260688
0.0292938
0.0275019
0.0212026
0.0110856
-0.00189419
-0.0164052
-0.0307162
-0.0426955
-0.0499024
-0.0500284
-0.0421193
-0.0278375
-0.0105526
0.00632331
0.0182952
0.0270648
0.0308109
0.029585
0.0237913
0.0138178
0.000350158
-0.0153327
-0.0312908
-0.0450165
-0.053578
-0.0541698
-0.0455772
-0.0297939
-0.0109138
0.00746938
0.0162001
0.0233089
0.0270346
0.0266678
0.0224056
0.0142202
0.00237274
-0.0121598
-0.0274807
-0.0410562
-0.0498298
-0.0508664
-0.0428615
-0.0279018
-0.0103467
0.00733805
0.0113645
0.0153176
0.0184646
0.0191891
0.0173957
0.0125643
0.00436491
-0.00668988
-0.0191344
-0.030674
-0.038513
-0.0399369
-0.0337469
-0.0218416
-0.00820864
0.00597031
0.00458078
0.00443105
0.00649878
0.00845035
0.00982283
0.00953829
0.00654043
0.00070761
-0.00710016
-0.0151593
-0.0211827
-0.022946
-0.019476
-0.0123905
-0.004806
0.0037297
-0.00321817
-0.0075893
-0.0068816
-0.00366346
0.00116808
0.00592167
0.00885505
0.00908585
0.00676031
0.00289741
-0.00082407
-0.00289486
-0.00261161
-0.00117498
-0.00065234
0.000769227
-0.0107689
-0.0187007
-0.0193634
-0.0149807
-0.00694436
0.00248532
0.0109636
0.0169695
0.0199835
0.0203156
0.0188367
0.016502
0.0137089
0.00971428
0.00347662
-0.00247081
-0.0171323
-0.0272239
-0.0288027
-0.0234613
-0.0130871
-0.000336281
0.0121578
0.0225291
0.0297672
0.0335514
0.0340404
0.0315787
0.0263135
0.0179548
0.00636253
-0.00582732
-0.0213901
-0.0315251
-0.0330326
-0.0271328
-0.01602
-0.00226987
0.0117757
0.0243181
0.0340676
0.0401632
0.0421104
0.0396752
0.0327946
0.0215889
0.00675475
-0.0090684
-0.0158917
-0.025448
-0.0278927
-0.0236684
-0.0142742
-0.00168329
0.0119111
0.0245527
0.0346528
0.0410486
0.0430831
0.0405989
0.0338366
0.0233263
0.00993371
-0.0043596
-0.0108641
-0.0189586
-0.0214944
-0.0180684
-0.00982965
0.00116337
0.012633
0.022915
0.0308058
0.0355318
0.036707
0.0343485
0.0288051
0.020598
0.0103208
-0.000761506
-0.00832803
-0.0129978
-0.0143903
-0.0128534
-0.00857738
-0.00210733
0.00555806
0.0130927
0.0192297
0.0230246
0.0239818
0.0220381
0.0175743
0.0112571
0.00395404
-0.00254713
-0.0014033
-0.0036086
-0.00452118
-0.00473654
-0.00384747
-0.00164951
0.00153179
0.00490384
0.00756158
0.00888635
0.0087339
0.00733712
0.00526886
0.00302048
0.000914372
0.000114634
0.00554248
0.00588272
0.00548454
0.00378765
0.00157677
-0.000401231
-0.00189821
-0.00314574
-0.00452087
-0.00610799
-0.00753966
-0.00817621
-0.00740575
-0.00512384
-0.00180402
0.00273351
0.0117183
0.0146224
0.0148599
0.0121895
0.0075338
0.00190013
-0.00405863
-0.0100278
-0.0157283
-0.0205307
-0.0233933
-0.0232084
-0.0194198
-0.0125262
-0.00398004
0.00507929
0.0163893
0.0215732
0.0225764
0.019557
0.0133527
0.00492102
-0.00488147
-0.0152495
-0.0251921
-0.0332867
-0.0377194
-0.0368169
-0.0301542
-0.0189383
-0.00573173
0.0069681
0.0186378
0.0254288
0.0272641
0.024494
0.0177169
0.00763622
-0.00488255
-0.0186507
-0.0320489
-0.0429488
-0.0488743
-0.047664
-0.0387029
-0.0241223
-0.00746097
0.00785357
0.017999
0.0252623
0.0278184
0.0257878
0.0194584
0.00916901
-0.00437953
-0.0197987
-0.0350689
-0.0476114
-0.0545445
-0.0533413
-0.0433589
-0.0271679
-0.00901709
0.00749329
0.0146349
0.0209746
0.0238812
0.022925
0.0180578
0.00917682
-0.00332234
-0.0181335
-0.0331381
-0.0456667
-0.0527843
-0.0519129
-0.0423668
-0.0268228
-0.00971404
0.00604279
0.009192
0.0132548
0.0159769
0.0162711
0.0137498
0.007828
-0.0015457
-0.0134156
-0.0259221
-0.0366668
-0.0430147
-0.0426459
-0.0349165
-0.0222665
-0.0087528
0.00397686
0.00257681
0.0033513
0.00533161
0.00690332
0.00735189
0.00558208
0.00100146
-0.00602595
-0.0142065
-0.0217108
-0.0264763
-0.0266694
-0.0217856
-0.0137578
-0.00585322
0.00172334
-0.00432825
-0.00725432
-0.00639591
-0.00361668
6.89526e-05
0.00307484
0.00415943
0.00301225
0.000176642
-0.00328477
-0.00601102
-0.00677009
-0.00522897
-0.00280078
-0.00156872
-0.000485384
-0.0106159
-0.0169352
-0.0173396
-0.0134597
-0.00673496
0.000850338
0.00749181
0.0121862
0.0146912
0.0152852
0.01459
0.0132717
0.0114961
0.00843152
0.00310104
-0.00252877
-0.0156209
-0.024186
-0.0254817
-0.0208243
-0.0118585
-0.000799416
0.0102138
0.0196275
0.0265078
0.0304308
0.0313756
0.0295295
0.0249484
0.0173611
0.00673052
-0.00454312
-0.0183323
-0.0272711
-0.028862
-0.0240002
-0.0143087
-0.00175619
0.011578
0.0238074
0.0334324
0.0394552
0.0413659
0.0390107
0.0324606
0.0219256
0.0081769
-0.00626456
-0.013871
-0.0225248
-0.0247764
-0.0207683
-0.0116429
0.00070013
0.0141004
0.0265353
0.0363114
0.0422788
0.0439039
0.0411705
0.0343883
0.0241301
0.0112526
-0.00241696
-0.00804949
-0.0149572
-0.0171287
-0.0141664
-0.0069901
0.00278559
0.0134068
0.0232183
0.0308204
0.0352907
0.0362583
0.0339148
0.0286457
0.0209941
0.0115595
0.00144494
-0.00390138
-0.0083522
-0.0105896
-0.00992966
-0.00597414
0.000798913
0.00894585
0.0165546
0.0220589
0.0247129
0.0245322
0.022027
0.0178744
0.0127125
0.00707841
0.00170776
0.0029023
0.000963511
-0.000750619
-0.00157895
-0.000654272
0.00217607
0.00606523
0.00955611
0.011448
0.0113852
0.00987136
0.00778662
0.00598356
0.0048573
0.00431173
0.00427083
0.00966597
0.0100701
0.00883447
0.00662387
0.004586
0.00335921
0.00267106
0.00166534
-0.000326642
-0.00313071
-0.00574484
-0.0069514
-0.00590019
-0.00263064
0.00195813
0.00688126
0.0154056
0.0178939
0.017198
0.0139989
0.00949264
0.00457416
-0.000539662
-0.006056
-0.011944
-0.0173443
-0.0207816
-0.0207713
-0.0166596
-0.00910938
0.000114581
0.00906308
0.0191706
0.0234137
0.0234309
0.0198679
0.0137094
0.00583207
-0.00320333
-0.0129248
-0.0224916
-0.030346
-0.0344429
-0.0331089
-0.0260226
-0.0146426
-0.001619
0.01033
0.0200966
0.0255922
0.02648
0.02321
0.016386
0.00664603
-0.00529455
-0.0183523
-0.03094
-0.0408405
-0.0455497
-0.0431883
-0.0337114
-0.0194272
-0.00378679
0.0100629
0.01791
0.0239013
0.0256352
0.0232075
0.0167721
0.00659292
-0.00667777
-0.0214913
-0.0357716
-0.0468662
-0.0520267
-0.0492095
-0.0385307
-0.0228849
-0.00627897
0.00814796
0.0131114
0.0185856
0.0208655
0.0196351
0.0145781
0.00552251
-0.00705922
-0.0215262
-0.0356056
-0.0465689
-0.051719
-0.0490584
-0.0386966
-0.0237018
-0.00820095
0.005138
0.00680884
0.0106198
0.0129193
0.012967
0.010076
0.0036149
-0.00623918
-0.0181146
-0.0299066
-0.0391981
-0.0436564
-0.041544
-0.0329309
-0.0206325
-0.00840275
0.00197647
0.000198504
0.00132858
0.00301792
0.00421937
0.00398722
0.00125822
-0.00421429
-0.0115868
-0.0192948
-0.0255542
-0.0286364
-0.0272354
-0.0214067
-0.0134137
-0.00626101
-0.000475456
-0.00582611
-0.00797124
-0.00744346
-0.00525495
-0.0026553
-0.00103144
-0.00114852
-0.00288579
-0.00543409
-0.00785846
-0.00914708
-0.00849909
-0.00598265
-0.00316032
-0.00199999
-0.00206481
-0.0106625
-0.0160316
-0.0167995
-0.0139061
-0.00866473
-0.00274079
0.00256148
0.006616
0.00929519
0.0107203
0.0112018
0.0110769
0.0102712
0.00790873
0.00310514
-0.00284317
-0.0140068
-0.0217761
-0.0236299
-0.0203038
-0.0130384
-0.00359398
0.00627614
0.0151911
0.0221868
0.026678
0.0284386
0.0274823
0.0237883
0.0171048
0.00745505
-0.00328675
-0.0150778
-0.0238698
-0.0262636
-0.0230302
-0.0149114
-0.00343672
0.0093607
0.0214158
0.0310581
0.0372179
0.0394051
0.0375279
0.0317328
0.022294
0.00992685
-0.0032907
-0.0111515
-0.0189773
-0.0217158
-0.0186404
-0.010664
0.000735666
0.0136503
0.0259153
0.0355978
0.0414469
0.0430111
0.0403529
0.0339546
0.0243708
0.0124405
-0.000159591
-0.00464682
-0.0115431
-0.0146744
-0.0135312
-0.00827752
0.000178605
0.0104648
0.0205985
0.0286873
0.0336185
0.0350115
0.0331369
0.0285235
0.0217019
0.0132117
0.0040756
-0.000297087
-0.00568751
-0.00922408
-0.00959152
-0.00598917
0.000958782
0.0093247
0.0167746
0.0217453
0.0237929
0.0233352
0.021164
0.0180091
0.0142566
0.00997137
0.00538645
0.00694469
0.00431229
0.00163166
0.000143407
0.00102135
0.00421328
0.00832783
0.0114009
0.0123048
0.0111215
0.00892029
0.00699201
0.00619932
0.0065853
0.00749433
0.00835453
0.0139124
0.0137743
0.0118799
0.00931378
0.00743732
0.00663797
0.00608252
0.00453146
0.00131925
-0.00283441
-0.0062773
-0.00738114
-0.00533073
-0.000595816
0.00531354
0.011301
0.0194234
0.0213932
0.0202522
0.0168973
0.0126528
0.00817419
0.0032134
-0.00277932
-0.0097186
-0.016264
-0.0203358
-0.0201667
-0.015209
-0.0065236
0.00368699
0.0133719
0.0224401
0.0260929
0.0257983
0.0221829
0.0162862
0.00880551
-7.79706e-06
-0.0099019
-0.0199568
-0.0282587
-0.0324269
-0.0307512
-0.0231369
-0.0113122
0.00192954
0.014076
0.0221018
0.0269423
0.0275907
0.024339
0.0177564
0.00836232
-0.00325893
-0.0161099
-0.0284871
-0.0379665
-0.0419843
-0.0389551
-0.0292898
-0.0154036
-0.000522008
0.012696
0.0183253
0.0236878
0.0252524
0.0229018
0.0166974
0.00680582
-0.00607466
-0.020398
-0.0339041
-0.0438605
-0.0476738
-0.0438707
-0.0332108
-0.0186487
-0.00365935
0.00923412
0.0119572
0.0169408
0.0190658
0.0180005
0.0131417
0.00427537
-0.00795989
-0.0218132
-0.0348096
-0.0442294
-0.0476784
-0.0438372
-0.0335569
-0.0199802
-0.00656991
0.00455906
0.00451617
0.00806894
0.0102705
0.0104052
0.00756217
0.00108577
-0.0086042
-0.0198999
-0.0305321
-0.0381635
-0.0408429
-0.0375067
-0.0289223
-0.0179961
-0.00785332
7.7453e-05
-0.00244111
-0.00135774
0.000104033
0.00123682
0.000741767
-0.00232883
-0.0079114
-0.0148383
-0.0214558
-0.0261186
-0.0275094
-0.0249165
-0.0189635
-0.0119962
-0.00648237
-0.00296787
-0.00789984
-0.0099651
-0.00981647
-0.00816637
-0.0063064
-0.005424
-0.00591726
-0.007354
-0.00893565
-0.00990198
-0.00964924
-0.00785854
-0.00498774
-0.00266699
-0.00249836
-0.00415324
-0.011479
-0.0168037
-0.0183039
-0.0164677
-0.0124599
-0.00760704
-0.00283932
0.00141238
0.00495914
0.0076791
0.00953389
0.0105005
0.0102796
0.00798589
0.00293704
-0.00386594
-0.0133108
-0.021278
-0.0243245
-0.0225286
-0.0167743
-0.00845483
0.000915758
0.0100037
0.01773
0.0232854
0.0262027
0.0262636
0.0233499
0.0172313
0.00798303
-0.00284784
-0.0130265
-0.022363
-0.0265523
-0.0250859
-0.018309
-0.00756974
0.00501361
0.0172286
0.0273162
0.0341135
0.0371136
0.0361228
0.0312785
0.0228488
0.0114354
-0.00132463
-0.0079209
-0.0162791
-0.0202149
-0.0190815
-0.0129014
-0.00247093
0.0103821
0.0230773
0.0332399
0.0394307
0.041257
0.0390604
0.0333621
0.0247362
0.0139204
0.00232561
-0.00203644
-0.0105023
-0.0159694
-0.0173832
-0.0139759
-0.00592344
0.00502733
0.0164162
0.0257636
0.0317167
0.033978
0.0329103
0.029094
0.0230159
0.0150786
0.00622801
0.000802322
-0.00649647
-0.0115522
-0.0128116
-0.00938676
-0.00223335
0.00634817
0.0138321
0.0189432
0.0214105
0.021743
0.0206718
0.0187143
0.0159255
0.011977
0.0070919
0.00938668
0.00515121
0.00133454
-0.000796151
1.27518e-05
0.00337379
0.00744147
0.010136
0.0105348
0.00913338
0.00729185
0.00634198
0.00690045
0.00855866
0.0101671
0.0112364
0.0172247
0.0159384
0.0134292
0.0105697
0.00875155
0.00803746
0.00717213
0.00473018
0.000411929
-0.00450729
-0.00794195
-0.00817505
-0.00470935
0.00146964
0.0083773
0.0149189
0.0230609
0.024327
0.0230512
0.0197349
0.0156764
0.0112322
0.00578273
-0.00130173
-0.00966778
-0.0172749
-0.0215659
-0.0207062
-0.0144669
-0.00445313
0.00670668
0.0173675
0.0258274
0.0291541
0.0290449
0.025681
0.020042
0.0125997
0.00334908
-0.0075018
-0.0187428
-0.0279285
-0.0323053
-0.0301615
-0.0217031
-0.00904666
0.00478644
0.0178339
0.0246477
0.0294184
0.0304002
0.0275162
0.021245
0.0119663
0.000155496
-0.0131871
-0.0261151
-0.0358849
-0.0397884
-0.0364385
-0.0265591
-0.012686
0.00207855
0.015618
0.0195686
0.0249904
0.0269014
0.0249929
0.0191473
0.00947489
-0.00327568
-0.0175237
-0.0308322
-0.040337
-0.0435468
-0.039426
-0.0291295
-0.0155001
-0.00151609
0.0108473
0.0117085
0.0167689
0.0192511
0.0186015
0.0141122
0.00554541
-0.00631682
-0.0196247
-0.0318051
-0.0401676
-0.0426024
-0.0383745
-0.0288132
-0.0168471
-0.00519476
0.00461256
0.00293284
0.00647759
0.0089343
0.00945275
0.00689811
0.000702639
-0.00849238
-0.0189613
-0.0283993
-0.0346223
-0.0360696
-0.0322924
-0.0245392
-0.015503
-0.00750097
-0.00133678
-0.00484678
-0.00393845
-0.00232204
-0.00105254
-0.00147825
-0.00440421
-0.00950609
-0.0155189
-0.0207899
-0.0239169
-0.0240168
-0.0209411
-0.0157234
-0.0105283
-0.00711077
-0.00535352
-0.0104225
-0.0128911
-0.0129038
-0.0114889
-0.00990574
-0.00910469
-0.00922743
-0.00974348
-0.00997073
-0.00940802
-0.00788363
-0.00551912
-0.0031283
-0.00216888
-0.00370787
-0.00678306
-0.0135098
-0.0195276
-0.0216818
-0.0205714
-0.0172199
-0.0126582
-0.00760397
-0.00246276
0.00240702
0.00658126
0.0096685
0.0113017
0.01097
0.0079028
0.00172864
-0.00601404
-0.0146282
-0.023682
-0.0279328
-0.0272868
-0.0223924
-0.0144321
-0.00482481
0.00507269
0.0140423
0.0209683
0.0251113
0.0260017
0.0233801
0.0171
0.00725527
-0.00420886
-0.0136746
-0.0246109
-0.0304688
-0.0302853
-0.0242281
-0.0136599
-0.000881404
0.0119073
0.0229843
0.0310142
0.0352131
0.0352388
0.0310914
0.0230034
0.0115141
-0.00182796
-0.00545214
-0.0154283
-0.0218232
-0.0231891
-0.0185964
-0.0083836
0.00523223
0.0190013
0.0300044
0.0368984
0.0394073
0.0379291
0.0330701
0.0253953
0.0154317
0.00424234
-0.00191216
-0.0131477
-0.0214629
-0.0249744
-0.0222118
-0.0132964
-0.000699781
0.0123413
0.0231397
0.0303157
0.0336104
0.0333978
0.0302057
0.0244257
0.0162918
0.00658408
-0.00229777
-0.011766
-0.0179435
-0.0193937
-0.0156183
-0.0079615
0.00101909
0.00911407
0.0151807
0.0189999
0.0208618
0.021127
0.0199249
0.0170143
0.0119117
0.00519177
0.0084652
0.0023155
-0.00245329
-0.00484097
-0.00384318
-0.000184042
0.00400174
0.00678708
0.0075534
0.00700508
0.00643545
0.00686457
0.00846946
0.0104467
0.0114166
0.011343
0.0180537
0.0153947
0.0124107
0.00945683
0.00774095
0.00700985
0.00576437
0.00273842
-0.0018827
-0.00648104
-0.00894555
-0.00785393
-0.00315005
0.00368933
0.0104419
0.0165931
0.0251563
0.0256632
0.0244237
0.0212901
0.0173395
0.0126144
0.00631922
-0.00200225
-0.0112258
-0.0190378
-0.022724
-0.0206985
-0.0131612
-0.00228211
0.00912429
0.0200894
0.0286572
0.0317976
0.032102
0.0291125
0.0236112
0.0158173
0.00561052
-0.00659715
-0.0190745
-0.0288683
-0.0330188
-0.0300222
-0.0205015
-0.0069987
0.00730017
0.0210581
0.0275894
0.0325826
0.0341504
0.0317219
0.0256255
0.0160814
0.00352594
-0.0108935
-0.024861
-0.0352191
-0.0391159
-0.0353359
-0.0248985
-0.0105748
0.00450751
0.0187798
0.0219969
0.0278458
0.0303447
0.0288789
0.0232321
0.0134393
0.00041614
-0.0143065
-0.0280472
-0.0377423
-0.0409005
-0.0367166
-0.0265361
-0.0131606
0.000661492
0.0133508
0.0131309
0.0186222
0.0216189
0.0213356
0.0170438
0.00859021
-0.00312168
-0.0162187
-0.0281023
-0.0361041
-0.0382838
-0.0342245
-0.0254022
-0.0144646
-0.0036288
0.00597676
0.00302616
0.00686968
0.00976696
0.0105661
0.00817329
0.00223601
-0.00647039
-0.0161789
-0.024716
-0.0301088
-0.0311049
-0.0276248
-0.0210355
-0.0136145
-0.00699634
-0.00143561
-0.00604999
-0.00517021
-0.00316635
-0.0017149
-0.00205172
-0.00467686
-0.00908997
-0.0140281
-0.0180377
-0.0200639
-0.019594
-0.0168583
-0.0129707
-0.00965177
-0.00791857
-0.00680194
-0.0126739
-0.015541
-0.0153939
-0.0139259
-0.0123214
-0.0112033
-0.0105587
-0.00989216
-0.00875353
-0.00701627
-0.00484854
-0.00277282
-0.00160119
-0.00242879
-0.00566993
-0.0092838
-0.0164704
-0.0233255
-0.0256537
-0.0247196
-0.0214089
-0.0164896
-0.0106404
-0.00432025
0.00188425
0.00724106
0.0110178
0.01256
0.0113416
0.00682881
-0.000854991
-0.00911858
-0.0182623
-0.0286015
-0.0334208
-0.0330708
-0.0281781
-0.0198125
-0.0094496
0.00156459
0.0118177
0.0199814
0.0249845
0.026114
0.0230185
0.0156716
0.00457068
-0.00772064
-0.0179354
-0.0305845
-0.0373199
-0.037368
-0.0311247
-0.0201602
-0.00684448
0.00693602
0.01919
0.0285587
0.0339269
0.0346403
0.030506
0.0217447
0.00903606
-0.00565432
-0.00512988
-0.0178013
-0.0270022
-0.0303835
-0.0263229
-0.0151369
-0.000118821
0.0147855
0.0267778
0.0345173
0.0378175
0.0371017
0.0329607
0.0258972
0.0161203
0.00445132
-0.0014187
-0.0155258
-0.0267403
-0.0322924
-0.0294772
-0.0183975
-0.00248416
0.0132567
0.025299
0.0324716
0.0352279
0.0346084
0.0313467
0.0257925
0.0177107
0.00730245
-0.00745123
-0.0185382
-0.0254116
-0.02681
-0.0223157
-0.0131389
-0.00200401
0.00824237
0.0158525
0.0204913
0.0226479
0.0228293
0.0211503
0.0171017
0.0101593
0.001068
0.0043504
-0.00328865
-0.00860251
-0.0107647
-0.0088993
-0.00378008
0.0022103
0.00662576
0.0085007
0.00861614
0.00850148
0.00921177
0.0106047
0.0116203
0.0108138
0.00848402
0.0156658
0.0120214
0.00893936
0.00638436
0.00536642
0.00552939
0.00516135
0.00282095
-0.00131166
-0.0054021
-0.0072057
-0.00548672
-0.000557913
0.00567845
0.0110129
0.0154612
0.0254659
0.0254257
0.0243401
0.0215859
0.0179881
0.0133309
0.00678505
-0.00192927
-0.0114189
-0.0189533
-0.0218237
-0.018812
-0.0106818
0.000115317
0.0107884
0.0210648
0.0313542
0.0344456
0.0350964
0.0323519
0.0267916
0.018439
0.00716027
-0.0062976
-0.0195899
-0.0293826
-0.0327582
-0.0286764
-0.0183052
-0.00442287
0.0098295
0.0238369
0.0319057
0.0372416
0.0392019
0.0368206
0.0303726
0.0200228
0.00620063
-0.00960202
-0.0245408
-0.0350861
-0.0384403
-0.0338211
-0.0226731
-0.00789715
0.00757381
0.0227051
0.026828
0.0332387
0.036068
0.0344668
0.0283455
0.0179405
0.00394062
-0.0116402
-0.0259336
-0.0357022
-0.0385663
-0.0340594
-0.0237384
-0.0102878
0.00387285
0.0175735
0.0173977
0.0234809
0.0267137
0.0261805
0.0214073
0.0125364
0.000540976
-0.0125725
-0.0242578
-0.0319407
-0.0339096
-0.0300344
-0.0218041
-0.0114656
-0.000708441
0.00968572
0.00614857
0.0103846
0.0134333
0.0139197
0.01112
0.00501717
-0.00340038
-0.0124377
-0.0201433
-0.0248294
-0.0255815
-0.0225941
-0.0171374
-0.0109052
-0.00483329
0.00136257
-0.00409769
-0.00303022
-0.00103482
-3.07497e-06
-0.000739541
-0.00328341
-0.0070585
-0.0109566
-0.0138945
-0.0151024
-0.0144224
-0.012307
-0.00973002
-0.00780159
-0.00682241
-0.00513449
-0.0114129
-0.0145004
-0.0144583
-0.0136032
-0.0124556
-0.0111603
-0.00968586
-0.00789673
-0.0057331
-0.0033468
-0.00116791
0.00025138
0.000258087
-0.00172186
-0.00552275
-0.00821553
-0.0154587
-0.0228882
-0.0256116
-0.0255995
-0.0229001
-0.017703
-0.0108474
-0.00332857
0.00372623
0.00938748
0.0129292
0.0138333
0.011751
0.00657542
-0.0012594
-0.00825645
-0.0178879
-0.0290569
-0.034532
-0.0353163
-0.0311575
-0.0223834
-0.0107839
0.00165242
0.0127419
0.0209937
0.0255589
0.026056
0.0224132
0.0147756
0.00372201
-0.00748104
-0.0190806
-0.032784
-0.0402895
-0.0413556
-0.0357572
-0.0244769
-0.00936433
0.00610245
0.0193717
0.0288465
0.0337939
0.033994
0.0294954
0.0204901
0.00754269
-0.00685114
-0.0033724
-0.0186902
-0.0307759
-0.0363988
-0.0326526
-0.0196565
-0.00159324
0.0157104
0.0283628
0.035465
0.0378366
0.0367057
0.0329301
0.0267208
0.01773
0.00626945
)
;

boundaryField
{
    patch0_half0
    {
        type            cyclic;
    }
    patch0_half1
    {
        type            cyclic;
    }
    patch1_half0
    {
        type            cyclic;
    }
    patch1_half1
    {
        type            cyclic;
    }
    patch2_half0
    {
        type            cyclic;
    }
    patch2_half1
    {
        type            cyclic;
    }
}


// ************************************************************************* //
