/*--------------------------------*- C++ -*----------------------------------*\
| =========                 |                                                 |
| \\      /  F ield         | OpenFOAM: The Open Source CFD Toolbox           |
|  \\    /   O peration     | Version:  3.0.0                                 |
|   \\  /    A nd           | Web:      www.OpenFOAM.org                      |
|    \\/     M anipulation  |                                                 |
\*---------------------------------------------------------------------------*/
FoamFile
{
    version     2.0;
    format      ascii;
    class       volScalarField;
    location    "9.25";
    object      p;
}
// * * * * * * * * * * * * * * * * * * * * * * * * * * * * * * * * * * * * * //

dimensions      [0 2 -2 0 0 0 0];

internalField   nonuniform List<scalar> 
4096
(
0.0128306
0.0124042
0.0130413
0.0127821
0.0112338
0.00725964
0.000348701
-0.00819962
-0.0160903
-0.0212409
-0.0225525
-0.0201401
-0.0148574
-0.00811956
-0.00120267
0.00763401
0.0218348
0.0219385
0.0227425
0.021257
0.0171507
0.0107436
0.00264826
-0.00573434
-0.0124918
-0.0160921
-0.015888
-0.0121993
-0.00608446
0.000873717
0.00762769
0.017061
0.0359677
0.0312793
0.0301167
0.0268498
0.0216481
0.0149138
0.00728742
8.82888e-05
-0.00504037
-0.00673763
-0.0042946
0.00185753
0.0102875
0.0184703
0.0249537
0.0351767
0.0436288
0.0337548
0.030975
0.026998
0.0221599
0.0168724
0.0114032
0.00651719
0.00332313
0.00301845
0.0064799
0.0135696
0.0231883
0.0313971
0.0366209
0.0471269
0.0419512
0.0278402
0.0240029
0.0203871
0.0173047
0.0149414
0.0130003
0.0114726
0.0107124
0.0115001
0.0149315
0.0215512
0.0303825
0.0373887
0.0403318
0.0490343
0.0312685
0.0150726
0.0102557
0.00783656
0.00754626
0.00910975
0.0115856
0.014145
0.0162574
0.0181212
0.0208983
0.0257548
0.0325294
0.0370181
0.0368186
0.0409544
0.0154598
-0.000851999
-0.00631915
-0.00727751
-0.00441176
0.00124337
0.00816223
0.0147666
0.0196882
0.0225331
0.024418
0.0270343
0.0305975
0.0319908
0.0284089
0.0261627
2.4473e-05
-0.0154267
-0.0212778
-0.0206823
-0.0150724
-0.00611168
0.00424414
0.0138943
0.0207981
0.0241939
0.0251283
0.0255688
0.0261139
0.0246005
0.0182881
0.010152
-0.0108104
-0.0257547
-0.0310834
-0.0291308
-0.0218041
-0.011029
0.00101095
0.0119038
0.0193931
0.0225632
0.0225225
0.0213547
0.0198761
0.0165583
0.00886821
-0.00180174
-0.016341
-0.0307523
-0.0344356
-0.0314418
-0.0236022
-0.0127122
-0.000978575
0.00914054
0.0155116
0.0175336
0.0165213
0.0144754
0.01223
0.00830899
0.000616425
-0.00703667
-0.0171995
-0.0323187
-0.0328734
-0.0288097
-0.0212725
-0.0115414
-0.00171588
0.00594895
0.00984311
0.00993076
0.00778568
0.0052623
0.00306672
-0.000483225
-0.00748616
-0.00739699
-0.0165816
-0.0318487
-0.0288961
-0.0237034
-0.0166758
-0.00877128
-0.00174306
0.00246702
0.0031072
0.000823199
-0.00260435
-0.00559635
-0.00750734
-0.0102633
-0.0162662
-0.00797367
-0.0162681
-0.0295319
-0.0240054
-0.017854
-0.011372
-0.005444
-0.00175189
-0.00132735
-0.00405813
-0.00871116
-0.0134379
-0.0168673
-0.0185921
-0.0204822
-0.0248214
-0.0114662
-0.0161411
-0.0248146
-0.01802
-0.0115121
-0.00600897
-0.00248898
-0.00224029
-0.00538296
-0.0110277
-0.0175502
-0.0232092
-0.02693
-0.0283897
-0.0291725
-0.031029
-0.0166334
-0.0140549
-0.0168854
-0.00984653
-0.00383451
-0.000153565
0.000307109
-0.00297442
-0.00918282
-0.0168254
-0.0242167
-0.0299084
-0.0331169
-0.0337791
-0.0330308
-0.0320326
-0.019376
-0.00191185
-0.00245432
0.00220562
0.00620156
0.00757671
0.00484361
-0.00183796
-0.0105935
-0.0190852
-0.025392
-0.0285128
-0.0283906
-0.0256143
-0.02152
-0.0173611
-0.00785442
0.0130337
0.013738
0.014964
0.0146539
0.0123561
0.00750469
-0.000303375
-0.00962175
-0.0181613
-0.0237057
-0.0250889
-0.0224066
-0.0165795
-0.00904943
-0.00114146
0.00853238
0.0279913
0.0274329
0.0276819
0.0252583
0.0202128
0.0130891
0.00441631
-0.00445136
-0.0117544
-0.0157829
-0.0156053
-0.0114075
-0.00425317
0.00416665
0.012566
0.0237738
0.0440993
0.0390524
0.0367932
0.0320892
0.0255553
0.0179092
0.0097708
0.00225451
-0.00318351
-0.00505929
-0.00253148
0.00411639
0.0133999
0.0229387
0.0311004
0.0427017
0.0520175
0.042859
0.0386667
0.0328979
0.0263539
0.0197816
0.013548
0.00828649
0.00496054
0.00471879
0.00850726
0.0162634
0.0264162
0.0359205
0.0428391
0.0536173
0.0488714
0.0373439
0.0320873
0.0265863
0.0215844
0.0175896
0.0145328
0.0124296
0.0115287
0.0124874
0.0163545
0.0235777
0.0328051
0.0407883
0.0454124
0.0534355
0.0359571
0.023445
0.0179859
0.0138365
0.0116574
0.0114333
0.0125225
0.0142475
0.0160289
0.0179402
0.0210488
0.0263724
0.0331422
0.0382347
0.0395266
0.042891
0.0170105
0.00463183
-0.000729849
-0.00267551
-0.00135703
0.00262086
0.00810795
0.0136638
0.0179555
0.0205577
0.0225391
0.0253826
0.0288489
0.0303425
0.0278206
0.025425
-0.00245686
-0.0143878
-0.0192979
-0.0189336
-0.014254
-0.00654968
0.00251765
0.0109444
0.0168793
0.0196914
0.0205302
0.0211399
0.0216356
0.0198999
0.0140293
0.006327
-0.0173563
-0.0291469
-0.0331714
-0.0307996
-0.0237026
-0.0136208
-0.00267895
0.00680316
0.0129002
0.0151748
0.0149914
0.0141636
0.0129017
0.00931095
0.0015452
-0.00896099
-0.0254541
-0.0370872
-0.0395662
-0.0357388
-0.0275216
-0.016869
-0.00617674
0.00223291
0.00683513
0.00773949
0.00659685
0.00512766
0.0034792
-0.000317357
-0.00812229
-0.0168125
-0.0277736
-0.0392909
-0.0392063
-0.0343237
-0.0260594
-0.0163194
-0.00766035
-0.00206622
-0.000256609
-0.00137959
-0.00355559
-0.00526319
-0.00648223
-0.00940583
-0.0159249
-0.0185445
-0.0277353
-0.0382982
-0.0352957
-0.0294235
-0.0215152
-0.013492
-0.00786831
-0.00598409
-0.00754419
-0.0109784
-0.0143067
-0.016292
-0.0171215
-0.0189416
-0.0236619
-0.0192507
-0.0277065
-0.0353548
-0.0300058
-0.0232244
-0.0158796
-0.00998191
-0.00776012
-0.00967098
-0.014487
-0.0200931
-0.0245886
-0.0270283
-0.0277045
-0.0285304
-0.0311929
-0.0224306
-0.026694
-0.0296793
-0.0229701
-0.0159146
-0.00976151
-0.00649353
-0.00770345
-0.0129769
-0.0203962
-0.0276609
-0.0330331
-0.0358271
-0.0363554
-0.0360928
-0.0361916
-0.0261954
-0.021675
-0.019902
-0.0128516
-0.00658753
-0.00263015
-0.00259774
-0.00710671
-0.0150106
-0.024069
-0.0320584
-0.0375115
-0.0399677
-0.0397542
-0.0379359
-0.0352311
-0.0255905
-0.00646319
-0.0036871
0.00138435
0.00522698
0.00625723
0.00286519
-0.00449647
-0.0140789
-0.0233217
-0.0300991
-0.0333454
-0.0331035
-0.0300973
-0.0255075
-0.0201752
-0.0115878
0.017322
0.0189432
0.0204228
0.0191678
0.0153501
0.00901278
0.000359698
-0.00944567
-0.0183793
-0.0242758
-0.0258441
-0.0230652
-0.016839
-0.00860431
0.000425254
0.0118736
0.0341366
0.0336021
0.0333861
0.0297729
0.0234313
0.0152446
0.00590919
-0.00340791
-0.0110329
-0.0152137
-0.0148744
-0.0101067
-0.00206811
0.00738992
0.0168983
0.0292179
0.0489369
0.044818
0.0419691
0.0363117
0.0287484
0.0202568
0.011534
0.00360776
-0.00216799
-0.00425318
-0.00164495
0.00546169
0.0154977
0.0259641
0.0350331
0.0464636
0.0547782
0.0478457
0.0431375
0.0366265
0.0292946
0.0220098
0.0152283
0.00952095
0.00582017
0.00527419
0.00896119
0.016995
0.0277334
0.0382017
0.0457767
0.0551572
0.0500157
0.0414902
0.0358642
0.0298132
0.0241816
0.019512
0.0158326
0.0131809
0.0117918
0.0122991
0.0158479
0.023131
0.0328207
0.0416708
0.0472725
0.0532325
0.0360497
0.0268353
0.0211217
0.0166238
0.0138659
0.0128711
0.0131292
0.0140312
0.01506
0.0163048
0.0189411
0.0242523
0.0314886
0.0375546
0.0400655
0.0417677
0.0164505
0.00701132
0.00175554
-0.000472707
0.00026813
0.00335079
0.0076968
0.0120148
0.0151369
0.0167909
0.0182397
0.0211874
0.0253665
0.0280497
0.0269755
0.0240431
-0.00403694
-0.0136219
-0.0180242
-0.0177108
-0.0135035
-0.006725
0.000965057
0.0077358
0.0120427
0.0136024
0.0139033
0.0148531
0.0163732
0.0160095
0.0116527
0.00451972
-0.0208483
-0.0304284
-0.0335319
-0.0308095
-0.0238659
-0.014594
-0.00513128
0.00242527
0.00656656
0.00736623
0.00664048
0.00631641
0.0062348
0.00397106
-0.0024903
-0.012205
-0.0310064
-0.0399143
-0.0411626
-0.0365846
-0.0281973
-0.0182326
-0.00901972
-0.0025808
7.5864e-06
-0.000603108
-0.00230349
-0.00326957
-0.00385807
-0.00656275
-0.0134126
-0.0222602
-0.0344631
-0.0419043
-0.0407461
-0.0350185
-0.0265683
-0.0176044
-0.0104054
-0.00658794
-0.00653846
-0.00900717
-0.0117254
-0.0131052
-0.0136038
-0.0156554
-0.0211228
-0.0255434
-0.0341598
-0.0391283
-0.0354387
-0.02907
-0.0214015
-0.0144639
-0.0102548
-0.00976732
-0.0126343
-0.0171349
-0.021005
-0.0229136
-0.0233068
-0.0243215
-0.0274974
-0.0260738
-0.032619
-0.033997
-0.028301
-0.0216318
-0.0151702
-0.0106957
-0.00973331
-0.0125792
-0.0182075
-0.0245921
-0.0296278
-0.0321994
-0.0326416
-0.0326396
-0.0332144
-0.0274447
-0.0291726
-0.0265273
-0.0197024
-0.0133676
-0.00865088
-0.00695582
-0.00918113
-0.0149755
-0.0228389
-0.0306453
-0.0364975
-0.0394823
-0.039827
-0.0386208
-0.0364842
-0.0284391
-0.0210255
-0.015404
-0.00847671
-0.00341231
-0.00118235
-0.00260607
-0.00783745
-0.0159792
-0.0252574
-0.033614
-0.0394185
-0.0419649
-0.0414256
-0.0385656
-0.0338377
-0.0245223
-0.0041817
0.000950362
0.00607509
0.00865713
0.00792632
0.00348318
-0.0042233
-0.0138232
-0.0232653
-0.0305031
-0.0342822
-0.034391
-0.0313478
-0.0260869
-0.0192497
-0.00954331
0.0211985
0.022969
0.0244154
0.0226231
0.0180591
0.0110654
0.00185516
-0.00860661
-0.0182589
-0.0246571
-0.0263098
-0.023198
-0.0163445
-0.00733291
0.00252141
0.0149584
0.0370688
0.0368674
0.0361129
0.031804
0.024878
0.0162582
0.00659114
-0.00309842
-0.0110053
-0.0153065
-0.0148164
-0.00965765
-0.00104633
0.00912715
0.0193235
0.0315623
0.0489508
0.0460693
0.0428779
0.0368578
0.0290308
0.0203811
0.011565
0.00351822
-0.00245718
-0.00468329
-0.00215999
0.00492412
0.0150404
0.0257805
0.0353259
0.0456277
0.051929
0.0472381
0.0424253
0.0358476
0.0285072
0.0212236
0.0144295
0.0086795
0.00485896
0.00412231
0.00750255
0.0151707
0.0255969
0.0359195
0.0440003
0.051494
0.0454998
0.0396279
0.0341744
0.0282837
0.0227745
0.0181046
0.0143067
0.0114417
0.0097705
0.00992313
0.0130073
0.0198143
0.029143
0.0379049
0.0437762
0.0479561
0.0311627
0.0245491
0.0192725
0.0150926
0.0124503
0.0112657
0.0110685
0.011318
0.0116326
0.0122107
0.0143122
0.0193305
0.0265103
0.0327743
0.0357332
0.0362485
0.0121075
0.00493956
0.000404726
-0.0014089
-0.000631653
0.00198835
0.00540023
0.00847309
0.0103046
0.010912
0.0118161
0.0148278
0.0194988
0.0228381
0.0225116
0.0193016
-0.00766098
-0.0152279
-0.0185749
-0.0177221
-0.0135519
-0.00747868
-0.0011552
0.00383899
0.00635505
0.00655723
0.00632819
0.00766775
0.0101449
0.0107977
0.00739016
0.00079106
-0.0240994
-0.0314907
-0.0331911
-0.0297557
-0.0228345
-0.0144451
-0.00660917
-0.00110205
0.00102776
0.000354327
-0.000884645
-0.000712397
0.000262773
-0.000966339
-0.00652396
-0.0153332
-0.0340433
-0.0401475
-0.0398468
-0.0344567
-0.0261002
-0.0170826
-0.00951133
-0.00503873
-0.00432144
-0.00629099
-0.00848233
-0.00910929
-0.00888416
-0.010837
-0.016874
-0.0254269
-0.0369652
-0.0406525
-0.0382451
-0.031872
-0.0235776
-0.0155902
-0.00983591
-0.00759451
-0.00898866
-0.0125536
-0.0157311
-0.0169806
-0.0170776
-0.0186265
-0.0232368
-0.0286224
-0.035488
-0.035981
-0.0316397
-0.0250556
-0.0178364
-0.0119046
-0.00882921
-0.00939833
-0.0132119
-0.0184542
-0.0227314
-0.0246918
-0.0249368
-0.0255079
-0.0275396
-0.0281778
-0.0321687
-0.0292651
-0.0234325
-0.0170895
-0.01143
-0.00796307
-0.00781916
-0.0112707
-0.0174332
-0.0242991
-0.0296416
-0.0322859
-0.0326047
-0.0320203
-0.0311925
-0.0275368
-0.0265255
-0.0208797
-0.0142714
-0.00872315
-0.00507912
-0.0043439
-0.00715728
-0.0132918
-0.0214688
-0.0295816
-0.0355875
-0.0384688
-0.038415
-0.0363893
-0.0328071
-0.0259613
-0.0161376
-0.00940621
-0.00298451
0.000984132
0.0020258
-0.000252716
-0.00595016
-0.0143892
-0.0238698
-0.0323685
-0.0381048
-0.0402803
-0.0390897
-0.0351629
-0.0290795
-0.0197356
0.000759554
0.00609574
0.0109073
0.0125999
0.0109938
0.00609714
-0.00182405
-0.0117507
-0.021759
-0.0295009
-0.0335027
-0.0334348
-0.0298453
-0.0237554
-0.0158043
-0.00495225
0.0243985
0.026114
0.027319
0.0253303
0.0207414
0.0137797
0.00434674
-0.00679724
-0.017402
-0.0245817
-0.026428
-0.0230054
-0.0155267
-0.00575255
0.00475206
0.0173719
0.037095
0.0374078
0.0361943
0.0316352
0.0246626
0.0160614
0.00629778
-0.00367333
-0.0120023
-0.0165264
-0.0160356
-0.0107337
-0.00186606
0.00871589
0.0193803
0.0309322
0.0447661
0.0433527
0.0401233
0.0342353
0.0267138
0.0183854
0.00973261
0.00159952
-0.00456565
-0.00705451
-0.00483411
0.00185024
0.011572
0.0221574
0.0318567
0.0410333
0.0448436
0.0419324
0.0374277
0.031284
0.0244713
0.0176562
0.0111541
0.00546295
0.00151122
0.00050166
0.00341887
0.0103877
0.0200408
0.0298154
0.0377829
0.0439441
0.037166
0.0330289
0.0281056
0.0228034
0.0178584
0.0135955
0.0099325
0.00697804
0.00504483
0.00483726
0.00746293
0.013665
0.0223243
0.0305577
0.0361961
0.0392179
0.0233143
0.0181804
0.0135531
0.00997285
0.00775075
0.00664899
0.0062308
0.00596889
0.00566364
0.00569779
0.00744254
0.0122725
0.019308
0.0254117
0.0282666
0.0280499
0.00600501
8.79777e-05
-0.00369021
-0.00496207
-0.00401631
-0.00170118
0.000946798
0.00296753
0.00374943
0.00361894
0.00432179
0.00764975
0.0128014
0.016468
0.0163061
0.0128749
-0.0114217
-0.0177358
-0.0201243
-0.018766
-0.0146848
-0.00934773
-0.0042804
-0.000779939
0.000389677
-0.000236573
-0.000531703
0.00143491
0.00475344
0.00601527
0.00297879
-0.00331642
-0.0254681
-0.0313031
-0.0317798
-0.0278647
-0.0212505
-0.0139096
-0.00761314
-0.00376394
-0.00300848
-0.0044514
-0.00569986
-0.00492573
-0.00321564
-0.00392485
-0.0090754
-0.0171483
-0.0332118
-0.0373426
-0.0357169
-0.0298903
-0.0219849
-0.014117
-0.00804835
-0.00504743
-0.00545058
-0.00803481
-0.0102625
-0.0105562
-0.0100554
-0.0118324
-0.0175427
-0.0253993
-0.0341236
-0.0355541
-0.0320875
-0.025458
-0.0176713
-0.0107072
-0.00612359
-0.00490134
-0.0069508
-0.0110719
-0.0142833
-0.015525
-0.0157376
-0.0174176
-0.0218011
-0.0271216
-0.0306828
-0.0291084
-0.0242782
-0.0177331
-0.0110546
-0.00589506
-0.00353958
-0.00465292
-0.00880794
-0.0142667
-0.0186418
-0.0207545
-0.0212539
-0.0219956
-0.0238018
-0.0250927
-0.0254058
-0.0213854
-0.0156079
-0.0096555
-0.00458092
-0.00164456
-0.00185337
-0.00551635
-0.0118263
-0.0187878
-0.024117
-0.0268374
-0.0272063
-0.0265545
-0.0254431
-0.0225024
-0.0181658
-0.012794
-0.00668527
-0.0018411
0.00115465
0.00149517
-0.00150716
-0.00767735
-0.0159931
-0.024233
-0.0301392
-0.0326551
-0.0321906
-0.0297163
-0.0257646
-0.0190115
-0.00729391
-0.00186784
0.00371032
0.00674234
0.007056
0.00442426
-0.00151635
-0.0103137
-0.0200038
-0.0283563
-0.0336579
-0.0351393
-0.0330053
-0.0283481
-0.0217482
-0.0117826
0.00777401
0.0119805
0.0161636
0.0172865
0.0154675
0.0105947
0.00256061
-0.00790263
-0.0186286
-0.0268739
-0.0310026
-0.0305002
-0.0261127
-0.0190378
-0.0104827
0.00125242
0.0266245
0.0285755
0.02945
0.0275858
0.0235453
0.0172044
0.00794305
-0.00377963
-0.015534
-0.0238844
-0.0265045
-0.0231665
-0.0153113
-0.00485847
0.00638198
0.0188143
0.034505
0.0355976
0.0342208
0.0297657
0.0231072
0.0147793
0.00501168
-0.00532826
-0.014246
-0.0193342
-0.0191369
-0.0139911
-0.00510305
0.00575801
0.0168935
0.027925
0.0378014
0.0375197
0.0345915
0.0292475
0.0224271
0.0147015
0.00632871
-0.00198735
-0.00866763
-0.0117639
-0.010177
-0.00412071
0.00506956
0.015419
0.0252052
0.0337091
0.0351591
0.0332604
0.0293237
0.0239632
0.0180303
0.0119507
0.00584595
0.00011814
-0.00420793
-0.00578034
-0.00351571
0.00270286
0.0116044
0.0208307
0.0285131
0.0340088
0.0268036
0.0233667
0.0190046
0.0144584
0.0102795
0.00657356
0.00317902
0.00012706
-0.00213444
-0.00275268
-0.00053632
0.00523874
0.0134104
0.0211484
0.0263272
0.0286303
0.0142447
0.00948459
0.0052844
0.00223338
0.000437079
-0.000479111
-0.00103835
-0.00164771
-0.00234729
-0.00256335
-0.000827978
0.00414009
0.0112347
0.017158
0.019597
0.018697
-0.000240679
-0.00597996
-0.00942947
-0.0104594
-0.00956473
-0.00760097
-0.00555422
-0.00418718
-0.00386752
-0.00405541
-0.0029537
0.00103004
0.00669827
0.0104739
0.0100367
0.00616214
-0.013938
-0.0200408
-0.0220421
-0.0207064
-0.0171034
-0.0126245
-0.00855976
-0.00591653
-0.00517667
-0.00564311
-0.00526733
-0.00244743
0.00146519
0.00285532
-0.000342904
-0.00657518
-0.0239848
-0.0294446
-0.0293669
-0.025627
-0.0198279
-0.0136457
-0.00851371
-0.00549845
-0.00500443
-0.00610207
-0.00664579
-0.00522212
-0.00325568
-0.00410628
-0.00937714
-0.0167421
-0.0280692
-0.0318312
-0.0295822
-0.0239992
-0.0169761
-0.0102283
-0.00514708
-0.00270902
-0.00312393
-0.0052472
-0.00697256
-0.00705022
-0.0068373
-0.00912971
-0.0150592
-0.0218114
-0.0260417
-0.0275542
-0.0236145
-0.0172008
-0.0101041
-0.00389796
0.000145897
0.00120586
-0.000679244
-0.0041963
-0.00725067
-0.00865488
-0.0095528
-0.0120542
-0.0169058
-0.0212224
-0.0203707
-0.0197304
-0.0147893
-0.00846406
-0.00218044
0.00270416
0.00500866
0.00409024
0.000298955
-0.00476118
-0.00898539
-0.011476
-0.0127148
-0.0143067
-0.0167986
-0.0174484
-0.0135747
-0.0114402
-0.00601831
-0.00039245
0.00450009
0.00752186
0.00755751
0.00418466
-0.00180101
-0.00850378
-0.0137522
-0.0165848
-0.0173382
-0.0172116
-0.0167684
-0.0133337
-0.0058926
-0.00304291
0.00226081
0.00657747
0.00941852
0.00992325
0.00712812
0.00098001
-0.00721605
-0.0151476
-0.020746
-0.02304
-0.0223794
-0.0198222
-0.0162637
-0.00893679
0.00369102
0.00670513
0.0111366
0.013393
0.0134101
0.0107678
0.00484906
-0.00391084
-0.0136392
-0.02188
-0.0267756
-0.0277091
-0.0248563
-0.0196488
-0.0128464
-0.0023549
0.0152985
0.0182109
0.0215487
0.0223603
0.0207812
0.0164348
0.0085975
-0.00226636
-0.0138302
-0.0229119
-0.0272854
-0.0264396
-0.0214852
-0.0136625
-0.00444433
0.0076197
0.0271198
0.0295761
0.0302439
0.0288193
0.0258268
0.0206672
0.0120752
0.00010079
-0.0127865
-0.0227029
-0.0267095
-0.0242481
-0.0164964
-0.00558233
0.00642453
0.0187552
0.0297985
0.031557
0.0303149
0.0262637
0.020184
0.0123202
0.00263897
-0.00806803
-0.0176855
-0.0235785
-0.0241322
-0.0193751
-0.0106709
0.000375489
0.011955
0.0229334
0.0290968
0.0293599
0.0268791
0.022359
0.0165165
0.0096059
0.00158039
-0.00698009
-0.014379
-0.0184315
-0.0177187
-0.0124043
-0.00368445
0.00652431
0.0163857
0.0248096
0.0242355
0.022563
0.0191579
0.0147006
0.00982413
0.00463618
-0.00101673
-0.00683267
-0.0116419
-0.0139926
-0.0124587
-0.00687063
0.0015446
0.0104361
0.0178243
0.0229578
0.0157547
0.01218
0.00812438
0.00423221
0.000817521
-0.0022682
-0.00534293
-0.00843459
-0.0109389
-0.0118324
-0.00979852
-0.00416653
0.00380495
0.0112275
0.015872
0.0174463
0.00506124
-0.000182794
-0.00439605
-0.00722619
-0.00879504
-0.00957101
-0.0101318
-0.0107964
-0.0114548
-0.0113909
-0.00915907
-0.00372305
0.00352294
0.00921786
0.0110098
0.00924715
-0.0059846
-0.0124465
-0.0161247
-0.0173944
-0.0168432
-0.0152974
-0.0135836
-0.0122904
-0.011624
-0.0109921
-0.00881661
-0.00396419
0.00199777
0.00547842
0.00434399
-0.000134312
-0.0152566
-0.022138
-0.0244112
-0.0236307
-0.0208687
-0.0172171
-0.0136862
-0.0110469
-0.00965145
-0.00889961
-0.00718379
-0.00351189
0.000455025
0.00130876
-0.00259423
-0.00880956
-0.0206052
-0.0268651
-0.0270217
-0.023995
-0.019237
-0.0139831
-0.00932968
-0.00611758
-0.00470933
-0.00443884
-0.00375975
-0.00188124
-0.000358931
-0.00206828
-0.0080252
-0.0146764
-0.0205858
-0.0254355
-0.0233669
-0.0184267
-0.0122664
-0.00615592
-0.00121565
0.00171732
0.00236708
0.00150097
0.000626386
0.000441859
-0.00030175
-0.00377585
-0.0104695
-0.0160789
-0.015663
-0.018906
-0.0151646
-0.00911571
-0.00237969
0.00377665
0.00818055
0.0100227
0.00920783
0.00671507
0.00409442
0.0021121
-5.63432e-05
-0.00396652
-0.00985161
-0.0131041
-0.00822941
-0.0101459
-0.00554356
0.000688806
0.00717417
0.0126135
0.0157183
0.0157267
0.0128808
0.00851464
0.00433707
0.00122761
-0.00123651
-0.00422143
-0.00798125
-0.00797003
-0.000689034
-0.00156761
0.0031942
0.00880791
0.0142141
0.0181387
0.0191309
0.0166037
0.0112919
0.00503731
-0.000256967
-0.00356887
-0.00516266
-0.00606096
-0.00675817
-0.00308725
0.00637917
0.00648297
0.0107642
0.0149255
0.018205
0.0195594
0.0175464
0.0119231
0.0040748
-0.00363727
-0.00913236
-0.0115435
-0.0111422
-0.00901509
-0.00602614
0.00119272
0.0135155
0.0147038
0.0178624
0.0196079
0.0198037
0.0175705
0.0119729
0.00338891
-0.00620486
-0.014242
-0.0188322
-0.0193669
-0.0162957
-0.0108066
-0.00403659
0.00605776
0.0209821
0.0232821
0.0257417
0.0264951
0.0256772
0.0223521
0.0151532
0.00422525
-0.00801866
-0.0180291
-0.0231177
-0.0225817
-0.0173183
-0.00896864
0.00081504
0.0124941
0.0256211
0.0282384
0.0288575
0.0280959
0.0264717
0.0229379
0.0155207
0.00382722
-0.00978226
-0.0212168
-0.0269915
-0.0259623
-0.0190207
-0.0081346
0.0043206
0.0170459
0.0235083
0.0252842
0.0244287
0.0210148
0.0157068
0.00847394
-0.000962478
-0.0118503
-0.0219867
-0.0286144
-0.029941
-0.0258587
-0.0174555
-0.00645425
0.00521654
0.016504
0.0196094
0.0195678
0.0175819
0.0139445
0.00922235
0.00328512
-0.00426656
-0.0129609
-0.0209853
-0.0258949
-0.0260605
-0.021377
-0.0130022
-0.00289447
0.00682924
0.0152313
0.0131729
0.0110199
0.00787731
0.00424153
0.000460593
-0.00374056
-0.00884276
-0.0146446
-0.0199349
-0.0227206
-0.0216803
-0.0164701
-0.00833374
0.000366134
0.00733325
0.0118742
0.0050208
0.000679718
-0.00345997
-0.00692381
-0.00965923
-0.0121044
-0.0147697
-0.0176496
-0.02008
-0.0208259
-0.0185728
-0.0127938
-0.00491089
0.0021699
0.00610428
0.00668855
-0.00360698
-0.00996274
-0.0145783
-0.0175163
-0.0190159
-0.0196108
-0.0199395
-0.0202265
-0.0202664
-0.0192961
-0.0160839
-0.0100339
-0.00280913
0.00231057
0.00315705
0.000454599
-0.0112573
-0.019086
-0.0233852
-0.0251775
-0.0251113
-0.0238307
-0.0220099
-0.02012
-0.0183086
-0.0161152
-0.012449
-0.00684384
-0.00112102
0.00146704
-0.000765368
-0.00573499
-0.0163575
-0.02463
-0.0275537
-0.0275873
-0.0256294
-0.0224313
-0.018765
-0.0152669
-0.0123232
-0.00966481
-0.00638991
-0.00223824
0.00105012
0.000678745
-0.00433347
-0.0104602
-0.017506
-0.025045
-0.0258323
-0.0236425
-0.0196386
-0.0146863
-0.00965857
-0.00532082
-0.00217749
-4.14427e-05
0.00185006
0.00367352
0.00403874
0.000874062
-0.00611289
-0.0122834
-0.014123
-0.0202392
-0.0187414
-0.0143739
-0.00852345
-0.00222668
0.00348666
0.00775848
0.0100957
0.0107611
0.0105519
0.00978048
0.00751319
0.00244409
-0.0052822
-0.0104403
-0.00716215
-0.0118683
-0.00863072
-0.0026906
0.0044237
0.0114263
0.0170331
0.0203144
0.0209794
0.0195645
0.0171111
0.014161
0.0103053
0.00471757
-0.00234788
-0.00560746
0.00115972
-0.00241032
0.00164208
0.00816487
0.0156267
0.0224553
0.0270325
0.0284474
0.0267896
0.0230925
0.0187427
0.0145876
0.0105278
0.00594148
0.000899901
0.000241601
0.00877327
0.00635259
0.0103542
0.0163522
0.0229851
0.0284972
0.0309995
0.0297037
0.0252374
0.0193175
0.0137425
0.00954158
0.00669873
0.00454439
0.00276332
0.00522238
0.0148556
0.0139563
0.0172622
0.0215563
0.025922
0.0286758
0.0279175
0.0231953
0.0158713
0.00830254
0.00255922
-0.000403496
-0.000747507
0.00065485
0.00303692
0.00883356
0.019563
0.0203955
0.0225636
0.0241691
0.0248411
0.0233679
0.0184439
0.0103631
0.00114138
-0.00665585
-0.0111814
-0.0118323
-0.00901177
-0.00374697
0.00288102
0.011739
0.0235765
0.0257577
0.0274782
0.0284449
0.028716
0.0268133
0.020705
0.010209
-0.00228532
-0.0130592
-0.0190793
-0.0192784
-0.0143347
-0.00592036
0.00414392
0.0152156
0.022654
0.0241433
0.0248487
0.0246742
0.0244355
0.0227579
0.0168309
0.00594433
-0.00770693
-0.019999
-0.0272298
-0.0277399
-0.0219411
-0.011619
0.000609082
0.0142388
0.0164021
0.0171311
0.0166178
0.0139878
0.00959031
0.00315395
-0.00581382
-0.0165288
-0.0267019
-0.0335597
-0.0352744
-0.0316693
-0.0236911
-0.0130998
-0.00208819
0.00928512
0.0102639
0.00913941
0.00729908
0.00449771
0.000945509
-0.00391136
-0.0108234
-0.0193641
-0.0275654
-0.0328291
-0.0333585
-0.0289569
-0.0208128
-0.0109809
-0.00188932
0.00590719
0.00301387
-0.000207218
-0.00348552
-0.00649355
-0.00923662
-0.0123964
-0.0168051
-0.0223039
-0.0274923
-0.0303316
-0.0292819
-0.0240923
-0.0161074
-0.00778177
-0.00158331
0.00184489
-0.00449436
-0.010084
-0.0146079
-0.0178516
-0.0200095
-0.0217482
-0.0237702
-0.0261185
-0.0279916
-0.0280744
-0.0251743
-0.019089
-0.0114279
-0.00499803
-0.00206611
-0.0026147
-0.0112163
-0.019107
-0.0243126
-0.0274613
-0.0288854
-0.0291703
-0.0289079
-0.0283539
-0.0272423
-0.0248931
-0.0204792
-0.0139813
-0.00723594
-0.00315247
-0.00351936
-0.00689974
-0.0161114
-0.025573
-0.0305056
-0.0328644
-0.0331026
-0.0317127
-0.0292714
-0.0262109
-0.0227309
-0.0186676
-0.0135856
-0.00770936
-0.00288132
-0.00169572
-0.00522687
-0.0103214
-0.0180615
-0.0276904
-0.0312747
-0.0319755
-0.0304003
-0.0270589
-0.0225871
-0.0176235
-0.0127236
-0.00809616
-0.00361663
0.000367773
0.00233678
0.000362973
-0.00584351
-0.0118199
-0.0162741
-0.0246096
-0.0260245
-0.0243688
-0.0204904
-0.0150904
-0.00898104
-0.0029979
0.0020936
0.00592366
0.00852496
0.0096592
0.00844541
0.00366411
-0.00432038
-0.0104802
-0.0107796
-0.0171241
-0.0161715
-0.011984
-0.00572281
0.00150258
0.00859255
0.014545
0.0185898
0.020481
0.0204469
0.0186792
0.0146457
0.00801054
-0.000580786
-0.00623082
-0.00275847
-0.00730625
-0.00452688
0.00168651
0.00980538
0.0182359
0.0254436
0.0303372
0.0323743
0.0317293
0.0290668
0.0248811
0.0192764
0.0121722
0.00424922
-0.000153534
0.00585018
0.00265502
0.0062486
0.0133521
0.0222201
0.0307813
0.0370407
0.0399233
0.0393519
0.036098
0.0313338
0.0259547
0.0202749
0.0142592
0.00835068
0.00599457
0.0133455
0.0113755
0.0147912
0.0214381
0.0295015
0.0367675
0.0408923
0.0408951
0.0373097
0.0316655
0.0256547
0.0203889
0.0161739
0.0127773
0.01019
0.0107707
0.018682
0.0181602
0.0208926
0.0255431
0.0310962
0.0353735
0.0360474
0.0324607
0.0258702
0.0185225
0.012438
0.00866805
0.00727294
0.00768231
0.00934353
0.0135644
0.0216775
0.0224042
0.0242248
0.025974
0.0272895
0.0267245
0.0227257
0.015504
0.00699628
-0.000367298
-0.00485458
-0.00587379
-0.00371224
0.000762021
0.00671372
0.0146501
0.0236744
0.0249062
0.0261548
0.0274008
0.028838
0.0285115
0.0237341
0.0140848
0.00190087
-0.0090993
-0.015761
-0.0167246
-0.0123715
-0.00436142
0.00535588
0.0164165
0.0196751
0.0179841
0.0185142
0.0185793
0.0195421
0.0194867
0.0151112
0.00528815
-0.0077451
-0.0199236
-0.027625
-0.0289793
-0.0240752
-0.0145145
-0.00336914
0.0114002
0.00947253
0.00797784
0.00742852
0.0057098
0.00232713
-0.00318817
-0.0114571
-0.021612
-0.0312347
-0.0375946
-0.0390029
-0.0353408
-0.0276513
-0.0178416
-0.00845975
0.0021596
0.00214687
-0.000681398
-0.00279848
-0.004927
-0.00736742
-0.0111396
-0.0173076
-0.0253757
-0.0331817
-0.038026
-0.0381702
-0.0335403
-0.0254805
-0.0161808
-0.00837804
-0.00205439
-0.00513772
-0.00980501
-0.013514
-0.0161145
-0.0179689
-0.0201446
-0.0237627
-0.0286658
-0.0332765
-0.035476
-0.0338178
-0.028325
-0.0205193
-0.0128426
-0.00782036
-0.00587792
-0.0116634
-0.0188376
-0.0238582
-0.0269935
-0.0286295
-0.0296308
-0.0308644
-0.0323731
-0.0332682
-0.0322621
-0.0284599
-0.0221069
-0.0149442
-0.00950333
-0.00779848
-0.00929757
-0.0169127
-0.0265136
-0.0321734
-0.0354696
-0.0367008
-0.0364333
-0.0353226
-0.0336151
-0.0310776
-0.027237
-0.0217826
-0.0152448
-0.00943231
-0.00668763
-0.0083036
-0.0117732
-0.0199694
-0.0310091
-0.0363681
-0.0390031
-0.0391739
-0.0372458
-0.0337922
-0.029284
-0.0240693
-0.0183688
-0.012395
-0.00686457
-0.00336859
-0.00371666
-0.00840692
-0.0131908
-0.0200853
-0.0306412
-0.034642
-0.0355877
-0.0338348
-0.0297847
-0.0240944
-0.0175035
-0.0108186
-0.00473222
0.000253334
0.00348384
0.00388183
0.000401711
-0.00674195
-0.0125752
-0.0166843
-0.0250452
-0.0268521
-0.025278
-0.020927
-0.0145547
-0.00705779
0.000557028
0.00723418
0.0121338
0.0147957
0.0149202
0.0120896
0.00596672
-0.00267075
-0.00919448
-0.0100543
-0.0156766
-0.015041
-0.0107169
-0.0035456
0.00488599
0.0134192
0.0208605
0.0261724
0.0287215
0.0283711
0.0254723
0.0199664
0.0121786
0.00314331
-0.00332352
-0.00146712
-0.00494825
-0.00236218
0.00426937
0.0134909
0.0233202
0.0319476
0.0381354
0.0411574
0.0409108
0.0378714
0.0325072
0.025524
0.0173601
0.00902043
0.00366221
0.00739955
0.00508657
0.00857336
0.0161862
0.0262275
0.0361961
0.0437928
0.0478135
0.0480658
0.0451103
0.0399619
0.0335853
0.0266771
0.0196292
0.013239
0.0100794
0.0148972
0.0132194
0.0166134
0.0236197
0.0327511
0.0413324
0.046715
0.0478132
0.0450589
0.0397826
0.0335185
0.0274503
0.0221618
0.0177102
0.0143324
0.0146226
0.0196562
0.0185968
0.0213679
0.0263369
0.0326997
0.0381346
0.0400384
0.0376061
0.03195
0.0251074
0.0189573
0.0145857
0.0122608
0.0116044
0.0119898
0.0164501
0.0211224
0.0205644
0.0225589
0.0246046
0.0264672
0.0267062
0.0236855
0.0175484
0.0100924
0.00350582
-0.000672417
-0.00191755
-0.000449773
0.00276681
0.00714845
0.0156405
0.0227253
0.0209821
0.0218336
0.0233475
0.0258148
0.026872
0.0233524
0.0146575
0.00322858
-0.00728926
-0.0138344
-0.0149893
-0.0109121
-0.00352195
0.0050983
0.0170077
0.0173328
0.010982
0.0105727
0.0108212
0.01266
0.0138826
0.0106692
0.00181662
-0.0102011
-0.0214223
-0.0284102
-0.0294926
-0.0248701
-0.015715
-0.00618946
0.00923601
0.00367084
-0.000532124
-0.001213
-0.00238076
-0.00475741
-0.00929499
-0.0167263
-0.0260302
-0.0346294
-0.0398837
-0.0403401
-0.0361676
-0.028645
-0.0198076
-0.012687
-0.00384291
-0.00361187
-0.00826265
-0.0109049
-0.012609
-0.0141569
-0.0170351
-0.0224408
-0.029791
-0.0366849
-0.0404323
-0.0395448
-0.0343023
-0.0262828
-0.0177769
-0.0116666
-0.00740589
-0.0100262
-0.0162122
-0.0204313
-0.0228066
-0.0239953
-0.0254062
-0.0282912
-0.0324163
-0.0360417
-0.0370877
-0.0344241
-0.0284866
-0.0209685
-0.0141824
-0.0105097
-0.00989167
-0.0154577
-0.0241859
-0.0295164
-0.0325504
-0.0337371
-0.0340604
-0.0344977
-0.0350392
-0.0347614
-0.0325275
-0.0278583
-0.0214334
-0.0149865
-0.0106687
-0.0101279
-0.0117105
-0.0194945
-0.0308409
-0.0366488
-0.0398734
-0.0407325
-0.0397742
-0.0376926
-0.0347881
-0.0309131
-0.0258663
-0.0198236
-0.0136679
-0.00897399
-0.00750824
-0.0101661
-0.012974
-0.0217439
-0.0341744
-0.0396095
-0.0421137
-0.0418095
-0.0390252
-0.0344096
-0.0285444
-0.0219707
-0.0152627
-0.00909335
-0.00433564
-0.00219823
-0.00382369
-0.00936056
-0.0134739
-0.0212826
-0.0324162
-0.0365157
-0.037236
-0.0348201
-0.0297203
-0.0227297
-0.0147632
-0.00687386
-0.000104283
0.00470705
0.00691337
0.00594735
0.00136107
-0.00637162
-0.0121102
-0.0173298
-0.0254599
-0.0273997
-0.0255224
-0.0203766
-0.0128499
-0.00406419
0.00478634
0.0124083
0.0176779
0.0199402
0.0189979
0.0149629
0.00798635
-0.000965095
-0.00790492
-0.0101415
-0.0152249
-0.0146561
-0.00996048
-0.00207491
0.00748315
0.0171412
0.0255899
0.0316
0.0343374
0.0336043
0.0297408
0.0232356
0.0147938
0.00562501
-0.00111861
-0.00105682
-0.00440442
-0.0017241
0.00522013
0.0151123
0.0258184
0.0353063
0.0423006
0.0458967
0.0458171
0.0423872
0.0363693
0.0286302
0.019906
0.0114007
0.00664474
0.00811151
0.00495255
0.0087569
0.0166077
0.0271102
0.0377149
0.0460058
0.0506703
0.0515027
0.048862
0.0436086
0.0367715
0.0292796
0.0216324
0.0146678
0.0133776
0.0155869
0.0117742
0.0156798
0.0228568
0.0322685
0.0413528
0.047353
0.0491628
0.0471496
0.0424259
0.0363322
0.0300293
0.0242673
0.0190559
0.0144962
0.0176389
0.0196204
0.0152063
0.0186642
0.0238885
0.0304972
0.0364739
0.039128
0.0376179
0.0329514
0.0269191
0.0211707
0.01672
0.0139328
0.012217
0.0107508
0.0181475
0.0195771
0.014963
0.0177261
0.0202857
0.0225863
0.023445
0.0212509
0.016156
0.00986907
0.00430555
0.0007763
-0.000335092
0.000761377
0.00281887
0.0046134
0.0151574
0.0215254
0.0148287
0.0153227
0.0171011
0.0204003
0.0224928
0.0198173
0.0117853
0.00128623
-0.00820192
-0.0137882
-0.0142612
-0.00969306
-0.00290003
0.00396807
0.0171775
0.0154703
0.00475819
0.00327336
0.00338103
0.00572078
0.00767469
0.00510359
-0.00319659
-0.0140774
-0.0237896
-0.0291776
-0.0289953
-0.0235577
-0.0149433
-0.00716078
0.0078039
-0.000196537
-0.00652227
-0.00759981
-0.0082713
-0.00972756
-0.0133892
-0.0199692
-0.0282919
-0.0356378
-0.0395207
-0.0388284
-0.0340556
-0.0267198
-0.0190379
-0.0141992
-0.00768363
-0.00590573
-0.0120087
-0.0151172
-0.0165643
-0.0175321
-0.0198339
-0.0246749
-0.031193
-0.0368505
-0.0391344
-0.0369815
-0.0311238
-0.0233098
-0.0157915
-0.0113441
-0.00899314
-0.0104342
-0.0179898
-0.0225339
-0.024811
-0.0256634
-0.0266582
-0.0290141
-0.0323193
-0.0347607
-0.0344691
-0.0307742
-0.0245108
-0.0174279
-0.0116102
-0.00914148
-0.00911311
-0.0144325
-0.0248278
-0.0301595
-0.0330317
-0.0338972
-0.0337388
-0.0334996
-0.0331431
-0.0317797
-0.0285005
-0.0232557
-0.017006
-0.0113218
-0.00799984
-0.00837641
-0.00913187
-0.0178638
-0.0309643
-0.0365626
-0.0394624
-0.0397923
-0.0380959
-0.0351424
-0.0312565
-0.0264298
-0.0207211
-0.0146227
-0.00910897
-0.00540864
-0.00491757
-0.00827569
-0.00972727
-0.0204185
-0.0341408
-0.0393183
-0.0413063
-0.0402066
-0.0363975
-0.0306892
-0.0238128
-0.01649
-0.00951352
-0.00371932
9.54561e-05
0.00118536
-0.0012937
-0.00738663
-0.0106214
-0.0206213
-0.0323269
-0.0362852
-0.0364028
-0.0330033
-0.0267207
-0.0185645
-0.00966011
-0.00124144
0.005501
0.00970193
0.0109317
0.00902431
0.00377766
-0.0043415
-0.010088
-0.0171229
-0.0254214
-0.0273749
-0.0249774
-0.0189177
-0.0102904
-0.000486731
0.00912964
0.0171113
0.0222464
0.0239197
0.0221902
0.0174295
0.0100064
0.000852548
-0.00640636
-0.0099891
-0.0156237
-0.0150371
-0.010026
-0.00161388
0.00878419
0.0191034
0.0280904
0.034377
0.0370847
0.0359865
0.0315772
0.0246685
0.0159656
0.00665816
0.000485332
-0.00066191
-0.00578985
-0.00282849
0.00420926
0.0142123
0.0251885
0.0350205
0.0423538
0.0462683
0.0463152
0.0428228
0.0366329
0.0287655
0.0198902
0.0109393
0.00871619
0.00860563
0.00204391
0.00652091
0.0143362
0.0245757
0.0350701
0.0433894
0.0483328
0.049578
0.0473399
0.0423415
0.0356315
0.0282292
0.0204545
0.0125369
0.0155202
0.0156985
0.00699268
0.0119064
0.019089
0.028135
0.03703
0.0430376
0.0451464
0.0437031
0.039647
0.0341043
0.0281305
0.0225523
0.0170407
0.0110078
0.0191067
0.0186711
0.00856967
0.0131073
0.0185999
0.0250914
0.0311197
0.0340044
0.0330037
0.0291287
0.0239834
0.0189621
0.0149043
0.012202
0.00982211
0.00620951
0.0180538
0.0170487
0.00691052
0.0106602
0.0139366
0.0167454
0.0181312
0.0165113
0.0121785
0.0068177
0.00217527
-0.000624249
-0.0014092
-0.000473821
0.000671087
-0.000336966
0.0128574
0.0196733
0.00773623
0.00799882
0.0101741
0.014168
0.0168193
0.014337
0.00666829
-0.00303824
-0.011361
-0.0154188
-0.0146879
-0.0096175
-0.00284595
0.00205478
0.0161259
0.0135354
0.000631176
-0.00169861
-0.00171027
0.000791529
0.00281339
0.000160876
-0.00763405
-0.0174439
-0.0254182
-0.0289058
-0.0272395
-0.0210579
-0.0128263
-0.00651546
0.00669215
-0.00154024
-0.00846328
-0.00976141
-0.0099428
-0.0108958
-0.0139429
-0.0198289
-0.0271675
-0.0332903
-0.0359755
-0.0344705
-0.0294947
-0.0227136
-0.0162398
-0.0130515
-0.0085657
-0.00379048
-0.0110285
-0.0139759
-0.0152745
-0.0161383
-0.0183427
-0.0228606
-0.0285502
-0.032914
-0.0338295
-0.0306946
-0.0246378
-0.0173405
-0.0108532
-0.00757377
-0.00609051
-0.00577886
-0.0144245
-0.0188327
-0.0210877
-0.021998
-0.0230132
-0.025125
-0.0277214
-0.0290703
-0.027678
-0.0233157
-0.0170465
-0.0104931
-0.00549591
-0.00377376
-0.00293566
-0.00815298
-0.0201919
-0.0251531
-0.0278325
-0.028553
-0.0281679
-0.0275199
-0.0265132
-0.0244073
-0.020574
-0.0152092
-0.00933694
-0.00425654
-0.00155098
-0.00250076
-0.00127656
-0.0116431
-0.0264624
-0.0315795
-0.033967
-0.0337499
-0.0314073
-0.0277722
-0.0232858
-0.0180559
-0.0123357
-0.00666224
-0.0018417
0.00120867
0.00117247
-0.00254277
-0.00198614
-0.0157275
-0.0307132
-0.0354298
-0.0366691
-0.0346106
-0.0297762
-0.0231507
-0.0156743
-0.00821727
-0.00162036
0.00341336
0.00639135
0.00686669
0.00397033
-0.00247401
-0.00483475
-0.0178823
-0.0304242
-0.034149
-0.0334905
-0.0289774
-0.0215205
-0.0123756
-0.00290996
0.0055204
0.0117592
0.0151644
0.0156426
0.0132571
0.00771322
-0.000728805
-0.0066469
-0.0159872
-0.0251023
-0.0272008
-0.0242498
-0.0172951
-0.00771056
0.00291153
0.0130001
0.0210152
0.0257855
0.026912
0.024704
0.019694
0.012126
0.00270222
-0.00493914
-0.00980072
-0.0171927
-0.0167453
-0.0115302
-0.00272383
0.00802865
0.0188425
0.0281584
0.0345975
0.0372224
0.0359476
0.0314503
0.0246204
0.0159605
0.0063134
0.000992563
-0.000968158
-0.00936562
-0.00622922
0.000694602
0.0104386
0.0212838
0.0311445
0.0386291
0.0427381
0.0430276
0.0397752
0.0338824
0.0264372
0.017911
0.00811549
0.00888564
0.00779256
-0.00360096
0.00153799
0.00913738
0.0187434
0.0287472
0.036783
0.0417183
0.0432192
0.0414327
0.0369817
0.0308449
0.0240597
0.0164734
0.00771003
0.0154144
0.0140349
-0.000484064
0.00546053
0.0125622
0.0210271
0.0294312
0.035088
0.037121
0.0359624
0.0324932
0.027669
0.0223941
0.0174702
0.0120532
0.00460034
0.0179881
0.0157367
-0.000126243
0.00547583
0.0112966
0.017716
0.0235922
0.0263197
0.0253464
0.0218364
0.0173441
0.0130494
0.00957817
0.00728685
0.00466766
-0.000890136
0.0152054
0.0128585
-0.00190322
0.00278634
0.00698437
0.0104721
0.0123869
0.011081
0.00703483
0.00207246
-0.00205963
-0.00443059
-0.00503114
-0.0041881
-0.00376086
-0.00706956
0.00823293
0.0163765
0.00106492
0.00145075
0.00430416
0.00883098
0.0114889
0.00862124
0.000852431
-0.00826624
-0.0152003
-0.0178313
-0.0159156
-0.010404
-0.00395562
-0.000940652
0.0129341
0.0110979
-0.00100405
-0.00356058
-0.00354044
-0.00106202
0.000437413
-0.00269435
-0.010268
-0.0190067
-0.0253334
-0.0271886
-0.0244221
-0.01808
-0.010461
-0.005151
0.00541525
-0.000204798
-0.00590388
-0.00692455
-0.00703279
-0.00777486
-0.0106246
-0.0160936
-0.0226998
-0.0279765
-0.0300223
-0.0283032
-0.0237608
-0.0178541
-0.0123885
-0.00976798
-0.00623057
0.00191929
-0.00438016
-0.00727364
-0.0087153
-0.0099864
-0.0125898
-0.0170828
-0.0221565
-0.0255712
-0.0256841
-0.0222769
-0.0164699
-0.00982916
-0.00408892
-0.00113154
0.00105344
0.00377575
-0.00566143
-0.00963422
-0.0120596
-0.0134919
-0.0149977
-0.0172189
-0.0194326
-0.02014
-0.0182438
-0.0137763
-0.00774872
-0.00158402
0.00302442
0.00470025
0.00789965
0.00286545
-0.0107062
-0.0151157
-0.0177321
-0.0186516
-0.0184259
-0.0177487
-0.0165493
-0.0142615
-0.0104833
-0.00543425
7.37526e-05
0.0049267
0.00746803
0.00673575
0.0108661
-0.00158587
-0.0178809
-0.0224294
-0.0244324
-0.0239001
-0.0212036
-0.0172419
-0.0125974
-0.00756608
-0.00239785
0.00258383
0.00690069
0.00977988
0.00972928
0.00610189
0.00890548
-0.00828525
-0.0243352
-0.0286969
-0.0293007
-0.0264946
-0.0208488
-0.0135943
-0.0058989
0.00122542
0.00704017
0.0112067
0.013623
0.0139498
0.0110403
0.00452069
0.00313509
-0.0137243
-0.0271056
-0.0308615
-0.0296069
-0.0241261
-0.0156488
-0.00574513
0.00404413
0.012228
0.0177816
0.0204409
0.0204733
0.0180117
0.0124462
0.00374646
-0.00252952
-0.0146908
-0.0252043
-0.027599
-0.0242653
-0.0165987
-0.00620138
0.00511453
0.015586
0.0235649
0.027987
0.0287296
0.026384
0.0214986
0.0139938
0.00423518
-0.00407373
-0.0105174
-0.020267
-0.0203003
-0.0151038
-0.00611648
0.00496683
0.0161741
0.0257871
0.0323722
0.0350213
0.0338263
0.0296152
0.0232407
0.0148335
0.00487384
-0.000145789
-0.00310242
-0.0150215
-0.0121443
-0.00555453
0.00383186
0.0145198
0.0243623
0.031915
0.0361758
0.0367533
0.0339713
0.0287555
0.022098
0.0138944
0.00411785
0.00672752
0.0043936
-0.0114368
-0.0061006
0.00118087
0.0102277
0.0198219
0.027519
0.0322262
0.0337424
0.0323037
0.0285196
0.0232773
0.0175031
0.0105015
0.00118276
0.012334
0.00924411
-0.00979637
-0.00335121
0.00383247
0.011995
0.0200379
0.025217
0.0267939
0.0254815
0.0223101
0.0181426
0.0137464
0.00974959
0.00480517
-0.00356696
0.0134292
0.00967833
-0.00973839
-0.00341747
0.00292457
0.0097313
0.0154541
0.0177705
0.0162966
0.0125538
0.00824156
0.00442243
0.0015045
-0.000285813
-0.00286377
-0.00956667
0.00898804
0.00628016
-0.010286
-0.00482594
0.000436751
0.00488748
0.00735896
0.00606827
0.00172827
-0.00351305
-0.0077683
-0.0101975
-0.0109319
-0.0103117
-0.0103968
-0.0149057
0.00110817
0.0110879
-0.0043858
-0.00335944
0.00048169
0.00528983
0.00742201
0.00375744
-0.0043291
-0.0129853
-0.0188858
-0.0204769
-0.0179538
-0.0125246
-0.00684088
-0.00523755
0.00727079
0.00878083
-0.000375787
-0.00261163
-0.00233367
-0.000281736
0.000242634
-0.00359122
-0.0110065
-0.0187977
-0.0238863
-0.0248182
-0.0217452
-0.0157877
-0.00887452
-0.00386611
0.00421621
0.0042624
0.000291536
-0.000293189
-0.000555333
-0.00169583
-0.00486203
-0.0103065
-0.0165922
-0.0215743
-0.0236506
-0.022251
-0.0184066
-0.0132473
-0.00817357
-0.0049046
-0.000673106
0.0118979
0.00599486
0.00351491
0.00148275
-0.000851941
-0.00437192
-0.0092046
-0.0140695
-0.0171178
-0.017114
-0.0139288
-0.00852396
-0.00222278
0.00346389
0.00709461
0.0119221
0.0174391
0.00715404
0.00351891
0.00041339
-0.00223289
-0.00483478
-0.00765554
-0.0099942
-0.0106636
-0.00884593
-0.00454476
0.00139387
0.00772166
0.0127344
0.0152244
0.0220749
0.0174454
0.00268106
-0.00146294
-0.00463245
-0.00649356
-0.00713046
-0.0070357
-0.00620483
-0.00427657
-0.000925383
0.00381271
0.00936609
0.0146489
0.0178443
0.0180729
0.0256328
0.0112333
-0.005921
-0.0103412
-0.0126324
-0.0125408
-0.0102281
-0.00657309
-0.00229044
0.00218192
0.00666482
0.0111577
0.0154804
0.0187701
0.0194007
0.0165586
0.021589
0.00090495
-0.0156406
-0.0200766
-0.0207508
-0.0178639
-0.0120898
-0.00475385
0.00279713
0.00942826
0.0145286
0.0181344
0.0204404
0.0211109
0.0186772
0.0125869
0.0119377
-0.00889086
-0.0229282
-0.0270199
-0.0256745
-0.0198984
-0.010985
-0.000677183
0.00925411
0.0172018
0.0222652
0.0245171
0.024452
0.0223047
0.0170235
0.00835448
0.00165094
-0.0138552
-0.0257937
-0.0287823
-0.0254716
-0.0175008
-0.00662331
0.00517651
0.0159737
0.0239636
0.0282416
0.0289179
0.0267873
0.0223111
0.015074
0.00510323
-0.00409237
-0.0128678
-0.0246669
-0.0256052
-0.0205972
-0.0115547
-0.000212547
0.0112898
0.0211243
0.0278143
0.0305984
0.0297313
0.0261229
0.0204872
0.0125719
0.00241923
-0.00317331
-0.00771103
-0.0221382
-0.0198933
-0.0137808
-0.00460086
0.0060678
0.0158412
0.0232386
0.0274435
0.0282294
0.0260323
0.02176
0.0161958
0.00876006
-0.00101117
0.00196301
-0.0020203
-0.0203113
-0.0153191
-0.0083375
0.000553156
0.0100454
0.0173216
0.0214241
0.0225185
0.021144
0.0179863
0.0138005
0.00925903
0.00318694
-0.0061186
0.00612969
0.00117889
-0.0195071
-0.0130223
-0.00576343
0.00260348
0.0106582
0.0152055
0.015827
0.0137868
0.0104632
0.006777
0.0032456
0.000246642
-0.00395828
-0.0123499
0.00557737
0.000610662
-0.0189713
-0.0123719
-0.00539663
0.00183531
0.00800262
0.00967542
0.00714096
0.00255217
-0.00210112
-0.00578576
-0.00830587
-0.00971747
-0.0120067
-0.0187042
-0.000147797
-0.0023436
-0.0173491
-0.0113821
-0.00505327
0.000466879
0.00344126
0.0017693
-0.0034252
-0.00951955
-0.0144264
-0.0173339
-0.0184229
-0.0181173
-0.0184989
-0.0228414
-0.00780984
0.00442194
-0.00814173
-0.00619248
-0.00152566
0.00331945
0.00455473
-4.54658e-05
-0.0084415
-0.0167657
-0.0220768
-0.0233023
-0.0209346
-0.0161867
-0.0114801
-0.0103913
7.3348e-06
0.0114735
0.00719604
0.00570564
0.0048307
0.00431183
0.00224928
-0.00266008
-0.00946003
-0.0159133
-0.020017
-0.0208655
-0.0185525
-0.0138159
-0.00785664
-0.00223819
0.00588038
0.013633
0.0123355
0.0121419
0.0105709
0.00729708
0.00229773
-0.00403401
-0.0104042
-0.0152446
-0.017233
-0.0164404
-0.013159
-0.00836422
-0.00317081
0.00153484
0.00846513
0.0258594
0.020559
0.0186137
0.0153704
0.0109175
0.00540917
-0.000696819
-0.00618547
-0.00956401
-0.00997566
-0.00702693
-0.00142533
0.00554256
0.0120892
0.0171016
0.025486
0.0340088
0.0233302
0.0199882
0.0158884
0.0114675
0.00703888
0.00275065
-0.000712845
-0.00235213
-0.00135636
0.00267839
0.00932613
0.0172541
0.0239551
0.0280088
0.0380821
0.0343035
0.0191031
0.0147434
0.0107055
0.00756233
0.00556473
0.0043837
0.00398513
0.00463574
0.00683136
0.0110733
0.0174088
0.0247824
0.0302867
0.0322864
0.0418623
0.0264805
0.00897948
0.00377892
0.000550063
-0.000240775
0.00124981
0.00407394
0.00741064
0.0107554
0.0140997
0.0179711
0.0228976
0.0283539
0.0315046
0.0305839
0.0362705
0.0133644
-0.00394725
-0.00981702
-0.011542
-0.00933315
-0.00396263
0.00300106
0.0100475
0.0159684
0.0202656
0.0233917
0.0262225
0.0287072
0.0288144
0.0246763
0.0239171
-0.000336159
-0.0160102
-0.0219986
-0.0218006
-0.0165125
-0.00773616
0.00252446
0.0123158
0.0199797
0.0246871
0.026813
0.0274294
0.0267823
0.0238
0.016893
0.00985576
-0.0103
-0.0249325
-0.0295782
-0.0271908
-0.0194841
-0.00857383
0.00329666
0.0140737
0.0220663
0.026328
0.0272545
0.0259205
0.0229316
0.017612
0.00892781
-0.000888575
-0.0151207
-0.0288081
-0.0310332
-0.0265759
-0.0175947
-0.00628414
0.0051595
0.0149718
0.021651
0.0245153
0.0240813
0.0214408
0.0172327
0.0107822
0.00137681
-0.00543514
-0.0138823
-0.0290391
-0.0274536
-0.021347
-0.012304
-0.00208657
0.00720693
0.0143647
0.0184365
0.0191857
0.0173444
0.0139835
0.00969378
0.00342776
-0.00585165
-0.00426072
-0.00965446
-0.0269617
-0.0218842
-0.0148058
-0.00644235
0.00194762
0.00817082
0.0118161
0.0126487
0.0110121
0.00784922
0.00416627
0.000531444
-0.00456588
-0.0130713
-0.00168026
-0.00629546
-0.0240498
-0.0170177
-0.00970902
-0.00237259
0.00388485
0.00708286
0.0072361
0.00495371
0.00115675
-0.00304133
-0.00676529
-0.00950092
-0.0130276
-0.0200017
-0.00226118
-0.00588409
-0.0206744
-0.0133276
-0.00646448
-0.000531671
0.00341888
0.00378186
0.000999636
-0.00368014
-0.0089437
-0.0136123
-0.0171959
-0.0191439
-0.0211319
-0.0258434
-0.00735958
-0.00686952
-0.0159211
-0.00915882
-0.00322399
0.000718549
0.00178162
-0.00078328
-0.0058905
-0.0119435
-0.0176314
-0.0221218
-0.024785
-0.0257314
-0.0262255
-0.0283303
-0.0134168
0.00209963
-0.00417356
-0.000986887
0.00282937
0.00508563
0.00361351
-0.00189016
-0.00948223
-0.0166641
-0.0216719
-0.0237597
-0.0230458
-0.0201448
-0.0165408
-0.0143529
-0.00429237
)
;

boundaryField
{
    patch0_half0
    {
        type            cyclic;
    }
    patch0_half1
    {
        type            cyclic;
    }
    patch1_half0
    {
        type            cyclic;
    }
    patch1_half1
    {
        type            cyclic;
    }
    patch2_half0
    {
        type            cyclic;
    }
    patch2_half1
    {
        type            cyclic;
    }
}


// ************************************************************************* //
