/*--------------------------------*- C++ -*----------------------------------*\
| =========                 |                                                 |
| \\      /  F ield         | OpenFOAM: The Open Source CFD Toolbox           |
|  \\    /   O peration     | Version:  3.0.0                                 |
|   \\  /    A nd           | Web:      www.OpenFOAM.org                      |
|    \\/     M anipulation  |                                                 |
\*---------------------------------------------------------------------------*/
FoamFile
{
    version     2.0;
    format      ascii;
    class       volScalarField;
    location    "150";
    object      p;
}
// * * * * * * * * * * * * * * * * * * * * * * * * * * * * * * * * * * * * * //

dimensions      [0 2 -2 0 0 0 0];

internalField   nonuniform List<scalar> 
10720
(
0.00984444
-79.385
-172.501
-261.948
-342.115
-422.992
-492.727
-549.231
-597.042
-632.56
-657.891
-675.046
-685.227
-689.157
-687.245
-678.982
-665.557
-645.664
-620.501
-588.712
-551.401
-507.775
-460.107
-409.342
-359.003
-314.156
-273.732
-234.086
-194.91
-156.406
-118.376
-80.667
-43.1611
-5.61278
32.2345
71.5061
112.359
160.617
206.456
81.8987
156.814
239.76
319.481
390.229
447.831
488.365
509.507
515.222
510.639
496.497
476.574
454.894
433.196
412.245
392.073
372.922
354.529
336.693
318.968
301.314
283.43
265.396
247.584
231.796
219.081
208.474
199.625
192.543
187.29
183.788
181.923
181.608
182.841
185.621
190.334
197.471
210.612
233.449
140.793
79.7553
12.3586
-58.0878
-129.443
-201.582
-270.574
-334.295
-392.245
-442.674
-485.579
-521.035
-548.944
-569.448
-582.452
-588.033
-586.864
-578.477
-563.462
-541.232
-512.427
-476.816
-436.16
-391.661
-346.469
-304.935
-266.556
-228.481
-190.514
-152.949
-115.68
-78.5864
-41.5771
-4.42358
33.1184
72.1569
112.832
161.021
206.113
196.297
249.846
304.209
358.114
407.38
449.331
480.779
499.339
505.996
502.673
491.141
474.559
455.585
435.706
415.764
396.131
377.103
358.638
340.621
322.779
305.036
287.203
269.358
251.886
236.196
223.19
212.213
202.973
195.502
189.862
185.988
183.787
183.175
184.144
186.703
191.241
198.241
211.303
233.144
162.937
108.208
47.508
-18.7502
-86.5197
-155.009
-222.616
-286.498
-345.055
-397.388
-442.329
-479.492
-508.872
-530.834
-545.534
-553.297
-554.271
-548.334
-535.743
-516.311
-490.41
-458.138
-420.809
-379.748
-337.552
-297.79
-260.545
-223.602
-186.621
-149.868
-113.271
-76.7238
-40.1498
-3.34076
33.9336
72.7606
113.264
161.283
205.969
212.939
262.434
312.59
361.254
404.767
441.472
469.134
486.177
493.432
492.041
483.312
469.536
452.709
434.308
415.329
396.333
377.666
359.427
341.565
323.9
306.338
288.757
271.222
254.087
238.473
225.26
214.087
204.678
197.045
191.238
187.205
184.856
184.108
184.953
187.409
191.865
198.806
211.756
232.667
197.599
151.523
99.5423
42.9932
-15.7267
-76.4528
-137.414
-196.709
-252.944
-304.997
-351.757
-392.576
-427.101
-455.187
-476.696
-491.513
-499.362
-500.114
-493.798
-480.363
-460.056
-433.149
-400.726
-364.173
-325.735
-288.466
-252.933
-217.506
-181.791
-146.062
-110.311
-74.4534
-38.4343
-2.06721
34.8621
73.4093
113.677
161.403
205.723
239.268
279.876
321.244
362.108
399.08
430.9
455.55
471.574
479.361
479.604
473.305
462.163
447.746
431.35
413.93
396.086
378.21
360.5
342.991
325.597
308.257
290.916
273.651
256.798
241.281
227.93
216.58
206.975
199.126
193.087
188.821
186.246
185.288
185.946
188.246
192.578
199.416
212.182
232.177
211.114
170.074
123.542
72.5267
19.3711
-36.2815
-92.9426
-148.862
-202.954
-254.047
-300.979
-342.972
-379.402
-409.815
-433.904
-451.344
-461.941
-465.612
-462.323
-452.116
-435.154
-411.778
-382.881
-349.775
-314.4
-279.301
-245.284
-211.203
-176.658
-141.913
-107.008
-71.8706
-36.4541
-0.585826
35.9363
74.1384
114.1
161.429
205.235
248.344
284.432
321.252
357.545
390.328
418.798
441.26
456.512
464.711
466.289
462.076
453.322
441.226
426.864
411.105
394.547
377.618
360.589
343.573
326.569
309.562
292.547
275.616
259.088
243.736
230.319
218.826
209.057
201.024
194.787
190.32
187.553
186.418
186.917
189.083
193.302
200.035
212.59
231.656
221.276
184.89
143.372
97.862
50.3738
0.223547
-51.1875
-102.466
-152.805
-201.114
-246.388
-287.859
-324.81
-356.649
-382.931
-403.258
-417.357
-424.96
-425.836
-419.915
-407.263
-388.179
-363.409
-334.16
-302.132
-269.482
-237.187
-204.555
-171.251
-137.536
-103.501
-69.1035
-34.3115
1.03062
37.111
74.9199
114.512
161.331
204.507
254.26
286.076
318.733
351.125
380.493
406.278
426.989
441.583
450.047
452.668
450.16
443.463
433.494
421.125
407.108
391.995
376.212
360.063
343.719
327.247
310.683
294.066
277.51
261.321
246.164
232.73
221.124
211.214
203.012
196.583
191.915
188.948
187.625
187.951
189.965
194.055
200.663
212.965
231.088
226.165
193.311
155.704
114.433
71.4322
25.7488
-21.3593
-68.6697
-115.629
-161.252
-204.656
-245.135
-281.932
-314.385
-341.95
-364.131
-380.453
-390.592
-394.23
-391.287
-381.804
-366.06
-344.683
-318.751
-289.728
-259.416
-228.84
-197.664
-165.625
-132.967
-99.8244
-66.1862
-32.0387
2.75428
38.3638
75.7398
114.901
161.096
203.55
255.971
284.613
314.132
343.5
370.189
393.813
413.111
427.107
435.693
439.126
437.989
433.02
424.936
414.428
402.125
388.506
373.967
358.822
343.275
327.448
311.422
295.277
279.147
263.332
248.413
235.024
223.352
213.332
204.984
198.378
193.519
190.358
188.85
189.003
190.866
194.821
201.29
213.298
230.477
228.597
198.761
164.517
126.957
87.9071
46.265
3.19273
-40.2437
-83.6759
-126.256
-167.213
-205.948
-241.75
-273.952
-301.963
-325.226
-343.206
-355.536
-361.837
-361.895
-355.658
-343.317
-325.377
-302.765
-276.751
-248.851
-220.099
-190.447
-159.729
-128.178
-95.9691
-63.124
-29.6488
4.57189
39.6843
76.5921
115.266
160.728
202.368
255.696
281.664
308.554
335.411
359.885
381.709
399.812
413.25
421.855
425.892
425.84
422.3
415.845
407.021
396.344
384.209
370.968
356.919
342.28
327.204
311.809
296.21
280.562
265.156
250.517
237.227
225.534
215.433
206.962
200.195
195.153
191.805
190.112
190.09
191.795
195.602
201.916
213.588
229.829
229.116
201.792
170.379
135.945
100.242
62.0903
22.544
-17.434
-57.6303
-97.2981
-135.787
-172.605
-207.097
-238.63
-266.612
-290.453
-309.577
-323.527
-331.872
-334.305
-330.725
-321.269
-306.34
-286.729
-263.514
-237.957
-211.044
-182.938
-153.57
-123.165
-91.9279
-59.9123
-27.1426
6.47542
41.0639
77.4719
115.611
160.246
200.978
253.963
277.724
302.433
327.191
349.802
370.104
387.172
400.081
408.629
413.102
413.901
411.527
406.456
399.124
389.945
379.238
367.299
354.396
340.738
326.495
311.812
296.828
281.713
266.757
252.442
239.308
227.641
217.495
208.925
202.018
196.806
193.276
191.401
191.203
192.745
196.397
202.537
213.834
229.143
228.453
203.288
174.325
142.608
109.817
74.7373
38.3501
1.52314
-35.6409
-72.4818
-108.464
-143.186
-176.064
-206.534
-234.026
-257.941
-277.698
-292.797
-302.79
-307.291
-306.123
-299.343
-287.241
-270.473
-249.946
-226.703
-201.66
-175.132
-147.146
-117.923
-87.694
-56.5438
-24.5148
8.46663
42.4987
78.3733
115.942
159.662
199.416
251.372
273.25
296.096
319.059
340.073
359.063
375.218
387.614
396.054
400.831
402.289
400.859
396.95
390.916
383.091
373.723
363.054
351.309
338.678
325.332
311.427
297.12
282.591
268.127
254.18
241.255
229.663
219.508
210.869
203.84
198.474
194.77
192.717
192.342
193.718
197.203
203.151
214.037
228.422
226.984
203.686
176.85
147.498
117.25
84.8695
51.2811
17.2726
-17.1173
-51.3151
-84.8815
-117.503
-148.66
-177.858
-204.572
-228.233
-248.258
-264.124
-275.36
-281.536
-282.394
-277.931
-268.351
-254.177
-236.16
-215.153
-191.977
-167.043
-140.46
-112.453
-83.2658
-53.0151
-21.7616
10.5481
43.9885
79.292
116.254
158.989
197.712
248.234
268.493
289.729
311.138
330.76
348.606
363.934
375.838
384.136
389.113
391.074
390.405
387.463
382.546
375.924
367.789
358.328
347.723
336.137
323.729
310.654
297.077
283.183
269.251
255.716
243.051
231.583
221.458
212.78
205.654
200.148
196.282
194.056
193.505
194.709
198.017
203.757
214.195
227.668
224.996
203.336
178.372
151.104
123.094
93.107
62.018
30.553
-1.3047
-33.0453
-64.3077
-94.8534
-124.232
-152.021
-177.744
-200.868
-220.84
-237.133
-249.262
-256.788
-259.37
-256.948
-249.641
-237.851
-222.188
-203.335
-182.013
-158.682
-133.52
-106.755
-78.6428
-49.325
-18.8811
12.7216
45.5343
80.2257
116.545
158.229
195.889
244.787
263.631
283.457
303.498
321.898
338.728
353.3
364.733
372.859
377.954
380.298
380.238
378.097
374.13
368.566
361.546
353.214
343.709
333.162
321.71
309.502
296.698
283.48
270.121
257.038
244.682
233.387
223.333
214.648
207.45
201.824
197.807
195.414
194.689
195.718
198.838
204.351
214.311
226.885
222.68
202.466
179.166
153.747
127.721
99.8654
71.0124
41.8398
12.2854
-17.196
-46.297
-74.8479
-102.458
-128.772
-153.372
-175.772
-195.452
-211.901
-224.621
-233.189
-237.195
-236.521
-231.22
-221.586
-208.098
-191.297
-171.796
-150.065
-126.333
-100.833
-73.8248
-45.472
-15.872
14.9884
47.1362
81.1735
116.81
157.387
193.959
241.177
258.779
277.353
296.179
313.488
329.41
343.288
354.265
362.2
367.352
369.98
370.403
368.921
365.762
361.115
355.093
347.799
339.336
329.803
319.309
307.987
295.985
283.478
270.728
258.137
246.137
235.062
225.12
216.461
209.218
203.492
199.338
196.786
195.889
196.74
199.663
204.932
214.385
226.076
220.172
201.247
179.434
155.671
131.417
105.471
78.626
51.5238
24.0624
-3.34263
-30.4297
-57.0825
-82.9692
-107.79
-131.189
-152.732
-171.931
-188.307
-201.363
-210.696
-215.855
-216.668
-213.126
-205.43
-193.945
-179.085
-161.355
-141.21
-118.911
-94.6923
-68.8137
-41.4559
-12.7328
17.3496
48.7946
82.1355
117.047
156.468
191.93
237.512
254.005
271.465
289.198
305.53
320.625
333.859
344.404
352.13
357.292
360.126
360.932
359.99
357.509
353.655
348.516
342.166
334.676
326.114
316.561
306.128
294.947
283.178
271.069
259.005
247.404
236.595
226.806
218.208
210.949
205.146
200.869
198.168
197.102
197.773
200.489
205.496
214.419
225.243
217.563
199.799
179.326
157.054
134.393
110.164
85.133
59.9016
34.348
8.85132
-16.3691
-41.2361
-65.4688
-88.8208
-110.984
-131.578
-150.161
-166.284
-179.468
-189.327
-195.395
-197.447
-195.424
-189.45
-179.79
-166.747
-150.724
-132.141
-111.268
-88.34
-63.6126
-37.2776
-9.46288
19.8058
50.5099
83.1117
117.254
155.475
189.813
233.864
249.362
265.814
282.56
298.006
312.344
324.979
335.11
342.62
347.752
350.732
351.836
351.336
349.425
346.252
341.889
336.387
329.794
322.149
313.507
303.953
293.599
282.586
271.143
259.637
248.474
237.975
228.379
219.878
212.633
206.775
202.394
199.554
198.325
198.812
201.313
206.043
214.414
224.391
214.921
198.209
178.951
158.03
136.806
114.136
90.7494
67.2149
43.4006
19.6548
-3.84165
-27.0398
-49.6986
-71.6203
-92.5467
-112.141
-130.009
-145.741
-158.881
-169.056
-175.816
-178.882
-178.155
-173.695
-165.685
-154.331
-139.94
-122.881
-103.42
-81.786
-58.2265
-32.9389
-6.06311
22.3576
52.2826
84.1024
117.432
154.416
187.615
230.281
244.879
260.417
276.261
290.901
304.541
316.615
326.351
333.638
338.714
341.789
343.126
342.985
341.549
338.958
335.271
330.528
324.751
317.961
310.188
301.492
291.96
281.711
270.952
260.032
249.34
239.19
229.827
221.458
214.257
208.37
203.904
200.937
199.551
199.855
202.131
206.568
214.374
223.524
212.295
196.54
178.389
158.702
138.783
117.529
95.638
73.6515
51.4251
29.2815
7.3784
-14.2617
-35.4366
-55.9835
-75.691
-94.2654
-111.356
-126.592
-139.551
-149.866
-157.124
-161
-161.363
-158.221
-151.687
-141.888
-129.043
-113.459
-95.3863
-75.0428
-52.6623
-28.4432
-2.53436
25.0046
54.1123
85.1078
117.58
153.296
185.348
226.796
240.575
255.276
270.293
284.196
297.187
308.733
318.093
325.153
330.152
333.284
334.797
334.947
333.91
331.813
328.715
324.642
319.605
313.604
306.65
298.779
290.052
280.566
270.502
260.189
249.997
240.232
231.14
222.938
215.813
209.924
205.391
202.311
200.775
200.896
202.941
207.072
214.299
222.646
209.718
194.839
177.704
159.144
140.42
120.458
99.9328
79.3598
58.5885
37.9165
17.4839
-2.71004
-22.4914
-41.7324
-60.2542
-77.8064
-94.083
-108.746
-121.412
-131.724
-139.311
-143.816
-145.079
-143.07
-137.846
-129.467
-118.072
-103.905
-87.1896
-68.1251
-46.9289
-23.7956
1.12087
27.7458
55.9987
86.1289
117.702
152.124
183.022
223.431
236.46
250.393
264.648
277.868
290.256
301.305
310.303
317.139
322.043
325.201
326.848
327.233
326.525
324.85
322.26
318.777
314.403
309.125
302.934
295.847
287.903
279.17
269.804
260.111
250.444
241.095
232.308
224.308
217.29
211.424
206.847
203.669
201.991
201.931
203.739
207.552
214.195
221.761
207.212
193.141
176.941
159.418
141.787
123.013
103.74
84.4628
65.025
45.7076
26.6301
7.7787
-10.6989
-28.7016
-46.084
-62.6289
-78.0731
-92.1143
-104.402
-114.597
-122.366
-127.338
-129.332
-128.284
-124.209
-117.114
-107.068
-94.2526
-78.854
-61.0495
-41.0372
-19.0025
4.8989
30.5796
57.9415
87.166
117.799
150.909
180.65
220.199
232.539
245.761
259.312
271.898
283.722
294.301
302.953
309.565
314.363
317.522
319.267
319.841
319.408
318.09
315.939
312.974
309.19
304.567
299.083
292.734
285.538
277.54
268.869
259.804
250.681
241.774
233.324
225.557
218.676
212.862
208.263
205.002
203.193
202.954
204.521
208.005
214.062
220.874
204.795
191.469
176.135
159.57
142.946
125.263
107.145
89.0571
70.8448
52.7748
34.9517
17.3445
0.0852613
-16.7491
-33.0435
-48.6104
-63.22
-76.6078
-88.4551
-98.4417
-106.268
-111.57
-114.141
-113.896
-110.818
-104.874
-96.0726
-84.5348
-70.4056
-53.8357
-35.0003
-14.0722
8.795
33.5037
59.9398
88.2205
117.876
149.662
178.243
217.11
228.813
241.376
254.271
266.266
277.561
287.695
296.015
302.406
307.09
310.232
312.046
312.77
312.566
311.55
309.777
307.264
304.004
299.97
295.133
289.472
282.987
275.699
267.712
259.278
250.709
242.266
234.18
226.677
219.963
214.228
209.63
206.304
204.374
203.96
205.283
208.431
213.905
219.989
202.477
189.842
175.31
159.635
143.941
127.267
110.212
93.2224
76.1409
59.2204
42.5543
26.1029
9.97711
-5.76071
-21.019
-35.6421
-49.4282
-62.1437
-73.5045
-83.2149
-90.996
-96.506
-99.5197
-99.9352
-97.7137
-92.7909
-85.1274
-74.7875
-61.8729
-46.5049
-28.8336
-9.01484
12.8031
36.5148
61.9927
89.2939
117.935
148.392
175.817
214.168
225.278
237.228
249.511
260.952
271.75
281.464
289.465
295.64
300.202
303.313
305.174
306.017
306.001
305.241
303.792
301.672
298.875
295.371
291.121
286.096
280.28
273.673
266.352
258.542
250.534
242.571
234.873
227.66
221.142
215.512
210.938
207.565
205.527
204.943
206.021
208.828
213.726
219.111
200.263
188.274
174.488
159.639
144.809
129.07
112.999
97.0228
80.9894
65.1313
49.5346
34.1533
19.0852
4.37417
-9.907
-23.6225
-36.6042
-48.6445
-59.4886
-68.8685
-76.5217
-82.1378
-85.4764
-86.4229
-84.9274
-80.9032
-74.271
-65.0456
-53.2853
-39.0808
-22.5541
-3.84189
16.9159
39.609
64.0992
90.388
117.983
147.111
173.384
211.373
221.931
233.307
245.018
255.941
266.269
275.584
283.278
289.242
293.68
296.748
298.637
299.573
299.713
299.169
297.999
296.221
293.831
290.798
287.08
282.639
277.446
271.484
264.806
257.61
250.164
242.691
235.399
228.5
222.204
216.705
212.178
208.778
206.644
205.898
206.732
209.195
213.528
218.245
198.159
186.771
173.684
159.606
145.576
130.708
115.551
100.514
85.4478
70.5762
55.9709
41.5827
27.4984
13.749
0.389263
-12.4636
-24.6647
-36.0352
-46.3467
-55.3558
-62.8162
-68.4517
-72.0129
-73.3785
-72.4891
-69.2462
-63.5408
-55.3441
-44.6737
-31.5877
-16.1804
1.43301
21.1247
42.782
66.2579
91.5054
118.025
145.83
170.96
208.725
218.769
229.606
240.779
251.214
261.099
270.035
277.435
283.19
287.504
290.52
292.422
293.431
293.7
293.339
292.406
290.926
288.893
286.277
283.038
279.13
274.513
269.159
263.096
256.498
249.607
242.63
235.758
229.193
223.142
217.798
213.341
209.932
207.717
206.817
207.411
209.53
213.314
217.394
196.167
185.34
172.907
159.551
146.269
132.209
117.903
103.74
89.5721
75.612
61.9273
48.4621
35.2935
22.4432
9.95193
-2.08251
-13.5348
-24.2461
-34.0175
-42.6284
-49.8466
-55.43
-59.1268
-60.8115
-60.4205
-57.8513
-52.9724
-45.7179
-36.0698
-24.0523
-9.73326
6.79596
25.4195
46.0275
68.4674
92.648
118.069
144.56
168.558
206.222
215.782
226.114
236.783
246.757
256.22
264.796
271.913
277.468
281.656
284.614
286.517
287.581
287.956
287.749
287.021
285.798
284.077
281.832
279.02
275.594
271.509
266.721
261.242
255.221
248.876
242.394
235.95
229.736
223.95
218.784
214.419
211.021
208.739
207.696
208.054
209.833
213.086
216.564
194.284
183.986
172.166
159.486
146.904
133.6
120.086
106.736
93.405
80.2923
67.4614
54.8551
42.5394
30.527
18.851
7.59224
-3.14289
-13.2146
-22.4464
-30.6404
-37.5811
-43.0539
-46.8123
-48.7297
-48.7421
-46.7465
-42.5979
-36.2
-27.5033
-16.5014
-3.23338
12.2292
29.7895
49.3403
70.7253
93.8193
118.121
143.314
166.194
203.859
212.966
222.823
233.014
242.553
251.616
259.849
266.695
272.056
276.118
279.013
280.908
282.013
282.474
282.398
281.846
280.846
279.398
277.479
275.048
272.058
268.457
264.194
259.266
253.797
247.982
241.989
235.978
230.127
224.623
219.656
215.404
212.035
209.702
208.527
208.657
210.103
212.848
215.757
192.509
182.71
171.467
159.421
147.494
134.899
122.127
109.534
96.981
84.6587
72.6214
60.8133
49.2932
38.0643
27.1519
16.6251
6.57426
-2.88025
-11.5799
-19.3478
-25.9843
-31.302
-35.0605
-37.1372
-37.4691
-35.9559
-32.4462
-26.8212
-19.0041
-8.96099
3.29488
17.7168
34.2227
52.712
73.0309
95.0211
118.19
142.104
163.883
201.634
210.314
219.721
229.461
238.588
247.272
255.176
261.765
266.936
270.874
273.703
275.583
276.718
277.25
277.283
276.881
276.074
274.864
273.232
271.14
268.541
265.379
261.601
257.187
252.242
246.939
241.427
235.848
230.366
225.159
220.407
216.288
212.967
210.599
209.304
209.216
210.338
212.6
214.976
190.842
181.511
170.812
159.365
148.052
136.121
124.043
112.159
100.332
88.7459
77.4488
66.384
55.6033
45.1072
34.9107
25.0731
15.6717
6.81137
-1.36772
-8.70806
-15.0231
-20.149
-23.8592
-26.0315
-26.6089
-25.4981
-22.5443
-17.6116
-10.6022
-1.4587
9.82984
23.2389
38.7058
56.1366
75.3795
96.2569
118.284
140.939
161.638
199.54
207.818
216.8
226.113
234.849
243.173
250.764
257.104
262.093
265.909
268.67
270.529
271.684
272.273
272.399
272.126
271.486
270.484
269.104
267.311
265.061
262.298
258.962
255.028
250.577
245.763
240.716
235.565
230.456
225.555
221.034
217.064
213.809
211.422
210.021
209.727
210.538
212.344
214.224
189.279
180.39
170.204
159.322
148.587
137.279
125.852
114.631
103.484
92.5841
81.9769
71.6051
61.5153
51.7017
42.1764
32.9881
24.2014
15.909
8.23547
1.32073
-4.6649
-9.57118
-13.1944
-15.4108
-16.17
-15.389
-12.9133
-8.59749
-2.32562
5.97812
16.3475
28.7782
43.2244
59.6044
77.7702
97.5289
118.409
139.832
159.472
197.573
205.471
214.051
222.96
231.323
239.305
246.596
252.698
257.511
261.207
263.9
265.734
266.901
267.537
267.741
267.578
267.082
266.261
265.102
263.574
261.634
259.23
256.298
252.805
248.817
244.467
239.87
235.136
230.4
225.811
221.533
217.727
214.555
212.165
210.672
210.187
210.702
212.081
213.502
187.816
179.345
169.645
159.295
149.105
138.384
127.568
116.968
106.458
96.2003
86.2373
76.5116
67.0662
57.8915
48.9936
40.4143
32.2091
24.458
17.2716
10.7764
5.12457
0.45542
-3.04843
-5.26783
-6.15562
-5.63989
-3.57321
0.19788
5.79948
13.324
22.8241
34.3138
47.7652
63.1062
80.1987
98.8399
118.577
138.793
157.397
195.729
203.266
211.466
219.989
227.999
235.654
242.66
248.532
253.176
256.756
259.379
261.185
262.359
263.032
263.301
263.233
262.861
262.197
261.232
259.937
258.274
256.19
253.625
250.537
246.979
243.067
238.899
234.571
230.203
225.929
221.901
218.274
215.199
212.821
211.253
210.591
210.829
211.812
212.812
186.45
178.375
169.135
159.288
149.611
139.444
129.204
119.187
109.273
99.6169
90.2561
81.134
72.2898
63.712
55.4015
47.394
39.7367
32.5004
25.7813
19.6941
14.3757
9.95545
6.59374
4.40743
3.43582
3.74026
5.46111
8.75313
13.7497
20.5552
29.2373
39.8269
52.3121
66.6335
82.6613
100.192
118.792
137.833
155.427
194
201.197
209.034
217.192
224.867
232.209
238.942
244.595
249.075
252.541
255.096
256.871
258.046
258.749
259.073
259.086
258.822
258.295
257.498
256.409
254.99
253.193
250.958
248.241
245.081
241.578
237.817
233.88
229.87
225.911
222.14
218.7
215.736
213.386
211.758
210.938
210.917
211.536
212.154
185.175
177.477
168.672
159.302
150.111
140.465
130.767
121.3
111.945
102.851
94.0544
85.4972
77.2145
69.1944
61.4341
53.963
46.8213
40.072
33.8005
28.1081
23.1191
18.9537
15.7515
13.6246
12.6067
12.7476
14.1777
17.0507
21.5035
27.6484
35.5648
45.2982
56.8505
70.1751
85.1544
101.587
119.064
136.96
153.57
192.383
199.256
206.749
214.559
221.914
228.959
235.43
240.873
245.196
248.552
251.038
252.78
253.952
254.678
255.05
255.131
254.961
254.552
253.903
252.993
251.791
250.25
248.311
245.931
243.137
240.015
236.636
233.072
229.411
225.761
222.248
219.004
216.163
213.854
212.182
211.222
210.966
211.254
211.526
183.99
176.648
168.256
159.338
150.605
141.453
132.266
123.315
114.486
105.92
97.6509
89.6226
81.8659
74.3671
67.121
60.1529
53.4969
47.2076
41.3615
36.0493
31.3831
27.4732
24.4428
22.3965
21.362
21.3793
22.5677
25.076
29.0425
34.583
41.7861
50.7082
61.3652
73.7217
87.6731
103.026
119.398
136.182
151.836
190.872
197.437
204.603
212.081
219.13
225.892
232.113
237.354
241.525
244.775
247.193
248.902
250.069
250.812
251.222
251.363
251.272
250.967
250.447
249.695
248.682
247.368
245.696
243.62
241.161
238.391
235.371
232.158
228.832
225.485
222.229
219.185
216.477
214.223
212.523
211.442
210.974
210.965
210.928
182.89
175.885
167.886
159.397
151.098
142.412
133.707
125.242
116.909
108.84
101.064
93.5301
86.2653
79.254
72.4894
65.9925
59.7929
53.9376
48.4951
43.5471
39.1941
35.5381
32.6861
30.7357
29.7088
29.6357
30.6247
32.8178
36.3503
41.3404
47.8817
56.0399
65.8411
77.2626
90.2124
104.509
119.799
135.507
150.234
189.461
195.733
202.588
209.75
216.508
222.999
228.98
234.028
238.053
241.199
243.552
245.227
246.384
247.141
247.583
247.775
247.754
247.537
247.129
246.515
245.67
244.556
243.121
241.321
239.166
236.719
234.032
231.151
228.142
225.089
222.087
219.245
216.677
214.491
212.778
211.596
210.941
210.668
210.358
181.869
175.186
167.56
159.477
151.59
143.344
135.097
127.09
119.222
111.619
104.309
97.2378
90.4329
83.8778
77.5636
71.5078
65.7359
60.2892
55.2293
50.6283
46.5774
43.1705
40.5003
38.6568
37.6561
37.5196
38.3454
40.2666
43.4138
47.9041
53.8344
61.2759
70.2644
80.7873
92.7671
106.037
120.274
134.94
148.77
188.145
194.139
200.697
207.558
214.038
220.27
226.021
230.883
234.769
237.814
240.103
241.743
242.889
243.656
244.125
244.359
244.397
244.259
243.948
243.454
242.756
241.819
240.595
239.041
237.163
235.012
232.631
230.06
227.352
224.579
221.826
219.186
216.763
214.655
212.944
211.682
210.864
210.36
209.813
180.924
174.547
167.276
159.58
152.082
144.254
136.437
128.864
121.435
114.27
107.395
100.759
94.3851
88.2566
82.3641
76.7216
71.3509
66.2885
61.5891
57.3179
53.5569
50.3918
47.9029
46.1733
45.2133
45.0361
45.729
47.4161
50.2223
54.2607
59.6285
66.401
74.621
84.2855
95.3311
107.607
120.823
134.486
147.448
186.919
192.648
198.924
205.496
211.71
217.695
223.226
227.911
231.662
234.611
236.836
238.441
239.575
240.348
240.838
241.109
241.199
241.127
240.901
240.512
239.942
239.162
238.125
236.791
235.162
233.28
231.181
228.896
226.471
223.965
221.451
219.012
216.737
214.715
213.021
211.698
210.743
210.04
209.29
180.051
173.966
167.032
159.703
152.575
145.143
137.734
130.57
123.554
116.802
110.336
104.108
98.1377
92.4084
86.9097
81.654
76.6596
71.9579
67.5982
63.639
60.1543
57.2227
54.9126
53.3006
52.3915
52.1912
52.7768
54.2633
56.7677
60.3986
65.2506
71.4011
78.8982
87.7475
97.8983
109.219
121.45
134.148
146.273
185.778
191.255
197.261
203.559
209.519
215.266
220.587
225.101
228.722
231.578
233.742
235.312
236.432
237.208
237.717
238.019
238.152
238.138
237.985
237.687
237.23
236.585
235.715
234.578
233.172
231.534
229.692
227.671
225.509
223.255
220.97
218.726
216.602
214.674
213.009
211.644
210.577
209.707
208.785
179.246
173.438
166.826
159.846
153.069
146.012
138.989
132.211
125.585
119.222
113.141
107.294
101.703
96.348
91.2182
86.3238
81.6814
77.318
73.2776
69.6127
66.3903
63.6824
61.547
60.0532
59.2016
58.9923
59.4924
60.8071
63.045
66.3086
70.6893
76.2642
83.0846
91.1633
100.463
110.869
122.156
133.928
145.246
184.718
189.954
195.703
201.738
207.455
212.976
218.095
222.445
225.942
228.707
230.812
232.347
233.452
234.229
234.752
235.08
235.251
235.287
235.196
234.978
234.618
234.094
233.369
232.406
231.2
229.781
228.173
226.394
224.475
222.456
220.39
218.336
216.361
214.532
212.908
211.52
210.366
209.358
208.294
178.505
172.961
166.655
160.007
153.563
146.862
140.205
133.792
127.535
121.537
115.817
110.33
105.093
100.088
95.3036
90.7478
86.4341
82.3875
78.6468
75.2592
72.2845
69.7891
67.8224
66.4461
65.6568
65.4485
65.8806
67.0481
69.0511
71.9845
75.9357
80.9797
87.1695
94.5243
103.017
112.553
122.938
133.826
144.368
183.733
188.74
194.243
200.027
205.512
210.816
215.742
219.934
223.312
225.99
228.036
229.537
230.627
231.402
231.936
232.286
232.489
232.567
232.531
232.381
232.106
231.687
231.09
230.281
229.254
228.032
226.634
225.076
223.38
221.58
219.719
217.847
216.019
214.294
212.721
211.326
210.107
208.99
207.814
177.824
172.532
166.517
160.185
154.058
147.695
141.383
135.315
129.406
123.753
118.373
113.223
108.319
103.641
99.1794
94.9402
90.9342
87.1836
83.7235
80.5961
77.8551
75.5608
73.7557
72.4938
71.7686
71.5695
71.9479
72.9891
74.7847
77.4219
80.9828
85.5387
91.1438
97.8215
105.555
114.268
123.796
133.841
143.639
182.82
187.607
192.876
198.421
203.684
208.78
213.52
217.561
220.824
223.418
225.408
226.874
227.947
228.72
229.262
229.629
229.859
229.974
229.985
229.894
229.693
229.364
228.88
228.207
227.338
226.292
225.083
223.724
222.233
220.635
218.965
217.266
215.583
213.964
212.45
211.064
209.802
208.602
207.34
177.199
172.147
166.409
160.379
154.552
148.509
142.526
136.784
131.203
125.875
120.816
115.982
111.389
107.019
102.858
98.9144
95.1959
91.7221
88.5242
85.6404
83.119
81.0137
79.3625
78.2109
77.55
77.3659
77.7019
78.6347
80.247
82.6186
85.8253
89.9348
94.9997
101.047
108.07
116.008
124.725
133.97
143.054
181.974
186.553
191.597
196.912
201.963
206.86
211.422
215.319
218.47
220.984
222.918
224.351
225.406
226.175
226.722
227.104
227.357
227.502
227.554
227.513
227.375
227.125
226.739
226.186
225.457
224.567
223.528
222.348
221.042
219.63
218.139
216.602
215.058
213.546
212.099
210.735
209.451
208.192
206.868
176.626
171.803
166.331
160.586
155.045
149.306
143.634
138.201
132.93
127.908
123.149
118.613
114.312
110.229
106.351
102.683
99.2328
96.0172
93.064
90.4078
88.0918
86.1641
84.6579
83.6118
83.0141
82.8482
83.151
83.9907
85.441
87.5747
90.4608
94.1625
98.7307
104.195
110.556
117.767
125.722
134.208
142.612
181.191
185.57
190.401
195.496
200.344
205.05
209.442
213.199
216.244
218.679
220.56
221.959
222.997
223.759
224.311
224.704
224.975
225.147
225.232
225.235
225.151
224.97
224.668
224.22
223.615
222.863
221.975
220.956
219.817
218.573
217.246
215.863
214.453
213.047
211.672
210.343
209.053
207.759
206.394
176.104
171.498
166.277
160.806
155.536
150.085
144.708
139.567
134.588
129.855
125.38
121.123
117.096
113.282
109.667
106.257
103.057
100.082
97.357
94.9129
92.7885
91.0269
89.6567
88.7102
88.1737
88.0282
88.3047
89.064
90.3712
92.2917
94.8881
98.2186
102.332
107.259
113.005
119.54
126.78
134.551
142.307
180.466
184.656
189.281
194.168
198.821
203.344
207.572
211.196
214.139
216.498
218.326
219.693
220.712
221.467
222.02
222.422
222.709
222.902
223.016
223.055
223.019
222.896
222.668
222.311
221.814
221.185
220.43
219.554
218.566
217.475
216.299
215.057
213.774
212.473
211.175
209.89
208.611
207.3
205.915
175.627
171.23
166.249
161.036
156.024
150.848
145.75
140.885
136.182
131.721
127.512
123.517
119.747
116.184
112.817
109.647
106.68
103.929
101.416
99.1692
97.2232
95.616
94.3731
93.5198
93.0416
92.9177
93.1733
93.8624
95.043
96.7726
99.1076
102.101
105.799
110.232
115.413
121.32
127.893
134.993
142.133
179.797
183.805
188.236
192.921
197.388
201.737
205.808
209.303
212.147
214.433
216.21
217.544
218.544
219.292
219.844
220.253
220.552
220.763
220.901
220.971
220.974
220.901
220.737
220.46
220.057
219.535
218.899
218.15
217.296
216.343
215.304
214.193
213.03
211.831
210.612
209.379
208.125
206.816
205.428
175.193
170.993
166.242
161.275
156.508
151.592
146.758
142.155
137.713
133.509
129.55
125.802
122.272
118.944
115.807
112.861
110.111
107.568
105.253
103.189
101.409
99.9453
98.8202
98.054
97.6306
97.5282
97.7674
98.3952
99.463
101.022
103.121
105.81
109.13
113.112
117.772
123.101
129.054
135.525
142.082
179.18
183.015
187.259
191.752
196.041
200.222
204.143
207.514
210.263
212.477
214.205
215.507
216.488
217.226
217.777
218.19
218.499
218.724
218.882
218.979
219.015
218.985
218.875
218.667
218.347
217.918
217.385
216.75
216.014
215.185
214.27
213.281
212.229
211.129
209.991
208.816
207.598
206.306
204.93
174.799
170.788
166.254
161.523
156.988
152.318
147.735
143.379
139.184
135.221
131.498
127.98
124.676
121.568
118.646
115.909
113.36
111.011
108.879
106.985
105.358
104.027
103.011
102.326
101.954
101.872
102.097
102.671
103.639
105.045
106.932
109.345
112.322
115.894
120.079
124.875
130.255
136.141
142.148
178.611
182.28
186.346
190.656
194.775
198.795
202.571
205.824
208.481
210.627
212.306
213.576
214.538
215.265
215.813
216.229
216.544
216.781
216.955
217.073
217.138
217.144
217.081
216.932
216.683
216.336
215.894
215.357
214.728
214.008
213.205
212.326
211.38
210.374
209.316
208.205
207.031
205.769
204.42
174.441
170.61
166.283
161.776
157.462
153.026
148.68
144.558
140.595
136.86
133.359
130.058
126.965
124.063
121.34
118.798
116.437
114.268
112.305
110.569
109.083
107.874
106.959
106.347
106.022
105.96
106.175
106.701
107.579
108.848
110.545
112.71
115.377
118.576
122.327
126.636
131.489
136.83
142.321
178.086
181.598
185.494
189.629
193.584
197.451
201.088
204.226
206.795
208.875
210.507
211.745
212.687
213.404
213.947
214.363
214.684
214.93
215.117
215.253
215.34
215.377
215.354
215.255
215.067
214.791
214.429
213.978
213.442
212.821
212.118
211.339
210.49
209.574
208.595
207.55
206.429
205.207
203.895
174.118
170.458
166.329
162.033
157.929
153.715
149.594
145.692
141.949
138.428
135.136
132.038
129.142
126.433
123.897
121.535
119.349
117.346
115.541
113.949
112.594
111.498
110.675
110.132
109.85
109.806
110.01
110.495
111.293
112.438
113.965
115.906
118.294
121.156
124.514
128.379
132.748
137.585
142.592
177.604
180.966
184.699
188.666
192.465
196.185
199.689
202.717
205.2
207.216
208.802
210.009
210.931
211.636
212.174
212.589
212.913
213.165
213.362
213.513
213.619
213.682
213.692
213.636
213.501
213.286
212.992
212.617
212.163
211.628
211.016
210.328
209.567
208.736
207.834
206.858
205.794
204.621
203.356
173.826
170.329
166.388
162.294
158.388
154.385
150.477
146.784
143.248
139.929
136.831
133.925
131.214
128.684
126.322
124.129
122.104
120.256
118.595
117.137
115.902
114.91
114.171
113.689
113.447
113.419
113.615
114.062
114.789
115.824
117.197
118.937
121.074
123.632
126.635
130.096
134.023
138.396
142.951
177.16
180.379
183.957
187.764
191.414
194.993
198.369
201.292
203.693
205.645
207.186
208.363
209.265
209.957
210.488
210.901
211.226
211.483
211.688
211.85
211.972
212.055
212.093
212.074
211.985
211.822
211.587
211.278
210.895
210.437
209.904
209.298
208.619
207.867
207.04
206.132
205.13
204.013
202.801
173.563
170.221
166.459
162.557
158.84
155.035
151.329
147.832
144.492
141.363
138.449
135.721
133.184
130.821
128.621
126.584
124.71
123.004
121.477
120.143
119.018
118.12
117.457
117.032
116.825
116.813
117.001
117.414
118.076
119.013
120.248
121.809
123.72
126.005
128.687
131.783
135.308
139.254
143.39
176.753
179.836
183.265
186.92
190.428
193.87
197.123
199.945
202.267
204.159
205.656
206.802
207.684
208.363
208.886
209.296
209.621
209.881
210.091
210.261
210.396
210.496
210.557
210.569
210.518
210.4
210.216
209.964
209.643
209.252
208.79
208.257
207.653
206.975
206.22
205.379
204.441
203.383
202.231
173.327
170.133
166.54
162.82
159.282
155.666
152.15
148.839
145.683
142.732
139.991
137.431
135.055
132.848
130.8
128.908
127.173
125.599
124.195
122.974
121.95
121.139
120.546
120.172
119.996
119.997
120.179
120.561
121.165
122.013
123.125
124.525
126.234
128.274
130.668
133.435
136.594
140.149
143.897
176.379
179.331
182.62
186.129
189.501
192.814
195.949
198.673
200.919
202.752
204.206
205.322
206.183
206.849
207.364
207.769
208.093
208.354
208.568
208.744
208.889
209.003
209.083
209.12
209.101
209.022
208.881
208.678
208.411
208.079
207.68
207.213
206.676
206.066
205.379
204.605
203.731
202.736
201.646
173.115
170.061
166.63
163.082
159.714
156.277
152.941
149.805
146.822
144.039
141.461
139.057
136.832
134.771
132.863
131.106
129.499
128.047
126.757
125.64
124.709
123.976
123.446
123.118
122.971
122.983
123.158
123.512
124.065
124.833
125.835
127.09
128.619
130.44
132.576
135.047
137.875
141.074
144.464
176.037
178.865
182.019
185.388
188.63
191.82
194.843
197.472
199.644
201.421
202.833
203.919
204.759
205.411
205.918
206.317
206.638
206.899
207.115
207.296
207.448
207.572
207.668
207.726
207.734
207.687
207.584
207.423
207.202
206.921
206.577
206.169
205.693
205.147
204.523
203.814
203.004
202.073
201.049
172.925
170.005
166.727
163.343
160.135
156.867
153.7
150.731
147.91
145.286
142.859
140.602
138.518
136.593
134.815
133.183
131.695
130.355
129.17
128.149
127.302
126.641
126.168
125.881
125.759
125.781
125.95
126.279
126.784
127.481
128.385
129.511
130.879
132.505
134.409
136.614
139.145
142.019
145.081
175.723
178.434
181.46
184.696
187.813
190.885
193.799
196.339
198.44
200.161
201.532
202.59
203.409
204.047
204.543
204.937
205.254
205.513
205.73
205.914
206.071
206.203
206.311
206.386
206.417
206.397
206.325
206.2
206.021
205.784
205.489
205.132
204.712
204.223
203.659
203.011
202.264
201.398
200.44
172.756
169.962
166.829
163.6
160.544
157.436
154.43
151.616
148.949
146.473
144.188
142.069
140.116
138.317
136.661
135.145
133.767
132.531
131.442
130.508
129.738
129.142
128.721
128.471
128.371
128.402
128.564
128.87
129.333
129.966
130.781
131.793
133.017
134.469
136.168
138.134
140.397
142.978
145.738
175.436
178.035
180.939
184.049
187.047
190.005
192.816
195.27
197.302
198.97
200.301
201.329
202.128
202.751
203.237
203.624
203.937
204.194
204.41
204.595
204.755
204.894
205.011
205.1
205.15
205.153
205.107
205.013
204.868
204.67
204.417
204.107
203.736
203.3
202.791
202.201
201.516
200.714
199.822
172.606
169.931
166.936
163.854
160.941
157.984
155.129
152.462
149.939
147.602
145.451
143.459
141.63
139.949
138.405
136.996
135.72
134.579
133.578
132.724
132.025
131.488
131.114
130.897
130.817
130.854
131.011
131.296
131.721
132.296
133.033
133.942
135.038
136.335
137.85
139.604
141.626
143.941
146.428
175.173
177.666
180.454
183.443
186.329
189.179
191.891
194.261
196.227
197.843
199.135
200.135
200.913
201.522
201.998
202.377
202.684
202.938
203.153
203.338
203.5
203.643
203.767
203.867
203.932
203.954
203.931
203.862
203.747
203.582
203.367
203.097
202.771
202.382
201.925
201.39
200.763
200.023
199.197
172.472
169.911
167.046
164.103
161.326
158.51
155.798
153.269
150.882
148.675
146.649
144.777
143.062
141.49
140.051
138.742
137.56
136.507
135.587
134.806
134.171
133.687
133.355
133.167
133.104
133.148
133.298
133.564
133.955
134.479
135.145
135.963
136.946
138.105
139.456
141.021
142.828
144.904
147.141
174.933
177.325
180.003
182.878
185.656
188.403
191.02
193.31
195.212
196.778
198.033
199.005
199.762
200.356
200.821
201.192
201.494
201.744
201.956
202.14
202.303
202.448
202.578
202.687
202.763
202.8
202.796
202.75
202.66
202.524
202.341
202.107
201.82
201.475
201.065
200.581
200.01
199.33
198.568
172.353
169.9
167.158
164.346
161.697
159.015
156.437
154.038
151.778
149.694
147.783
146.024
144.416
142.946
141.603
140.386
139.291
138.318
137.473
136.759
136.182
135.747
135.452
135.291
135.243
135.292
135.437
135.685
136.044
136.522
137.126
137.863
138.744
139.781
140.988
142.384
143.998
145.859
147.87
174.714
177.01
179.584
182.35
185.025
187.674
190.2
192.414
194.255
195.773
196.99
197.935
198.672
199.25
199.704
200.067
200.363
200.608
200.817
200.999
201.162
201.308
201.441
201.557
201.644
201.693
201.704
201.676
201.608
201.497
201.342
201.14
200.889
200.583
200.216
199.779
199.26
198.638
197.938
172.248
169.896
167.271
164.582
162.054
159.499
157.046
154.769
152.629
150.659
148.858
147.203
145.694
144.318
143.065
141.933
140.917
140.02
139.242
138.589
138.066
137.675
137.414
137.275
137.241
137.294
137.433
137.666
137.997
138.434
138.981
139.646
140.438
141.366
142.445
143.691
145.134
146.801
148.608
174.514
176.72
179.195
181.858
184.436
186.99
189.43
191.57
193.352
194.823
196.005
196.923
197.64
198.203
198.646
199
199.289
199.53
199.735
199.914
200.076
200.223
200.358
200.478
200.572
200.632
200.655
200.643
200.593
200.503
200.373
200.199
199.979
199.708
199.38
198.988
198.517
197.95
197.308
172.156
169.899
167.383
164.811
162.396
159.96
157.626
155.463
153.434
151.571
149.872
148.315
146.898
145.61
144.441
143.387
142.445
141.616
140.901
140.304
139.828
139.477
139.247
139.129
139.106
139.163
139.297
139.515
139.821
140.22
140.717
141.319
142.031
142.863
143.828
144.942
146.231
147.726
149.348
174.331
176.452
178.833
181.399
183.884
186.35
188.706
190.777
192.501
193.928
195.074
195.966
196.664
197.212
197.643
197.989
198.271
198.506
198.707
198.883
199.042
199.189
199.325
199.448
199.548
199.616
199.65
199.65
199.616
199.545
199.435
199.286
199.093
198.854
198.562
198.21
197.784
197.268
196.683
172.074
169.907
167.495
165.032
162.723
160.398
158.176
156.12
154.196
152.433
150.829
149.362
148.032
146.825
145.733
144.751
143.878
143.111
142.454
141.908
141.476
141.161
140.958
140.859
140.846
140.905
141.034
141.239
141.522
141.888
142.341
142.886
143.528
144.275
145.139
146.135
147.289
148.629
150.086
174.165
176.206
178.498
180.971
183.369
185.75
188.027
190.031
191.701
193.083
194.197
195.063
195.741
196.275
196.694
197.031
197.306
197.535
197.732
197.905
198.062
198.206
198.343
198.468
198.572
198.646
198.688
198.7
198.678
198.622
198.531
198.403
198.235
198.024
197.765
197.449
197.065
196.597
196.064
172.002
169.92
167.604
165.244
163.035
160.814
158.696
156.741
154.915
153.245
151.73
150.348
149.097
147.966
146.945
146.03
145.219
144.511
143.906
143.406
143.015
142.732
142.554
142.471
142.467
142.529
142.653
142.846
143.109
143.445
143.859
144.352
144.932
145.604
146.379
147.271
148.305
149.506
150.815
174.014
175.979
178.188
180.574
182.889
185.19
187.391
189.331
190.948
192.289
193.37
194.212
194.871
195.389
195.797
196.125
196.393
196.617
196.808
196.977
197.131
197.274
197.409
197.536
197.642
197.721
197.77
197.79
197.779
197.737
197.662
197.553
197.407
197.221
196.99
196.708
196.362
195.939
195.454
171.939
169.936
167.711
165.446
163.331
161.208
159.187
157.326
155.591
154.009
152.576
151.272
150.096
149.035
148.08
147.227
146.474
145.819
145.262
144.805
144.449
144.196
144.04
143.973
143.977
144.04
144.16
144.342
144.586
144.896
145.274
145.724
146.248
146.854
147.55
148.35
149.277
150.356
151.532
173.876
175.771
177.902
180.206
182.442
184.667
186.796
188.676
190.241
191.541
192.591
193.409
194.05
194.554
194.951
195.269
195.53
195.748
195.935
196.099
196.25
196.39
196.525
196.651
196.759
196.842
196.896
196.923
196.921
196.89
196.829
196.736
196.609
196.446
196.241
195.989
195.678
195.296
194.856
171.884
169.954
167.813
165.639
163.611
161.579
159.649
157.875
156.225
154.725
153.369
152.139
151.031
150.034
149.14
148.346
147.645
147.039
146.526
146.108
145.786
145.56
145.424
145.369
145.381
145.445
145.562
145.733
145.961
146.248
146.595
147.004
147.48
148.027
148.654
149.373
150.205
151.175
152.232
173.751
175.579
177.637
179.864
182.027
184.179
186.24
188.062
189.577
190.84
191.861
192.655
193.277
193.767
194.153
194.463
194.716
194.927
195.109
195.27
195.417
195.554
195.687
195.813
195.922
196.006
196.065
196.098
196.103
196.082
196.033
195.954
195.844
195.7
195.519
195.294
195.016
194.67
194.273
171.835
169.974
167.912
165.821
163.874
161.927
160.082
158.389
156.82
155.394
154.11
152.948
151.903
150.966
150.129
149.388
148.737
148.175
147.703
147.321
147.029
146.827
146.709
146.667
146.684
146.75
146.863
147.026
147.239
147.505
147.824
148.198
148.631
149.126
149.692
150.339
151.088
151.961
152.912
173.637
175.404
177.393
179.549
181.641
183.726
185.722
187.488
188.955
190.183
191.176
191.947
192.551
193.027
193.402
193.703
193.949
194.155
194.331
194.488
194.631
194.766
194.896
195.02
195.129
195.216
195.277
195.315
195.327
195.314
195.274
195.208
195.113
194.986
194.826
194.626
194.376
194.065
193.706
171.792
169.994
168.005
165.991
164.119
162.251
160.485
158.868
157.373
156.018
154.801
153.702
152.716
151.834
151.05
150.357
149.751
149.231
148.796
148.446
148.183
148.003
147.902
147.87
147.893
147.961
148.071
148.225
148.426
148.673
148.967
149.31
149.705
150.155
150.667
151.251
151.925
152.712
153.57
173.535
175.245
177.17
179.259
181.287
183.308
185.242
186.954
188.37
189.566
190.535
191.284
191.869
192.332
192.697
192.989
193.229
193.428
193.6
193.752
193.891
194.023
194.15
194.273
194.382
194.469
194.533
194.573
194.591
194.585
194.554
194.498
194.416
194.305
194.163
193.985
193.762
193.482
193.158
171.754
170.014
168.091
166.148
164.346
162.55
160.858
159.31
157.886
156.594
155.443
154.404
153.471
152.64
151.904
151.257
150.693
150.21
149.81
149.49
149.252
149.092
149.006
148.985
149.013
149.081
149.188
149.336
149.525
149.756
150.028
150.344
150.706
151.115
151.579
152.108
152.717
153.429
154.202
173.442
175.099
176.967
178.995
180.961
182.924
184.8
186.461
187.823
188.99
189.935
190.662
191.231
191.681
192.036
192.32
192.552
192.746
192.913
193.06
193.196
193.324
193.449
193.57
193.678
193.765
193.831
193.874
193.896
193.895
193.872
193.826
193.755
193.658
193.533
193.374
193.174
192.922
192.631
171.72
170.035
168.173
166.295
164.557
162.828
161.203
159.719
158.359
157.126
156.035
155.051
154.166
153.382
152.693
152.088
151.563
151.116
150.747
150.455
150.24
150.1
150.028
150.015
150.048
150.118
150.223
150.364
150.543
150.759
151.013
151.305
151.636
152.011
152.433
152.913
153.465
154.109
154.808
173.358
174.967
176.78
178.75
180.659
182.566
184.388
186.001
187.32
188.461
189.382
190.085
190.636
191.074
191.419
191.694
191.92
192.108
192.27
192.413
192.545
192.669
192.792
192.911
193.017
193.104
193.171
193.217
193.242
193.246
193.229
193.191
193.13
193.045
192.934
192.793
192.614
192.388
192.125
171.693
170.056
168.253
166.435
164.756
163.089
161.527
160.1
158.8
157.622
156.586
155.642
154.796
154.059
153.416
152.851
152.361
151.947
151.609
151.343
151.15
151.027
150.968
150.964
151.002
151.073
151.176
151.312
151.482
151.686
151.923
152.193
152.499
152.843
153.229
153.665
154.167
154.751
155.385
173.283
174.847
176.608
178.523
180.374
182.228
183.994
185.56
186.852
187.984
188.878
189.553
190.086
190.512
190.847
191.114
191.332
191.515
191.671
191.811
191.939
192.06
192.179
192.295
192.401
192.487
192.554
192.602
192.63
192.638
192.626
192.595
192.542
192.468
192.37
192.244
192.084
191.881
191.644
171.671
170.069
168.306
166.536
164.907
163.296
161.802
160.44
159.224
158.104
157.183
156.25
155.397
154.681
154.061
153.511
153.033
152.632
152.305
152.05
151.866
151.751
151.698
151.699
151.739
151.81
151.912
152.045
152.209
152.403
152.631
152.888
153.176
153.499
153.86
154.267
154.733
155.276
155.863
173.228
174.759
176.482
178.353
180.151
181.95
183.636
185.113
186.308
187.512
188.417
189.079
189.609
190.037
190.371
190.637
190.854
191.036
191.191
191.329
191.456
191.577
191.695
191.811
191.917
192.004
192.072
192.12
192.15
192.161
192.153
192.126
192.079
192.012
191.922
191.806
191.659
191.471
191.252
171.652
170.079
168.349
166.619
165.035
163.477
162.048
160.755
159.633
158.564
157.793
156.847
155.961
155.252
154.643
154.095
153.615
153.214
152.889
152.636
152.454
152.34
152.289
152.291
152.331
152.402
152.502
152.632
152.792
152.979
153.202
153.45
153.727
154.035
154.379
154.765
155.206
155.719
156.272
173.183
174.687
176.379
178.209
179.954
181.694
183.289
184.679
185.752
187.058
187.996
188.655
189.188
189.624
189.964
190.233
190.452
190.635
190.792
190.931
191.059
191.18
191.3
191.417
191.524
191.612
191.681
191.731
191.762
191.775
191.769
191.745
191.701
191.639
191.554
191.446
191.307
191.129
190.923
171.635
170.089
168.39
166.698
165.156
163.646
162.278
161.045
160.004
158.975
158.339
157.396
156.488
155.79
155.196
154.655
154.179
153.782
153.461
153.212
153.033
152.922
152.873
152.876
152.918
152.989
153.087
153.216
153.372
153.552
153.769
154.01
154.274
154.568
154.895
155.261
155.678
156.162
156.682
173.141
174.619
176.28
178.072
179.768
181.456
182.968
184.291
185.241
186.621
187.59
188.245
188.778
189.219
189.563
189.834
190.054
190.238
190.396
190.536
190.664
190.785
190.906
191.024
191.132
191.221
191.291
191.342
191.375
191.389
191.385
191.364
191.324
191.265
191.186
191.084
190.954
190.787
190.594
171.618
170.096
168.427
166.769
165.265
163.801
162.485
161.306
160.334
159.336
158.811
157.888
156.976
156.291
155.716
155.187
154.718
154.328
154.014
153.77
153.597
153.49
153.445
153.451
153.494
153.565
153.663
153.79
153.943
154.116
154.329
154.561
154.815
155.095
155.406
155.753
156.147
156.603
157.091
173.101
174.555
176.189
177.945
179.598
181.238
182.676
183.946
184.785
186.204
187.2
187.853
188.382
188.824
189.171
189.443
189.664
189.849
190.006
190.146
190.275
190.396
190.517
190.636
190.744
190.834
190.905
190.957
190.991
191.007
191.005
190.985
190.949
190.895
190.821
190.726
190.603
190.446
190.265
171.601
170.102
168.459
166.832
165.361
163.937
162.666
161.533
160.616
159.642
159.203
158.317
157.418
156.751
156.196
155.684
155.228
154.848
154.543
154.308
154.141
154.04
154
154.01
154.055
154.127
154.224
154.35
154.5
154.667
154.876
155.101
155.344
155.612
155.908
156.236
156.609
157.039
157.497
173.063
174.496
176.106
177.83
179.446
181.045
182.42
183.649
184.39
185.813
186.826
187.48
188.003
188.444
188.792
189.065
189.286
189.47
189.627
189.767
189.895
190.017
190.137
190.256
190.365
190.456
190.527
190.579
190.614
190.632
190.632
190.615
190.581
190.531
190.462
190.373
190.259
190.112
189.942
171.585
170.104
168.483
166.883
165.441
164.05
162.815
161.72
160.845
159.888
159.511
158.677
157.811
157.166
156.632
156.141
155.702
155.335
155.042
154.818
154.66
154.567
154.533
154.547
154.595
154.67
154.767
154.892
155.04
155.202
155.406
155.624
155.858
156.113
156.395
156.707
157.059
157.465
157.894
173.03
174.445
176.035
177.731
179.317
180.879
182.204
183.4
184.056
185.452
186.471
187.127
187.644
188.082
188.429
188.702
188.922
189.106
189.263
189.402
189.529
189.65
189.771
189.89
189.999
190.09
190.161
190.214
190.25
190.269
190.27
190.256
190.225
190.178
190.115
190.031
189.924
189.786
189.628
171.569
170.102
168.496
166.916
165.496
164.132
162.926
161.86
161.013
160.068
159.732
158.964
158.147
157.53
157.02
156.552
156.134
155.785
155.506
155.294
155.148
155.064
155.037
155.057
155.109
155.186
155.284
155.41
155.556
155.715
155.915
156.127
156.352
156.598
156.867
157.164
157.497
157.882
158.285
173.002
174.405
175.981
177.655
179.22
180.75
182.035
183.202
183.784
185.125
186.137
186.796
187.309
187.74
188.085
188.357
188.577
188.759
188.916
189.054
189.181
189.302
189.422
189.541
189.65
189.741
189.813
189.867
189.903
189.922
189.926
189.913
189.885
189.842
189.782
189.704
189.605
189.475
189.328
171.554
170.091
168.493
166.925
165.517
164.172
162.985
161.942
161.114
160.177
159.865
159.176
158.422
157.84
157.354
156.913
156.52
156.19
155.929
155.732
155.599
155.527
155.509
155.536
155.593
155.673
155.773
155.899
156.045
156.2
156.397
156.603
156.82
157.056
157.313
157.596
157.912
158.276
158.653
172.982
174.38
175.949
177.611
179.162
180.665
181.919
183.056
183.571
184.831
185.823
186.487
186.998
187.424
187.766
188.036
188.254
188.435
188.591
188.728
188.855
188.975
189.095
189.213
189.323
189.414
189.487
189.541
189.578
189.599
189.603
189.593
189.567
189.527
189.471
189.398
189.305
189.183
189.045
171.539
170.076
168.478
166.912
165.508
164.172
162.993
161.964
161.146
160.217
159.915
159.313
158.634
158.09
157.631
157.218
156.852
156.545
156.301
156.121
156.003
155.943
155.936
155.972
156.036
156.122
156.226
156.355
156.503
156.657
156.853
157.056
157.269
157.498
157.746
158.017
158.32
158.668
159.029
172.967
174.364
175.933
177.59
179.138
180.619
181.857
182.962
183.411
184.569
185.528
186.195
186.706
187.13
187.472
187.743
187.962
188.143
188.297
188.433
188.559
188.678
188.798
188.916
189.025
189.117
189.19
189.244
189.282
189.303
189.31
189.3
189.276
189.239
189.187
189.119
189.03
188.915
188.785
171.525
170.06
168.459
166.891
165.486
164.149
162.968
161.945
161.12
160.19
159.891
159.38
158.781
158.277
157.847
157.464
157.127
156.846
156.625
156.465
156.364
156.319
156.324
156.368
156.438
156.528
156.635
156.765
156.912
157.065
157.258
157.457
157.663
157.885
158.124
158.385
158.674
159.003
159.337
172.954
174.353
175.925
177.584
179.135
180.606
181.848
182.915
183.295
184.34
185.26
185.925
186.432
186.848
187.188
187.462
187.685
187.87
188.028
188.167
188.294
188.415
188.536
188.656
188.766
188.859
188.933
188.988
189.026
189.048
189.055
189.047
189.024
188.987
188.937
188.872
188.787
188.676
188.549
171.51
170.026
168.406
166.824
165.407
164.063
162.875
161.853
161.012
160.088
159.807
159.39
158.865
158.398
157.995
157.64
157.329
157.071
156.871
156.732
156.652
156.626
156.649
156.709
156.793
156.895
157.013
157.153
157.308
157.468
157.665
157.866
158.073
158.293
158.529
158.785
159.068
159.392
159.728
172.959
174.378
175.97
177.645
179.206
180.672
181.92
182.914
183.206
184.134
185.026
185.708
186.222
186.632
186.96
187.226
187.443
187.625
187.781
187.921
188.051
188.175
188.299
188.423
188.537
188.632
188.709
188.768
188.809
188.833
188.841
188.836
188.816
188.781
188.732
188.669
188.587
188.48
188.354
171.493
169.935
168.24
166.594
165.13
163.756
162.557
161.55
160.723
159.893
159.689
159.369
158.9
158.463
158.092
157.772
157.492
157.257
157.077
156.956
156.891
156.878
156.91
156.974
157.061
157.165
157.284
157.424
157.578
157.735
157.931
158.13
158.333
158.548
158.78
159.029
159.301
159.608
159.909
173.016
174.504
176.166
177.898
179.489
180.944
182.142
182.953
183.12
183.894
184.744
185.46
186.021
186.466
186.818
187.099
187.325
187.509
187.665
187.802
187.927
188.046
188.165
188.285
188.396
188.489
188.562
188.616
188.653
188.675
188.68
188.671
188.648
188.613
188.563
188.499
188.418
188.313
188.193
171.476
169.806
167.994
166.242
164.699
163.272
162.054
161.069
160.296
159.666
159.577
159.333
158.88
158.435
158.07
157.772
157.519
157.312
157.161
157.071
157.042
157.067
157.138
157.24
157.356
157.485
157.627
157.788
157.964
158.146
158.352
158.562
158.777
159.002
159.24
159.493
159.771
160.09
160.415
173.106
174.693
176.457
178.276
179.916
181.359
182.46
183.008
183.032
183.59
184.307
184.982
185.553
186.026
186.411
186.726
186.985
187.201
187.387
187.55
187.701
187.844
187.987
188.129
188.261
188.371
188.459
188.525
188.571
188.599
188.608
188.601
188.578
188.541
188.488
188.42
188.333
188.22
188.095
289.178
287.371
285.129
282.502
279.283
275.421
270.915
265.809
260.213
254.299
248.261
242.262
236.401
230.728
225.258
219.995
214.942
210.097
205.462
201.036
196.815
192.797
188.976
185.347
181.904
178.639
175.545
172.618
169.854
167.25
164.805
162.517
160.387
158.413
156.598
154.94
153.44
152.097
150.91
149.876
148.994
148.258
147.665
147.209
146.884
146.681
146.594
146.613
146.731
146.937
147.221
147.576
147.99
148.456
148.964
149.505
150.073
150.659
151.257
151.861
152.465
153.065
153.655
154.233
154.795
155.339
155.859
156.296
156.676
157.057
157.439
157.82
158.193
158.565
158.911
159.275
159.561
159.952
160.108
160.625
288.849
285.356
281.59
277.693
273.723
269.752
265.834
261.994
258.249
254.612
251.092
247.702
244.451
241.346
238.394
235.601
232.969
230.499
228.191
226.042
224.049
222.206
220.505
218.941
217.503
216.184
214.975
213.867
212.85
211.918
211.061
210.272
209.543
208.867
208.238
207.648
207.093
206.564
206.057
205.567
205.088
204.616
204.146
203.674
203.199
202.716
202.223
201.721
201.207
200.681
200.143
199.595
199.038
198.472
197.901
197.326
196.75
196.175
195.603
195.038
194.481
193.936
193.404
192.887
192.388
191.908
191.45
191.075
190.757
190.438
190.12
189.807
189.502
189.211
188.937
188.685
188.457
188.266
188.107
188.005
220.699
220.261
219.929
219.638
219.326
218.994
218.618
218.145
217.519
216.695
215.649
214.376
212.882
211.178
209.28
207.207
204.98
202.622
200.155
197.602
194.986
192.328
189.647
186.965
184.3
181.671
179.095
176.585
174.154
171.811
169.563
167.418
165.382
163.459
161.655
159.972
158.413
156.982
155.68
154.508
153.466
152.555
151.771
151.114
150.579
150.162
149.857
149.66
149.564
149.56
149.641
149.8
150.028
150.316
150.657
151.043
151.465
151.917
152.392
152.883
153.384
153.889
154.395
154.896
155.388
155.87
156.335
156.729
157.073
157.419
157.768
158.118
158.462
158.808
159.13
159.472
159.741
160.113
160.263
160.762
220.956
221.209
221.746
222.213
222.6
222.894
223.087
223.175
223.159
223.041
222.824
222.51
222.104
221.612
221.041
220.398
219.693
218.934
218.132
217.298
216.443
215.577
214.709
213.849
213.006
212.184
211.39
210.629
209.901
209.21
208.555
207.935
207.35
206.796
206.271
205.772
205.297
204.84
204.399
203.97
203.549
203.134
202.72
202.305
201.886
201.461
201.028
200.585
200.131
199.666
199.19
198.703
198.206
197.7
197.187
196.668
196.146
195.622
195.099
194.58
194.066
193.56
193.065
192.583
192.115
191.664
191.232
190.878
190.577
190.274
189.972
189.674
189.383
189.105
188.842
188.599
188.377
188.191
188.038
187.938
200.139
199.748
199.358
198.973
198.557
198.101
197.603
197.064
196.483
195.866
195.218
194.547
193.856
193.143
192.399
191.612
190.77
189.862
188.878
187.814
186.663
185.427
184.105
182.704
181.229
179.687
178.091
176.451
174.781
173.096
171.408
169.734
168.084
166.473
164.913
163.412
161.982
160.631
159.365
158.191
157.114
156.138
155.265
154.497
153.834
153.274
152.818
152.46
152.199
152.028
151.942
151.936
152.003
152.135
152.327
152.57
152.858
153.184
153.541
153.923
154.323
154.737
155.158
155.582
156.005
156.424
156.832
157.182
157.489
157.798
158.113
158.431
158.746
159.064
159.361
159.68
159.931
160.281
160.426
160.904
200.427
200.692
200.981
201.26
201.572
201.907
202.263
202.637
203.023
203.416
203.81
204.199
204.578
204.94
205.278
205.588
205.862
206.097
206.288
206.432
206.526
206.569
206.562
206.505
206.403
206.257
206.072
205.853
205.606
205.335
205.045
204.742
204.429
204.109
203.786
203.461
203.135
202.81
202.484
202.157
201.83
201.499
201.165
200.825
200.478
200.122
199.757
199.382
198.995
198.596
198.185
197.762
197.327
196.883
196.43
195.969
195.502
195.032
194.559
194.088
193.619
193.156
192.7
192.254
191.82
191.399
190.996
190.664
190.381
190.097
189.812
189.53
189.255
188.99
188.739
188.506
188.294
188.115
187.967
187.866
200.523
200.28
200.024
199.76
199.473
199.14
198.745
198.272
197.705
197.037
196.27
195.416
194.492
193.517
192.503
191.459
190.387
189.29
188.17
187.028
185.865
184.68
183.473
182.242
180.988
179.709
178.405
177.078
175.729
174.362
172.982
171.595
170.208
168.83
167.469
166.135
164.836
163.581
162.38
161.24
160.168
159.171
158.253
157.42
156.673
156.015
155.447
154.969
154.578
154.273
154.051
153.907
153.837
153.835
153.895
154.013
154.18
154.392
154.641
154.922
155.229
155.556
155.897
156.249
156.605
156.964
157.318
157.625
157.896
158.173
158.455
158.743
159.029
159.32
159.594
159.89
160.124
160.454
160.593
161.053
200.723
200.905
201.066
201.214
201.352
201.474
201.583
201.678
201.762
201.835
201.897
201.952
201.999
202.041
202.079
202.114
202.146
202.176
202.204
202.229
202.25
202.267
202.277
202.278
202.269
202.247
202.21
202.158
202.088
202.002
201.897
201.775
201.637
201.484
201.317
201.136
200.945
200.742
200.53
200.308
200.077
199.837
199.588
199.328
199.058
198.777
198.484
198.178
197.859
197.527
197.181
196.823
196.451
196.068
195.674
195.271
194.859
194.442
194.02
193.596
193.172
192.751
192.334
191.924
191.523
191.133
190.758
190.448
190.183
189.916
189.648
189.382
189.122
188.87
188.631
188.41
188.207
188.036
187.893
187.789
196.721
196.482
196.238
196.003
195.772
195.534
195.279
194.999
194.682
194.315
193.888
193.394
192.832
192.207
191.523
190.784
189.993
189.148
188.252
187.305
186.31
185.271
184.192
183.076
181.928
180.751
179.551
178.332
177.097
175.85
174.596
173.338
172.082
170.831
169.592
168.369
167.169
165.999
164.864
163.772
162.729
161.741
160.814
159.952
159.161
158.443
157.802
157.239
156.754
156.346
156.016
155.76
155.576
155.46
155.407
155.412
155.472
155.579
155.729
155.916
156.134
156.378
156.643
156.923
157.215
157.514
157.814
158.079
158.315
158.558
158.808
159.066
159.322
159.587
159.836
160.11
160.325
160.638
160.766
161.21
196.903
197.053
197.207
197.366
197.525
197.684
197.843
197.999
198.152
198.3
198.442
198.577
198.702
198.818
198.923
199.017
199.099
199.168
199.226
199.273
199.309
199.335
199.352
199.36
199.362
199.356
199.344
199.325
199.301
199.269
199.23
199.183
199.127
199.062
198.987
198.901
198.805
198.698
198.579
198.448
198.306
198.152
197.985
197.805
197.612
197.405
197.185
196.95
196.7
196.435
196.156
195.862
195.553
195.231
194.897
194.551
194.195
193.83
193.459
193.084
192.705
192.327
191.95
191.577
191.211
190.853
190.507
190.219
189.973
189.724
189.473
189.223
188.978
188.741
188.515
188.305
188.114
187.949
187.812
187.706
191.905
191.69
191.467
191.25
191.034
190.815
190.593
190.36
190.11
189.834
189.526
189.179
188.79
188.359
187.89
187.386
186.85
186.281
185.677
185.035
184.355
183.633
182.87
182.065
181.22
180.334
179.409
178.45
177.458
176.438
175.395
174.332
173.256
172.171
171.083
169.998
168.921
167.859
166.817
165.801
164.818
163.873
162.971
162.119
161.321
160.581
159.903
159.29
158.743
158.265
157.855
157.513
157.238
157.027
156.878
156.787
156.75
156.763
156.822
156.921
157.055
157.22
157.41
157.622
157.849
158.089
158.334
158.556
158.756
158.964
159.181
159.406
159.633
159.869
160.093
160.343
160.539
160.831
160.949
161.374
192.061
192.188
192.326
192.468
192.616
192.771
192.93
193.096
193.266
193.442
193.622
193.806
193.994
194.183
194.374
194.565
194.754
194.94
195.123
195.299
195.469
195.63
195.782
195.923
196.053
196.171
196.277
196.371
196.453
196.523
196.581
196.628
196.663
196.687
196.699
196.7
196.689
196.666
196.631
196.583
196.522
196.447
196.358
196.255
196.136
196.002
195.853
195.688
195.506
195.309
195.095
194.865
194.619
194.359
194.084
193.796
193.496
193.185
192.866
192.539
192.208
191.873
191.538
191.204
190.874
190.549
190.234
189.97
189.744
189.514
189.281
189.05
188.821
188.599
188.388
188.19
188.01
187.854
187.722
187.615
188.907
188.73
188.544
188.358
188.167
187.972
187.775
187.575
187.366
187.14
186.893
186.616
186.304
185.953
185.566
185.146
184.697
184.221
183.722
183.197
182.647
182.07
181.465
180.832
180.17
179.478
178.756
178.004
177.224
176.414
175.578
174.717
173.834
172.933
172.017
171.091
170.16
169.228
168.302
167.386
166.487
165.611
164.762
163.947
163.17
162.437
161.751
161.117
160.537
160.014
159.55
159.146
158.801
158.516
158.288
158.116
157.997
157.928
157.904
157.923
157.98
158.071
158.19
158.335
158.499
158.681
158.873
159.051
159.215
159.388
159.571
159.763
159.959
160.166
160.362
160.588
160.763
161.033
161.14
161.546
189.043
189.162
189.29
189.421
189.556
189.697
189.841
189.99
190.144
190.302
190.464
190.63
190.801
190.975
191.153
191.335
191.52
191.708
191.898
192.089
192.282
192.474
192.666
192.856
193.042
193.224
193.4
193.569
193.73
193.882
194.024
194.155
194.274
194.381
194.475
194.557
194.625
194.68
194.721
194.748
194.76
194.758
194.741
194.708
194.659
194.593
194.512
194.413
194.297
194.164
194.013
193.846
193.661
193.461
193.245
193.014
192.769
192.512
192.245
191.968
191.684
191.394
191.102
190.808
190.515
190.225
189.941
189.703
189.497
189.288
189.075
188.862
188.652
188.446
188.25
188.066
187.898
187.751
187.626
187.517
186.841
186.692
186.534
186.374
186.208
186.036
185.861
185.685
185.506
185.322
185.125
184.912
184.676
184.41
184.111
183.779
183.416
183.025
182.609
182.17
181.708
181.222
180.711
180.174
179.613
179.027
178.416
177.78
177.119
176.435
175.729
175
174.252
173.484
172.701
171.903
171.095
170.28
169.462
168.645
167.833
167.033
166.247
165.483
164.744
164.035
163.362
162.727
162.135
161.59
161.093
160.646
160.252
159.91
159.62
159.382
159.194
159.054
158.96
158.908
158.895
158.917
158.971
159.052
159.157
159.282
159.422
159.557
159.686
159.824
159.973
160.132
160.296
160.473
160.643
160.842
160.996
161.245
161.339
161.726
186.959
187.067
187.182
187.301
187.424
187.553
187.685
187.823
187.965
188.111
188.262
188.417
188.576
188.739
188.906
189.077
189.25
189.427
189.606
189.788
189.972
190.157
190.344
190.531
190.719
190.906
191.093
191.277
191.459
191.637
191.811
191.979
192.14
192.293
192.437
192.572
192.695
192.808
192.907
192.994
193.067
193.125
193.169
193.197
193.21
193.206
193.185
193.147
193.092
193.019
192.928
192.82
192.694
192.551
192.391
192.216
192.026
191.821
191.605
191.377
191.14
190.896
190.646
190.392
190.137
189.882
189.632
189.419
189.235
189.047
188.855
188.662
188.47
188.282
188.102
187.932
187.776
187.638
187.521
187.412
185.078
184.95
184.815
184.677
184.533
184.381
184.224
184.065
183.903
183.741
183.574
183.399
183.212
183.007
182.778
182.522
182.238
181.928
181.593
181.236
180.858
180.46
180.04
179.599
179.135
178.647
178.136
177.601
177.043
176.462
175.859
175.235
174.591
173.928
173.247
172.552
171.843
171.125
170.398
169.668
168.937
168.208
167.488
166.778
166.084
165.411
164.761
164.141
163.552
163
162.487
162.015
161.588
161.205
160.869
160.58
160.336
160.137
159.982
159.868
159.792
159.753
159.747
159.77
159.818
159.89
159.979
160.073
160.168
160.271
160.386
160.512
160.645
160.792
160.934
161.107
161.24
161.465
161.547
161.912
185.181
185.276
185.377
185.482
185.592
185.707
185.826
185.95
186.079
186.213
186.352
186.496
186.645
186.799
186.957
187.121
187.288
187.46
187.636
187.815
187.998
188.183
188.371
188.561
188.752
188.944
189.137
189.33
189.521
189.712
189.9
190.085
190.266
190.443
190.614
190.779
190.936
191.085
191.224
191.353
191.471
191.576
191.668
191.747
191.81
191.859
191.891
191.907
191.905
191.887
191.851
191.797
191.726
191.637
191.531
191.408
191.27
191.117
190.949
190.77
190.579
190.379
190.172
189.959
189.742
189.523
189.306
189.12
188.958
188.792
188.621
188.449
188.276
188.107
187.943
187.789
187.646
187.518
187.408
187.299
183.611
183.502
183.386
183.267
183.142
183.01
182.871
182.728
182.581
182.431
182.28
182.127
181.967
181.798
181.615
181.413
181.188
180.938
180.665
180.37
180.055
179.722
179.372
179.004
178.617
178.21
177.783
177.336
176.868
176.38
175.87
175.341
174.791
174.223
173.636
173.033
172.415
171.784
171.142
170.492
169.837
169.179
168.521
167.869
167.224
166.592
165.975
165.378
164.805
164.258
163.742
163.26
162.813
162.404
162.035
161.706
161.419
161.172
160.966
160.799
160.67
160.576
160.515
160.484
160.48
160.502
160.543
160.598
160.658
160.728
160.809
160.903
161.005
161.122
161.236
161.382
161.493
161.695
161.763
162.106
183.701
183.785
183.875
183.968
184.065
184.167
184.274
184.385
184.5
184.621
184.746
184.876
185.012
185.152
185.298
185.448
185.604
185.764
185.93
186.1
186.274
186.453
186.636
186.823
187.013
187.206
187.401
187.597
187.795
187.993
188.191
188.388
188.584
188.776
188.966
189.151
189.331
189.505
189.672
189.831
189.981
190.121
190.251
190.368
190.473
190.564
190.641
190.702
190.748
190.777
190.79
190.785
190.764
190.725
190.668
190.596
190.506
190.402
190.282
190.149
190.004
189.848
189.682
189.509
189.331
189.148
188.965
188.806
188.666
188.522
188.373
188.222
188.07
187.92
187.774
187.635
187.506
187.388
187.287
187.179
182.424
182.33
182.23
182.127
182.019
181.904
181.783
181.657
181.525
181.389
181.25
181.109
180.967
180.82
180.666
180.501
180.321
180.121
179.899
179.655
179.391
179.109
178.81
178.496
178.166
177.821
177.457
177.077
176.678
176.261
175.825
175.372
174.901
174.411
173.905
173.382
172.844
172.291
171.726
171.15
170.565
169.974
169.38
168.784
168.191
167.603
167.024
166.458
165.908
165.376
164.868
164.385
163.93
163.507
163.116
162.76
162.44
162.156
161.909
161.698
161.522
161.381
161.271
161.192
161.141
161.115
161.111
161.128
161.156
161.193
161.242
161.304
161.374
161.462
161.547
161.667
161.754
161.933
161.987
162.307
182.503
182.578
182.657
182.74
182.826
182.917
183.012
183.112
183.215
183.323
183.436
183.554
183.676
183.803
183.935
184.072
184.215
184.362
184.514
184.671
184.834
185.001
185.172
185.349
185.529
185.714
185.902
186.093
186.288
186.484
186.683
186.883
187.083
187.282
187.481
187.678
187.872
188.062
188.247
188.427
188.6
188.766
188.923
189.07
189.207
189.332
189.445
189.544
189.629
189.7
189.755
189.794
189.816
189.822
189.811
189.784
189.741
189.681
189.607
189.518
189.417
189.303
189.178
189.045
188.904
188.757
188.608
188.477
188.36
188.239
188.112
187.983
187.852
187.721
187.593
187.471
187.356
187.25
187.157
187.05
181.443
181.361
181.274
181.185
181.091
180.991
180.885
180.774
180.659
180.537
180.411
180.281
180.15
180.017
179.881
179.739
179.589
179.427
179.248
179.05
178.832
178.595
178.341
178.072
177.788
177.491
177.179
176.852
176.509
176.149
175.773
175.381
174.972
174.547
174.106
173.65
173.178
172.692
172.193
171.683
171.161
170.631
170.095
169.554
169.011
168.468
167.93
167.398
166.875
166.366
165.872
165.397
164.944
164.515
164.113
163.739
163.396
163.085
162.806
162.559
162.345
162.163
162.011
161.889
161.794
161.726
161.68
161.661
161.658
161.664
161.682
161.713
161.752
161.81
161.868
161.96
162.024
162.178
162.218
162.515
181.511
181.578
181.648
181.722
181.799
181.88
181.964
182.053
182.146
182.243
182.344
182.45
182.56
182.676
182.795
182.92
183.05
183.185
183.324
183.469
183.619
183.773
183.933
184.098
184.267
184.441
184.619
184.801
184.988
185.177
185.37
185.565
185.762
185.961
186.161
186.361
186.56
186.757
186.953
187.144
187.332
187.514
187.69
187.859
188.02
188.171
188.312
188.441
188.559
188.663
188.754
188.83
188.891
188.937
188.967
188.981
188.979
188.962
188.93
188.883
188.822
188.749
188.664
188.569
188.465
188.354
188.239
188.135
188.041
187.943
187.839
187.732
187.622
187.511
187.402
187.297
187.197
187.102
187.019
186.913
180.615
180.543
180.468
180.39
180.308
180.221
180.129
180.031
179.929
179.822
179.71
179.593
179.472
179.348
179.223
179.096
178.965
178.827
178.68
178.519
178.34
178.144
177.93
177.701
177.456
177.199
176.929
176.646
176.349
176.038
175.712
175.371
175.015
174.644
174.259
173.858
173.444
173.015
172.573
172.119
171.654
171.178
170.694
170.204
169.708
169.21
168.711
168.215
167.723
167.239
166.765
166.304
165.859
165.433
165.027
164.645
164.287
163.956
163.653
163.379
163.134
162.917
162.73
162.57
162.437
162.33
162.246
162.194
162.162
162.138
162.126
162.127
162.137
162.165
162.195
162.26
162.302
162.431
162.456
162.728
180.675
180.734
180.796
180.862
180.93
181.002
181.078
181.157
181.24
181.327
181.418
181.513
181.613
181.717
181.825
181.938
182.056
182.179
182.306
182.439
182.577
182.719
182.867
183.02
183.178
183.34
183.508
183.68
183.856
184.037
184.221
184.409
184.6
184.794
184.99
185.188
185.387
185.585
185.784
185.981
186.176
186.368
186.556
186.739
186.915
187.085
187.247
187.4
187.542
187.674
187.794
187.901
187.995
188.075
188.141
188.192
188.227
188.249
188.255
188.247
188.225
188.19
188.143
188.085
188.017
187.94
187.858
187.781
187.71
187.635
187.554
187.469
187.381
187.291
187.201
187.114
187.029
186.946
186.873
186.769
179.913
179.851
179.785
179.717
179.645
179.569
179.488
179.403
179.313
179.218
179.119
179.015
178.907
178.793
178.677
178.558
178.438
178.315
178.188
178.052
177.906
177.744
177.566
177.372
177.163
176.939
176.704
176.457
176.198
175.927
175.642
175.345
175.033
174.709
174.37
174.018
173.652
173.273
172.881
172.477
172.061
171.635
171.199
170.754
170.303
169.847
169.387
168.926
168.466
168.009
167.558
167.116
166.684
166.265
165.863
165.478
165.113
164.77
164.45
164.155
163.886
163.642
163.424
163.233
163.066
162.925
162.805
162.723
162.664
162.613
162.573
162.545
162.526
162.526
162.529
162.567
162.585
162.69
162.7
162.947
179.967
180.019
180.075
180.133
180.194
180.258
180.326
180.397
180.471
180.549
180.631
180.716
180.806
180.899
180.997
181.1
181.206
181.318
181.434
181.555
181.681
181.812
181.948
182.089
182.235
182.386
182.542
182.703
182.868
183.039
183.213
183.392
183.575
183.762
183.951
184.144
184.338
184.535
184.732
184.93
185.127
185.323
185.517
185.708
185.895
186.078
186.254
186.423
186.585
186.738
186.881
187.014
187.135
187.244
187.34
187.422
187.491
187.546
187.588
187.615
187.629
187.629
187.618
187.595
187.561
187.518
187.468
187.418
187.369
187.316
187.258
187.196
187.129
187.061
186.99
186.921
186.852
186.781
186.718
186.616
179.317
179.262
179.204
179.144
179.081
179.014
178.943
178.868
178.789
178.706
178.618
178.525
178.428
178.327
178.221
178.111
177.998
177.884
177.769
177.649
177.523
177.389
177.242
177.079
176.902
176.71
176.504
176.287
176.059
175.821
175.571
175.31
175.037
174.751
174.452
174.141
173.817
173.481
173.132
172.772
172.4
172.017
171.624
171.221
170.811
170.394
169.971
169.544
169.116
168.688
168.262
167.84
167.425
167.018
166.623
166.241
165.875
165.526
165.196
164.886
164.599
164.333
164.092
163.873
163.678
163.506
163.356
163.246
163.163
163.086
163.019
162.964
162.918
162.89
162.867
162.879
162.875
162.954
162.949
163.171
179.364
179.411
179.46
179.512
179.567
179.624
179.684
179.748
179.814
179.884
179.958
180.035
180.116
180.2
180.289
180.381
180.478
180.579
180.685
180.795
180.91
181.03
181.154
181.284
181.418
181.558
181.702
181.852
182.006
182.166
182.33
182.499
182.672
182.849
183.031
183.216
183.404
183.595
183.788
183.983
184.179
184.375
184.571
184.765
184.958
185.148
185.333
185.514
185.69
185.858
186.019
186.171
186.314
186.447
186.568
186.678
186.776
186.86
186.932
186.992
187.038
187.071
187.093
187.102
187.101
187.09
187.071
187.046
187.02
186.989
186.953
186.913
186.869
186.821
186.77
186.719
186.666
186.608
186.556
186.457
178.808
178.76
178.709
178.656
178.6
178.541
178.478
178.412
178.342
178.268
178.19
178.108
178.021
177.93
177.835
177.735
177.631
177.524
177.415
177.304
177.191
177.073
176.947
176.812
176.663
176.499
176.322
176.133
175.932
175.722
175.502
175.272
175.031
174.778
174.514
174.238
173.95
173.651
173.34
173.017
172.684
172.339
171.984
171.62
171.246
170.865
170.477
170.083
169.686
169.285
168.885
168.485
168.089
167.697
167.313
166.939
166.575
166.225
165.89
165.571
165.271
164.99
164.729
164.489
164.269
164.072
163.894
163.76
163.655
163.555
163.463
163.382
163.31
163.257
163.208
163.194
163.167
163.222
163.202
163.398
178.85
178.891
178.935
178.982
179.031
179.082
179.136
179.193
179.253
179.316
179.382
179.452
179.524
179.601
179.681
179.765
179.852
179.944
180.04
180.141
180.245
180.355
180.469
180.588
180.711
180.84
180.973
181.112
181.255
181.404
181.557
181.715
181.878
182.046
182.218
182.394
182.574
182.757
182.944
183.134
183.325
183.518
183.713
183.907
184.101
184.294
184.485
184.673
184.857
185.037
185.21
185.378
185.537
185.688
185.831
185.963
186.084
186.195
186.294
186.381
186.456
186.52
186.571
186.611
186.64
186.659
186.669
186.67
186.665
186.655
186.641
186.623
186.6
186.573
186.542
186.509
186.472
186.428
186.387
186.291
178.367
178.324
178.279
178.232
178.183
178.13
178.075
178.016
177.954
177.888
177.819
177.746
177.668
177.587
177.501
177.412
177.318
177.219
177.117
177.012
176.906
176.798
176.686
176.569
176.443
176.305
176.153
175.989
175.814
175.629
175.434
175.23
175.017
174.794
174.559
174.314
174.058
173.79
173.512
173.223
172.923
172.613
172.292
171.961
171.621
171.272
170.916
170.553
170.185
169.812
169.437
169.06
168.683
168.309
167.938
167.574
167.217
166.87
166.534
166.211
165.902
165.61
165.335
165.077
164.838
164.619
164.418
164.262
164.137
164.016
163.902
163.797
163.701
163.623
163.55
163.511
163.463
163.493
163.458
163.627
178.404
178.442
178.481
178.523
178.567
178.613
178.662
178.713
178.767
178.824
178.883
178.946
179.012
179.081
179.154
179.23
179.31
179.394
179.481
179.573
179.668
179.768
179.873
179.982
180.096
180.214
180.337
180.465
180.598
180.736
180.879
181.027
181.179
181.337
181.499
181.666
181.837
182.012
182.191
182.373
182.559
182.747
182.937
183.129
183.322
183.514
183.707
183.898
184.087
184.273
184.456
184.634
184.806
184.971
185.13
185.28
185.422
185.554
185.676
185.787
185.888
185.978
186.056
186.124
186.181
186.228
186.266
186.29
186.305
186.317
186.324
186.327
186.325
186.318
186.308
186.292
186.272
186.241
186.211
186.119
178.001
177.963
177.923
177.882
177.838
177.791
177.742
177.69
177.635
177.577
177.516
177.451
177.382
177.31
177.234
177.155
177.071
176.982
176.883
176.775
176.657
176.533
176.406
176.282
176.164
176.053
175.945
175.834
175.709
175.564
175.397
175.211
175.013
174.808
174.597
174.377
174.148
173.908
173.658
173.397
173.126
172.845
172.554
172.253
171.943
171.624
171.297
170.962
170.621
170.275
169.924
169.569
169.213
168.857
168.502
168.149
167.802
167.461
167.128
166.804
166.492
166.192
165.907
165.636
165.382
165.144
164.924
164.749
164.606
164.466
164.332
164.206
164.088
163.986
163.89
163.827
163.758
163.763
163.716
163.856
178.034
178.067
178.103
178.14
178.179
178.221
178.265
178.311
178.359
178.41
178.464
178.521
178.58
178.643
178.708
178.777
178.85
178.925
179.005
179.088
179.175
179.267
179.362
179.462
179.566
179.675
179.788
179.906
180.029
180.156
180.289
180.426
180.569
180.716
180.868
181.025
181.186
181.352
181.523
181.697
181.875
182.056
182.241
182.428
182.617
182.807
182.998
183.19
183.381
183.57
183.758
183.942
184.123
184.299
184.47
184.634
184.791
184.941
185.082
185.214
185.337
185.45
185.553
185.646
185.728
185.801
185.864
185.91
185.944
185.976
186.003
186.027
186.045
186.059
186.067
186.07
186.066
186.049
186.03
185.942
177.568
177.536
177.501
177.465
177.427
177.387
177.345
177.299
177.252
177.201
177.148
177.092
177.032
176.969
176.902
176.832
176.757
176.679
176.597
176.513
176.426
176.335
176.241
176.145
176.045
175.942
175.833
175.718
175.594
175.461
175.317
175.164
175
174.825
174.64
174.447
174.246
174.036
173.816
173.587
173.349
173.1
172.842
172.575
172.298
172.012
171.717
171.414
171.104
170.786
170.463
170.134
169.801
169.465
169.128
168.79
168.453
168.119
167.79
167.466
167.149
166.842
166.545
166.26
165.988
165.73
165.486
165.29
165.127
164.965
164.806
164.655
164.51
164.38
164.257
164.164
164.07
164.045
163.98
164.087
177.597
177.626
177.657
177.69
177.724
177.761
177.799
177.84
177.883
177.928
177.975
178.025
178.078
178.133
178.191
178.253
178.317
178.384
178.455
178.53
178.607
178.689
178.775
178.864
178.958
179.056
179.158
179.265
179.376
179.492
179.613
179.739
179.869
180.005
180.145
180.291
180.441
180.596
180.756
180.92
181.089
181.262
181.439
181.619
181.803
181.99
182.178
182.369
182.561
182.753
182.945
183.137
183.326
183.514
183.698
183.877
184.053
184.222
184.385
184.541
184.689
184.829
184.96
185.082
185.195
185.298
185.392
185.464
185.522
185.577
185.629
185.677
185.721
185.759
185.791
185.817
185.832
185.833
185.828
185.751
177.161
177.134
177.106
177.076
177.044
177.011
176.975
176.938
176.898
176.856
176.811
176.764
176.715
176.662
176.606
176.548
176.486
176.422
176.358
176.293
176.228
176.162
176.092
176.016
175.93
175.834
175.729
175.618
175.501
175.38
175.256
175.127
174.99
174.845
174.689
174.523
174.349
174.167
173.978
173.779
173.572
173.356
173.131
172.897
172.653
172.4
172.138
171.867
171.588
171.301
171.006
170.704
170.396
170.083
169.765
169.444
169.12
168.796
168.472
168.151
167.832
167.519
167.213
166.914
166.625
166.347
166.08
165.861
165.677
165.492
165.308
165.129
164.955
164.794
164.64
164.515
164.392
164.334
164.246
164.32
177.185
177.21
177.236
177.264
177.293
177.324
177.357
177.392
177.428
177.467
177.507
177.55
177.595
177.643
177.693
177.746
177.801
177.86
177.921
177.986
178.053
178.125
178.199
178.278
178.36
178.446
178.536
178.631
178.729
178.833
178.94
179.053
179.17
179.292
179.42
179.552
179.689
179.831
179.978
180.131
180.288
180.45
180.617
180.789
180.965
181.145
181.328
181.515
181.705
181.897
182.092
182.287
182.483
182.678
182.873
183.067
183.257
183.445
183.629
183.808
183.981
184.148
184.308
184.46
184.604
184.74
184.867
184.968
185.051
185.132
185.212
185.288
185.359
185.426
185.485
185.536
185.574
185.595
185.609
185.546
176.858
176.835
176.811
176.785
176.758
176.73
176.699
176.667
176.633
176.597
176.559
176.519
176.476
176.431
176.384
176.333
176.28
176.224
176.165
176.102
176.036
175.967
175.894
175.818
175.737
175.652
175.564
175.473
175.38
175.284
175.185
175.079
174.966
174.843
174.711
174.569
174.418
174.259
174.092
173.918
173.736
173.546
173.346
173.139
172.922
172.696
172.462
172.218
171.966
171.705
171.436
171.158
170.874
170.582
170.284
169.981
169.673
169.362
169.048
168.734
168.419
168.107
167.797
167.492
167.193
166.902
166.619
166.384
166.183
165.979
165.775
165.573
165.374
165.187
165.006
164.852
164.701
164.614
164.504
164.546
176.878
176.9
176.923
176.947
176.972
176.999
177.028
177.058
177.09
177.123
177.159
177.196
177.236
177.278
177.321
177.368
177.417
177.468
177.522
177.579
177.639
177.702
177.768
177.838
177.911
177.987
178.068
178.152
178.24
178.333
178.429
178.531
178.636
178.747
178.862
178.982
179.108
179.238
179.373
179.514
179.66
179.811
179.967
180.128
180.294
180.465
180.641
180.821
181.005
181.192
181.383
181.577
181.773
181.971
182.17
182.37
182.569
182.767
182.964
183.157
183.348
183.534
183.715
183.891
184.06
184.222
184.376
184.501
184.605
184.709
184.812
184.913
185.01
185.101
185.185
185.26
185.321
185.362
185.392
185.343
176.609
176.589
176.568
176.546
176.522
176.497
176.471
176.443
176.413
176.382
176.348
176.313
176.276
176.237
176.195
176.151
176.104
176.055
176.003
175.948
175.889
175.828
175.764
175.696
175.625
175.551
175.472
175.39
175.304
175.215
175.125
175.032
174.934
174.83
174.718
174.598
174.468
174.329
174.182
174.026
173.863
173.693
173.516
173.33
173.135
172.932
172.72
172.499
172.27
172.031
171.784
171.529
171.265
170.994
170.715
170.429
170.137
169.839
169.537
169.232
168.924
168.615
168.307
168
167.696
167.397
167.104
166.856
166.643
166.425
166.204
165.984
165.765
165.555
165.35
165.17
164.995
164.881
164.751
164.762
176.627
176.646
176.666
176.687
176.71
176.733
176.759
176.786
176.814
176.844
176.875
176.909
176.944
176.981
177.02
177.062
177.105
177.151
177.2
177.251
177.304
177.361
177.42
177.483
177.549
177.618
177.69
177.767
177.846
177.93
178.018
178.11
178.207
178.308
178.413
178.524
178.639
178.759
178.884
179.014
179.15
179.291
179.437
179.588
179.745
179.907
180.074
180.246
180.423
180.605
180.791
180.98
181.174
181.371
181.57
181.771
181.974
182.178
182.382
182.585
182.787
182.987
183.184
183.376
183.564
183.747
183.923
184.067
184.189
184.312
184.436
184.558
184.677
184.791
184.898
184.994
185.075
185.135
185.182
185.145
176.415
176.397
176.379
176.359
176.338
176.316
176.293
176.268
176.242
176.215
176.185
176.154
176.121
176.086
176.05
176.011
175.969
175.926
175.88
175.831
175.78
175.725
175.668
175.607
175.544
175.477
175.406
175.333
175.255
175.173
175.087
175
174.91
174.817
174.72
174.617
174.505
174.385
174.256
174.118
173.972
173.818
173.657
173.489
173.313
173.129
172.936
172.735
172.525
172.306
172.078
171.841
171.596
171.342
171.08
170.81
170.533
170.249
169.958
169.663
169.362
169.059
168.753
168.447
168.141
167.837
167.537
167.281
167.059
166.83
166.596
166.36
166.124
165.894
165.669
165.467
165.27
165.131
164.984
164.964
176.431
176.448
176.466
176.484
176.505
176.526
176.549
176.572
176.598
176.625
176.653
176.683
176.714
176.748
176.783
176.82
176.859
176.9
176.944
176.99
177.038
177.089
177.143
177.199
177.259
177.321
177.387
177.456
177.529
177.605
177.686
177.77
177.858
177.95
178.047
178.148
178.255
178.365
178.481
178.602
178.729
178.86
178.997
179.139
179.287
179.44
179.599
179.764
179.933
180.108
180.288
180.473
180.662
180.856
181.054
181.255
181.459
181.665
181.873
182.082
182.292
182.501
182.709
182.915
183.117
183.316
183.509
183.67
183.807
183.946
184.087
184.227
184.365
184.499
184.626
184.742
184.842
184.919
184.981
184.958
176.27
176.255
176.238
176.221
176.202
176.182
176.161
176.139
176.116
176.091
176.065
176.037
176.007
175.976
175.943
175.908
175.871
175.832
175.791
175.747
175.701
175.652
175.6
175.546
175.488
175.427
175.364
175.296
175.226
175.152
175.073
174.991
174.905
174.818
174.728
174.635
174.537
174.432
174.319
174.198
174.067
173.927
173.78
173.625
173.463
173.294
173.117
172.931
172.737
172.534
172.322
172.102
171.872
171.633
171.386
171.13
170.866
170.594
170.315
170.029
169.737
169.439
169.138
168.834
168.528
168.222
167.917
167.655
167.427
167.189
166.945
166.697
166.447
166.201
165.959
165.737
165.522
165.36
165.198
165.15
176.285
176.3
176.316
176.334
176.352
176.371
176.392
176.413
176.436
176.46
176.486
176.513
176.542
176.572
176.604
176.637
176.673
176.71
176.75
176.792
176.836
176.882
176.931
176.983
177.037
177.094
177.154
177.217
177.283
177.353
177.427
177.504
177.585
177.67
177.759
177.853
177.951
178.054
178.161
178.274
178.391
178.514
178.642
178.776
178.915
179.06
179.211
179.367
179.529
179.697
179.871
180.05
180.234
180.423
180.618
180.816
181.019
181.226
181.436
181.648
181.862
182.078
182.293
182.508
182.722
182.933
183.14
183.314
183.463
183.615
183.771
183.927
184.082
184.233
184.377
184.51
184.626
184.718
184.793
184.783
176.15
176.136
176.121
176.105
176.088
176.07
176.051
176.031
176.01
175.987
175.963
175.938
175.911
175.882
175.852
175.82
175.787
175.751
175.714
175.674
175.632
175.587
175.54
175.49
175.438
175.382
175.323
175.261
175.196
175.128
175.056
174.98
174.9
174.817
174.73
174.641
174.55
174.455
174.356
174.249
174.135
174.011
173.878
173.738
173.589
173.434
173.27
173.098
172.918
172.728
172.529
172.32
172.103
171.876
171.641
171.396
171.143
170.881
170.611
170.334
170.049
169.758
169.461
169.16
168.855
168.549
168.242
167.976
167.743
167.499
167.247
166.99
166.728
166.47
166.213
165.975
165.743
165.562
165.387
165.313
176.164
176.178
176.193
176.209
176.225
176.243
176.262
176.282
176.303
176.326
176.349
176.374
176.401
176.429
176.458
176.489
176.522
176.557
176.594
176.632
176.673
176.716
176.761
176.809
176.859
176.912
176.968
177.027
177.089
177.154
177.222
177.294
177.369
177.449
177.532
177.62
177.711
177.808
177.908
178.014
178.125
178.241
178.361
178.488
178.62
178.757
178.901
179.05
179.205
179.366
179.533
179.706
179.885
180.07
180.26
180.456
180.656
180.862
181.071
181.285
181.501
181.72
181.941
182.162
182.383
182.604
182.822
183.006
183.164
183.327
183.494
183.663
183.832
183.997
184.155
184.303
184.433
184.538
184.626
184.628
176.101
176.088
176.074
176.059
176.044
176.028
176.01
175.992
175.972
175.952
175.93
175.906
175.882
175.856
175.828
175.799
175.768
175.736
175.701
175.665
175.626
175.586
175.543
175.497
175.449
175.398
175.344
175.287
175.227
175.163
175.096
175.026
174.952
174.874
174.791
174.705
174.615
174.524
174.429
174.329
174.223
174.107
173.981
173.846
173.702
173.55
173.391
173.225
173.052
172.872
172.682
172.484
172.277
172.061
171.836
171.601
171.358
171.106
170.844
170.575
170.297
170.013
169.721
169.424
169.121
168.816
168.508
168.24
168.004
167.756
167.498
167.234
166.964
166.695
166.427
166.175
165.931
165.733
165.549
165.45
176.113
176.126
176.14
176.155
176.17
176.187
176.204
176.222
176.242
176.262
176.284
176.307
176.331
176.357
176.384
176.413
176.443
176.475
176.509
176.544
176.582
176.621
176.663
176.707
176.753
176.802
176.853
176.908
176.965
177.025
177.088
177.154
177.225
177.298
177.376
177.457
177.543
177.633
177.727
177.826
177.93
178.039
178.153
178.272
178.397
178.528
178.664
178.807
178.955
179.11
179.271
179.438
179.612
179.791
179.977
180.169
180.367
180.57
180.778
180.991
181.208
181.429
181.653
181.879
182.105
182.332
182.558
182.75
182.915
183.087
183.264
183.444
183.625
183.803
183.974
184.133
184.272
184.385
184.48
184.494
176.026
176.014
176.001
175.986
175.971
175.955
175.939
175.921
175.902
175.881
175.86
175.837
175.813
175.788
175.761
175.732
175.702
175.67
175.635
175.599
175.561
175.52
175.477
175.431
175.382
175.331
175.276
175.217
175.155
175.089
175.018
174.942
174.861
174.773
174.679
174.58
174.48
174.384
174.298
174.227
174.168
174.116
174.059
173.984
173.882
173.75
173.594
173.42
173.236
173.047
172.852
172.65
172.442
172.227
172.003
171.772
171.532
171.284
171.027
170.762
170.489
170.208
169.92
169.625
169.324
169.019
168.711
168.442
168.203
167.952
167.69
167.42
167.144
166.867
166.59
166.328
166.074
165.863
165.672
165.552
176.039
176.051
176.064
176.079
176.094
176.11
176.126
176.144
176.163
176.183
176.204
176.226
176.25
176.274
176.301
176.328
176.357
176.388
176.421
176.455
176.491
176.529
176.569
176.611
176.656
176.703
176.752
176.804
176.859
176.916
176.977
177.041
177.108
177.179
177.253
177.331
177.413
177.499
177.589
177.684
177.783
177.888
177.997
178.112
178.232
178.357
178.489
178.626
178.77
178.92
179.076
179.239
179.408
179.583
179.765
179.954
180.149
180.35
180.557
180.77
180.987
181.209
181.435
181.663
181.894
182.126
182.357
182.555
182.727
182.906
183.09
183.277
183.464
183.648
183.825
183.99
184.139
184.267
184.377
184.398
176.136
176.125
176.114
176.102
176.09
176.077
176.063
176.048
176.032
176.016
175.998
175.98
175.96
175.939
175.918
175.895
175.87
175.844
175.817
175.789
175.759
175.727
175.694
175.659
175.622
175.583
175.542
175.499
175.454
175.406
175.356
175.303
175.251
175.201
175.159
175.126
175.097
175.063
175.004
174.903
174.746
174.535
174.285
174.023
173.777
173.566
173.391
173.24
173.097
172.95
172.791
172.619
172.437
172.244
172.041
171.827
171.603
171.369
171.124
170.87
170.605
170.332
170.049
169.759
169.462
169.159
168.852
168.583
168.344
168.091
167.827
167.553
167.272
166.989
166.706
166.436
166.176
165.954
165.76
165.621
176.146
176.157
176.168
176.18
176.193
176.206
176.22
176.235
176.251
176.268
176.286
176.305
176.325
176.346
176.369
176.393
176.418
176.444
176.472
176.502
176.533
176.566
176.602
176.639
176.678
176.719
176.763
176.809
176.858
176.91
176.964
177.021
177.082
177.146
177.214
177.285
177.361
177.44
177.524
177.612
177.706
177.804
177.907
178.016
178.13
178.25
178.376
178.508
178.647
178.792
178.944
179.103
179.269
179.442
179.621
179.808
180.001
180.2
180.406
180.618
180.836
181.058
181.285
181.515
181.748
181.982
182.217
182.417
182.592
182.776
182.968
183.168
183.374
183.583
183.784
183.962
184.098
184.188
184.262
184.292
)
;

boundaryField
{
    inlet
    {
        type            freestreamPressure;
    }
    outlet
    {
        type            freestreamPressure;
    }
    walls
    {
        type            zeroGradient;
    }
    frontAndBack
    {
        type            empty;
    }
}


// ************************************************************************* //
