/*--------------------------------*- C++ -*----------------------------------*\
| =========                 |                                                 |
| \\      /  F ield         | OpenFOAM: The Open Source CFD Toolbox           |
|  \\    /   O peration     | Version:  3.0.0                                 |
|   \\  /    A nd           | Web:      www.OpenFOAM.org                      |
|    \\/     M anipulation  |                                                 |
\*---------------------------------------------------------------------------*/
FoamFile
{
    version     2.0;
    format      ascii;
    class       volScalarField;
    location    "349";
    object      p;
}
// * * * * * * * * * * * * * * * * * * * * * * * * * * * * * * * * * * * * * //

dimensions      [0 2 -2 0 0 0 0];

internalField   nonuniform List<scalar> 
10720
(
3.77088e-05
-80.7966
-175.485
-266.022
-346.661
-427.874
-497.501
-553.467
-600.526
-635.046
-659.165
-675.154
-684.26
-687.043
-683.926
-674.441
-659.798
-638.691
-612.359
-579.424
-540.99
-496.251
-447.52
-395.744
-344.469
-298.818
-257.699
-217.409
-177.635
-138.581
-100.04
-61.847
-23.8797
14.1156
52.403
92.1268
133.465
182.387
228.986
83.73
160.372
245.794
328.311
402.015
462.599
506.129
530.103
537.597
534.487
521.836
502.713
481.459
460.05
439.239
419.089
399.891
381.42
363.49
345.667
327.913
309.935
291.811
273.904
257.991
245.115
234.335
225.308
218.047
212.615
208.937
206.9
206.42
207.496
210.13
214.706
221.723
234.746
257.499
148.744
86.5514
18.0306
-53.386
-125.553
-198.359
-267.793
-331.727
-389.697
-439.945
-482.572
-517.654
-545.022
-564.856
-577.083
-581.859
-579.846
-570.564
-554.627
-531.441
-501.656
-465.042
-423.398
-377.941
-331.85
-289.531
-250.468
-211.757
-173.197
-135.089
-97.3138
-59.7418
-22.2756
15.3212
53.3002
92.7885
133.948
182.796
228.657
205.389
260.132
315.865
371.394
422.449
466.297
499.715
520.228
528.479
526.554
516.155
500.272
481.742
462.175
442.42
422.865
403.841
385.342
367.267
349.352
331.529
313.614
295.686
278.123
262.314
249.157
238.017
228.61
220.968
215.156
211.111
208.744
207.971
208.787
211.202
215.605
222.485
235.429
257.189
172.275
116.501
54.7774
-12.5044
-81.1511
-150.345
-218.499
-282.721
-341.401
-393.668
-438.366
-475.064
-503.848
-525.182
-539.214
-546.233
-546.415
-539.648
-526.2
-505.894
-479.104
-445.929
-407.708
-365.776
-322.753
-282.256
-244.358
-206.803
-169.249
-131.965
-94.8721
-57.8526
-20.827
16.4208
54.1289
93.4031
134.389
183.063
228.504
223.331
274.043
325.611
375.845
421.004
459.399
488.762
507.423
516.031
515.835
508.096
495.021
478.677
460.613
441.849
422.962
404.326
386.069
368.16
350.429
332.79
315.128
297.507
280.279
264.55
251.193
239.863
230.291
222.49
216.515
212.314
209.8
208.893
209.586
211.899
216.222
223.043
235.874
256.7
209.724
162.791
109.928
52.52
-6.98173
-68.3942
-129.928
-189.659
-246.178
-298.366
-345.116
-385.784
-420.058
-447.828
-468.956
-483.269
-490.524
-490.611
-483.578
-469.384
-448.284
-420.563
-387.322
-349.962
-310.754
-272.787
-236.627
-200.613
-164.345
-128.101
-91.8654
-55.5461
-19.0835
17.716
55.0741
94.0648
134.813
183.187
228.24
252.225
293.743
336.162
378.239
416.506
449.692
475.762
493.109
502.06
503.364
497.927
487.44
473.495
457.434
440.241
422.527
404.706
387.003
369.466
352.022
334.619
317.207
299.863
282.921
267.295
253.81
242.31
232.549
224.539
218.337
213.907
211.171
210.058
210.567
212.727
216.927
223.646
236.293
256.195
224.625
182.808
135.473
83.6484
29.7429
-26.5934
-83.8595
-140.275
-194.736
-246.069
-293.109
-335.076
-371.361
-401.529
-425.268
-442.253
-452.33
-455.412
-451.484
-440.596
-422.92
-398.805
-369.159
-335.31
-299.219
-263.461
-228.844
-194.2
-159.124
-123.881
-88.505
-52.9176
-17.0679
19.2245
56.1689
94.8093
135.246
183.214
227.733
262.619
299.539
337.31
374.675
408.582
438.232
461.916
478.299
487.509
490.014
486.567
478.419
466.781
452.756
437.235
420.828
403.978
386.977
369.951
352.912
335.852
318.772
301.766
285.152
269.696
256.152
244.516
234.596
226.408
220.012
215.386
212.461
211.174
211.527
213.553
217.642
224.257
236.693
255.66
236.127
199.066
156.835
110.608
62.4453
11.6625
-40.3199
-92.0875
-142.819
-191.415
-236.869
-278.408
-315.322
-347.031
-373.093
-393.122
-406.844
-413.994
-414.347
-407.85
-394.574
-374.832
-349.383
-319.453
-286.761
-253.489
-220.619
-187.447
-153.63
-119.43
-84.9361
-50.1
-14.8849
20.8723
57.3673
95.6083
135.671
183.116
226.987
269.771
302.296
335.766
369.082
399.418
426.229
448.001
463.577
472.931
476.367
474.545
468.404
458.871
446.833
433.058
418.109
402.423
386.32
369.983
353.49
336.885
320.212
303.587
287.318
272.062
258.509
246.768
236.714
228.362
221.78
216.957
213.837
212.365
212.547
214.425
218.386
224.876
237.059
255.077
241.993
208.529
170.275
128.346
84.7228
38.4447
-9.21418
-57.0102
-104.38
-150.327
-193.965
-234.583
-271.424
-303.831
-331.262
-353.225
-369.237
-378.99
-382.174
-378.722
-368.685
-352.349
-330.356
-303.8
-274.164
-243.267
-212.144
-180.45
-147.916
-114.787
-81.1974
-47.131
-12.5698
22.6297
58.6461
96.4473
136.073
182.878
226.009
272.394
301.67
331.915
362.103
389.647
414.185
434.409
449.272
458.656
462.803
462.284
457.825
450.151
439.964
427.904
414.458
400.031
384.948
369.425
353.591
337.535
321.343
305.151
289.261
274.25
260.749
248.95
238.792
230.3
223.547
218.537
215.228
213.574
213.586
215.314
219.141
225.493
237.382
254.451
245.249
214.866
180.035
141.879
102.263
60.0711
16.484
-27.4144
-71.2483
-114.162
-155.376
-194.287
-230.184
-262.4
-290.342
-313.458
-331.212
-343.247
-349.18
-348.812
-342.097
-329.236
-310.744
-287.566
-260.988
-232.541
-203.27
-173.124
-141.93
-109.924
-77.2804
-44.0178
-10.1379
24.4813
59.9936
97.3199
136.45
182.507
224.805
272.882
299.415
326.954
354.542
379.78
402.421
421.346
435.556
444.876
449.552
450.056
446.984
440.912
432.397
421.96
410.002
396.884
382.911
368.309
353.24
337.827
322.19
306.487
291.013
276.289
262.895
251.082
240.851
232.242
225.333
220.146
216.653
214.818
214.658
216.23
219.912
226.109
237.662
253.788
246.44
218.618
186.67
151.689
115.466
76.8055
36.7766
-3.64074
-44.2274
-84.2301
-122.991
-160.012
-194.639
-226.232
-254.201
-277.956
-296.92
-310.639
-318.68
-320.747
-316.75
-306.833
-291.409
-271.283
-247.55
-221.484
-194.081
-165.503
-135.679
-104.835
-73.1757
-40.7544
-7.58969
26.4183
61.3999
98.2202
136.81
182.019
223.395
271.773
296.044
321.338
346.756
370.056
391.095
408.901
422.506
431.697
436.745
438.048
436.103
431.389
424.351
415.406
404.878
393.07
380.253
366.644
352.42
337.73
322.718
307.558
292.54
278.147
264.917
253.138
242.869
234.168
227.124
221.773
218.102
216.089
215.756
217.168
220.696
226.719
237.898
253.087
246.344
220.724
191.27
159.052
125.784
90.2341
53.3982
16.1588
-21.378
-58.5453
-94.8005
-129.74
-162.774
-193.337
-220.856
-244.731
-264.38
-279.305
-289.058
-293.255
-291.731
-284.549
-272.008
-254.777
-233.777
-210.062
-184.558
-157.581
-129.158
-99.5134
-68.8765
-37.3324
-4.91867
28.4438
62.8615
99.1416
137.153
181.431
221.812
269.705
292.046
315.425
338.989
360.631
380.287
397.109
410.14
419.159
424.457
426.374
425.337
421.761
416.004
408.405
399.216
388.681
377.031
364.46
351.144
337.243
322.917
308.352
293.834
279.816
266.802
255.106
244.836
236.072
228.913
223.412
219.573
217.386
216.879
218.127
221.489
227.323
238.09
252.351
245.354
221.639
194.351
164.538
133.85
101.035
67.0288
32.6335
-2.10979
-36.6221
-70.4587
-103.303
-134.631
-163.945
-190.717
-214.375
-234.336
-250.077
-261.126
-267.05
-267.604
-262.792
-252.823
-238.233
-219.785
-198.34
-174.733
-149.374
-122.375
-93.9621
-64.3815
-33.7487
-2.12074
30.5612
64.3795
100.081
137.477
180.751
220.086
267.011
287.693
309.416
331.376
351.574
370.025
385.962
398.446
407.27
412.721
415.101
414.794
412.162
407.505
401.1
393.14
383.816
373.312
361.795
349.425
336.365
322.779
308.856
294.879
281.279
268.534
256.971
246.738
237.942
230.692
225.057
221.06
218.704
218.025
219.104
222.291
227.917
238.237
251.583
243.777
221.733
196.352
168.658
140.242
109.852
78.3754
46.5492
14.3581
-17.6824
-49.2069
-79.9749
-109.532
-137.451
-163.254
-186.404
-206.346
-222.554
-234.542
-241.864
-244.19
-241.467
-233.819
-221.658
-205.603
-186.348
-164.623
-140.892
-115.334
-88.1813
-59.69
-30.0023
0.805893
32.772
65.9549
101.036
137.781
179.985
218.242
263.943
283.176
303.45
323.998
342.927
360.313
375.443
387.407
396.014
401.544
404.272
404.546
402.691
398.97
393.612
386.763
378.567
369.166
358.695
347.291
335.105
322.302
309.064
295.667
282.528
270.1
258.718
248.563
239.767
232.451
226.702
222.559
220.04
219.19
220.097
223.099
228.498
238.341
250.785
241.817
221.248
197.561
171.748
145.346
117.117
87.903
58.3936
28.5262
-1.24004
-30.593
-59.3617
-87.1523
-113.606
-138.301
-160.749
-180.428
-196.824
-209.442
-217.847
-221.639
-220.708
-215.109
-205.145
-191.304
-174.135
-154.258
-132.152
-108.045
-82.1746
-54.8019
-26.0914
3.86262
35.0774
67.5874
102.006
138.06
179.137
216.289
260.66
278.621
297.608
316.904
334.703
351.136
365.528
376.994
385.37
390.922
393.904
394.635
393.42
390.489
386.039
380.181
373.022
364.666
355.212
344.773
333.481
321.488
308.97
296.19
283.551
271.487
260.333
250.298
241.536
234.181
228.338
224.063
221.389
220.371
221.103
223.91
229.066
238.402
249.96
239.618
220.364
198.192
174.063
149.462
123.168
95.9869
68.5704
40.8159
13.1421
-14.1857
-41.0496
-67.115
-92.0793
-115.585
-137.191
-156.41
-172.76
-185.745
-194.953
-199.937
-200.531
-196.73
-188.742
-176.941
-161.744
-143.667
-123.172
-100.518
-75.9469
-49.7188
-22.0156
7.05093
37.4785
69.2774
102.991
138.311
178.213
214.237
257.28
274.106
291.948
310.117
326.903
342.471
356.181
367.176
375.311
380.842
384.003
385.094
384.399
382.133
378.463
373.482
367.263
359.881
351.401
341.909
331.513
320.349
308.576
296.445
284.342
272.685
261.805
251.93
243.236
235.872
229.957
225.565
222.747
221.565
222.119
224.721
229.617
238.423
249.113
237.281
219.21
198.403
175.79
152.806
128.255
102.911
77.3863
51.5578
25.8087
0.359971
-24.7103
-49.1178
-72.6144
-94.8898
-115.559
-134.178
-150.297
-163.436
-173.202
-179.127
-180.995
-178.75
-172.519
-162.576
-149.228
-132.886
-113.974
-92.768
-69.5054
-44.4435
-17.7759
10.3714
39.9757
71.0251
103.991
138.532
177.215
212.096
253.881
269.688
286.497
303.649
319.516
334.294
347.371
357.919
365.806
371.281
374.564
375.932
375.662
373.952
370.952
366.739
361.365
354.878
347.317
338.739
329.229
318.898
307.889
296.432
284.895
273.683
263.121
253.448
244.857
237.514
231.551
227.06
224.107
222.766
223.14
225.529
230.149
238.405
248.246
234.879
217.881
198.311
177.073
155.549
132.577
108.899
85.0913
61.0194
37.0359
13.3242
-10.0678
-32.8965
-54.9612
-76.0021
-95.6798
-113.597
-129.341
-142.457
-152.566
-159.213
-162.125
-161.208
-156.524
-148.262
-136.633
-121.948
-104.584
-84.8108
-62.86
-38.9812
-13.3739
13.8233
42.5697
72.8308
105.005
138.723
176.15
209.876
250.518
265.403
281.274
297.498
312.53
326.58
339.065
349.189
356.827
362.22
365.578
367.16
367.233
365.985
363.557
360.012
355.391
349.719
343.014
335.307
326.659
317.156
306.918
296.152
285.209
274.477
264.271
254.839
246.388
239.096
233.11
228.539
225.464
223.969
224.164
226.331
230.66
238.35
247.364
232.465
216.443
198
178.016
157.818
136.283
114.12
91.8781
69.4117
47.0449
24.9381
3.11441
-18.2235
-38.911
-58.7335
-77.3959
-94.5448
-109.807
-122.757
-133.03
-140.199
-143.95
-144.15
-140.813
-134.057
-124.01
-110.896
-95.0309
-76.6662
-56.0233
-33.3389
-8.81334
17.4055
45.26
74.6944
106.035
138.885
175.026
207.586
247.227
261.275
276.288
291.661
305.93
319.303
331.233
340.954
348.342
353.636
357.031
358.772
359.122
358.259
356.317
353.352
349.396
344.46
338.544
331.658
323.838
315.146
305.677
295.614
285.284
275.06
265.247
256.093
247.816
240.607
234.624
229.993
226.81
225.17
225.185
227.124
231.148
238.261
246.471
230.077
214.948
197.541
178.702
159.717
139.493
118.714
97.9019
76.9059
56.0255
35.4012
15.0327
-4.9039
-24.2808
-42.9172
-60.5599
-76.9008
-91.6006
-104.271
-114.558
-122.079
-126.482
-127.608
-125.431
-120.011
-111.409
-99.7704
-85.3444
-68.3564
-49.0102
-27.5256
-4.0992
21.1154
48.0455
76.6152
107.08
139.021
173.851
205.237
244.035
257.317
271.541
286.131
299.694
312.439
323.847
333.182
340.324
345.504
348.907
350.767
351.339
350.795
349.263
346.8
343.428
339.151
333.956
327.834
320.801
312.895
304.185
294.826
285.123
275.431
266.042
257.2
249.132
242.037
236.085
231.415
228.139
226.362
226.199
227.903
231.611
238.141
245.571
227.741
213.435
196.979
179.196
161.321
142.301
122.791
103.291
83.642
64.129
44.8724
25.856
7.22992
-10.903
-28.3974
-45.0341
-60.5465
-74.631
-86.9353
-97.1191
-104.841
-109.732
-111.611
-110.419
-106.171
-98.8781
-88.6113
-75.5577
-59.9063
-41.8376
-21.5524
0.761906
24.9496
50.9247
78.5934
108.142
139.132
172.633
202.843
240.959
253.534
267.031
280.896
293.804
305.963
316.878
325.846
332.745
337.801
341.189
343.133
343.881
343.602
342.418
340.386
337.526
333.835
329.293
323.877
317.584
310.429
302.459
293.8
284.733
275.591
266.651
258.154
250.327
243.376
237.481
232.795
229.442
227.538
227.2
228.666
232.047
237.993
244.669
225.476
211.93
196.354
179.545
162.693
144.78
126.439
108.143
89.7345
71.4807
53.4889
35.7271
18.3272
1.36738
-15.0353
-30.6929
-45.3737
-58.8101
-70.682
-80.6689
-88.465
-93.7016
-96.1781
-95.8107
-92.5822
-86.4619
-77.4613
-65.7053
-51.3422
-34.5253
-15.4324
5.76164
28.9031
53.8951
80.6278
109.222
139.222
171.384
200.415
238.008
249.932
262.754
275.945
288.242
299.852
310.302
318.918
325.578
330.504
333.862
335.862
336.749
336.688
335.798
334.136
331.722
328.551
324.596
319.826
314.221
307.78
300.524
292.554
284.123
275.542
267.073
258.947
251.391
244.613
238.804
234.125
230.712
228.692
228.183
229.408
232.455
237.819
243.769
223.295
210.454
195.695
179.789
163.881
146.992
129.728
112.543
95.2778
78.1861
61.3612
44.7639
28.5059
12.6487
-2.71474
-17.4267
-31.2843
-44.0527
-55.4444
-65.1634
-72.9277
-78.388
-81.324
-81.6352
-79.2831
-74.2044
-66.3619
-55.8231
-42.6928
-27.0947
-9.18114
10.8899
32.9698
56.9538
82.7177
110.322
139.297
170.112
197.968
235.191
246.509
258.703
271.266
282.992
294.085
304.096
312.376
318.803
323.593
326.905
328.941
329.937
330.055
329.413
328.068
326.042
323.329
319.899
315.716
310.747
304.977
298.404
291.105
283.304
275.29
267.307
259.576
252.316
245.741
240.044
235.395
231.94
229.817
229.142
230.126
232.833
237.623
242.877
221.206
209.021
195.022
179.957
164.925
148.983
132.718
116.559
100.352
84.3334
68.5888
53.07
37.8765
23.0528
8.67107
-5.13152
-18.1844
-30.2792
-41.1594
-50.5547
-58.2015
-63.7812
-67.0568
-67.9152
-66.3068
-62.1451
-55.3525
-45.9466
-33.988
-19.5697
-2.81576
16.1351
37.1425
60.0965
84.8621
111.443
139.36
168.831
195.515
232.509
243.264
254.87
266.845
278.035
288.642
298.237
306.194
312.395
317.048
320.305
322.358
323.437
323.702
323.269
322.196
320.507
318.196
315.234
311.58
307.195
302.048
296.124
289.471
282.289
274.842
267.356
260.036
253.098
246.751
241.191
236.595
233.118
230.904
230.071
230.814
233.181
237.407
241.995
219.215
207.642
194.354
180.072
165.853
150.794
135.453
120.246
105.018
89.9949
75.2509
60.7344
46.5318
32.6751
19.2199
6.28323
-5.98865
-17.4144
-27.765
-36.7954
-44.2574
-49.8673
-53.3785
-54.6701
-53.6833
-50.3197
-44.4711
-36.111
-25.259
-11.975
3.64478
21.4834
41.4123
63.3191
87.0594
112.588
139.418
167.549
193.071
229.963
240.192
251.247
262.67
273.358
283.505
292.705
300.352
306.332
310.848
314.042
316.098
317.241
317.628
317.369
316.529
315.131
313.173
310.626
307.447
303.594
299.024
293.708
287.674
281.094
274.208
267.223
260.329
253.732
247.636
242.237
237.717
234.238
231.946
230.964
231.47
233.496
237.175
241.129
217.325
206.324
193.701
180.153
166.692
152.454
137.975
123.65
109.332
95.2303
81.4148
67.829
54.5499
41.5983
29.0156
16.9011
5.38009
-5.38722
-15.1995
-23.8354
-31.062
-36.629
-40.2864
-41.9097
-41.4349
-38.7599
-33.7537
-26.3518
-16.5378
-4.33739
10.1797
26.9207
45.7692
66.6151
89.3083
113.759
139.477
166.281
190.65
227.552
237.288
247.827
258.731
268.944
278.655
287.479
294.831
300.598
304.976
308.102
310.151
311.34
311.825
311.714
311.073
309.927
308.277
306.096
303.343
299.97
295.931
291.183
285.736
279.735
273.4
266.914
260.455
254.214
248.39
243.175
238.753
235.289
232.936
231.815
232.089
233.778
236.929
240.283
215.535
205.073
193.074
180.212
167.462
153.99
140.314
126.812
113.338
100.094
87.1406
74.4206
62.0008
49.8935
38.1309
26.795
15.9937
5.8669
-3.40739
-11.629
-18.5828
-24.0473
-27.7753
-29.6415
-29.5825
-27.4945
-23.2327
-16.7022
-7.85447
3.31577
16.768
32.4292
50.2021
69.9793
91.6064
114.959
139.545
165.036
188.268
225.274
234.547
244.599
255.014
264.778
274.076
282.544
289.613
295.173
299.415
302.469
304.501
305.724
306.288
306.302
305.83
304.903
303.521
301.662
299.288
296.349
292.793
288.571
283.676
278.231
272.429
266.438
260.417
254.544
249.008
243.997
239.694
236.265
233.866
232.617
232.667
234.025
236.671
239.46
213.847
203.891
192.478
180.262
168.176
155.421
142.496
129.762
117.075
104.628
92.4768
80.5626
68.9442
57.6258
46.632
36.0319
25.9169
16.4087
7.66642
-0.131415
-6.78426
-12.0998
-15.836
-17.8705
-18.1411
-16.5476
-12.9377
-7.19358
0.760691
10.9583
23.3849
37.9927
54.699
73.4031
93.9527
116.19
139.631
163.827
185.94
223.125
231.963
241.555
251.507
260.848
269.754
277.881
284.679
290.04
294.148
297.127
299.136
300.382
301.011
301.128
300.801
300.062
298.914
297.339
295.3
292.75
289.634
285.895
281.516
276.598
271.311
265.804
260.22
254.722
249.488
244.699
240.533
237.158
234.728
233.364
233.2
234.238
236.404
238.664
212.258
202.779
191.919
180.31
168.848
156.766
144.544
132.527
120.575
108.872
97.4668
86.3027
75.4303
64.8495
54.576
44.6692
35.2065
26.2937
18.0725
10.7011
4.36705
-0.761744
-4.45571
-6.59374
-7.11898
-5.93807
-2.89573
2.14354
9.27732
18.5624
30.0087
43.5912
59.2465
76.8805
96.3427
117.456
139.742
162.665
183.679
221.102
229.529
238.687
248.202
257.139
265.673
273.475
280.014
285.183
289.16
292.063
294.044
295.304
295.984
296.189
295.986
295.408
294.464
293.138
291.396
289.192
286.473
283.177
279.278
274.855
270.06
265.023
259.87
254.75
249.827
245.274
241.264
237.96
235.515
234.051
233.684
234.414
236.127
237.895
210.766
201.737
191.399
180.363
169.487
158.038
146.475
135.128
123.863
112.854
102.146
91.6804
81.5047
71.612
62.0139
52.7599
43.9151
35.5722
27.8569
20.9108
14.9047
9.99122
6.37927
4.1908
3.4756
4.31763
6.87163
11.2827
17.667
26.1001
36.6151
49.2071
63.8298
80.4016
98.7752
118.758
139.885
161.563
181.499
219.2
227.239
235.987
245.086
253.641
261.822
269.313
275.604
280.587
284.436
287.263
289.212
290.478
291.199
291.477
291.38
290.943
290.176
289.067
287.586
285.691
283.329
280.436
276.979
273.02
268.692
264.107
259.376
254.632
250.027
245.721
241.88
238.664
236.221
234.67
234.116
234.553
235.843
237.157
209.369
200.766
190.921
180.426
170.102
159.248
148.304
137.586
126.964
116.604
106.546
96.7328
87.2062
77.9574
68.9913
60.3499
52.0891
44.2898
37.063
30.5362
24.863
20.1839
16.6868
14.49
13.6397
14.2083
16.344
20.2003
25.9034
33.5458
43.1799
54.8193
68.4358
83.9571
101.246
120.099
140.07
160.528
179.412
217.414
225.086
233.444
242.149
250.342
258.185
265.381
271.433
276.238
279.963
282.714
284.628
285.895
286.648
286.987
286.98
286.663
286.05
285.131
283.88
282.259
280.216
277.689
274.637
271.11
267.221
263.068
258.746
254.374
250.088
246.038
242.379
239.265
236.84
235.217
234.491
234.655
235.552
236.45
208.064
199.863
190.486
180.501
170.699
160.405
150.044
139.916
129.897
120.144
110.694
101.49
92.5702
83.9224
75.5479
67.4821
59.7722
52.4896
45.7317
39.6134
34.2729
29.8409
26.4825
24.314
23.3743
23.7248
25.5064
28.8745
33.9627
40.8755
49.6806
60.4087
73.0478
87.5384
103.751
121.483
140.304
159.574
177.43
215.74
223.064
231.053
239.383
247.231
254.753
261.666
267.489
272.123
275.727
278.402
280.28
281.542
282.321
282.711
282.78
282.568
282.087
281.334
280.286
278.907
277.149
274.951
272.27
269.141
265.663
261.918
257.99
253.981
250.013
246.224
242.757
239.759
237.366
235.688
234.808
234.717
235.255
235.773
206.846
199.028
190.092
180.592
171.281
161.516
151.704
142.131
132.678
123.494
114.613
105.979
97.6254
89.5397
81.719
74.193
67.0019
60.2086
53.8996
48.177
43.1658
38.9874
35.7857
33.6729
32.682
32.8631
34.3469
37.2876
41.823
48.0654
56.0946
65.9559
77.6514
91.1343
106.288
122.91
140.595
158.707
175.564
214.173
221.167
228.804
236.779
244.297
251.513
258.156
263.761
268.229
271.716
274.317
276.156
277.411
278.209
278.641
278.776
278.653
278.288
277.679
276.809
275.643
274.139
272.237
269.891
267.128
264.032
260.672
257.119
253.461
249.806
246.28
243.013
240.142
237.795
236.077
235.061
234.739
234.95
235.128
205.713
198.257
189.741
180.699
171.853
162.587
153.293
144.242
135.321
126.67
118.322
110.221
102.398
94.8379
87.5353
80.5154
73.8127
67.4819
61.6002
56.2585
51.5704
47.6467
44.6148
42.5796
41.5681
41.6203
42.8562
45.425
49.4658
55.0949
62.4011
71.4411
82.2309
94.735
108.85
124.38
140.948
157.936
173.822
212.708
219.388
226.692
234.326
241.531
248.455
254.839
260.235
264.544
267.918
270.446
272.247
273.492
274.302
274.769
274.96
274.914
274.649
274.167
273.451
272.474
271.194
269.556
267.514
265.086
262.342
259.342
256.143
252.822
249.474
246.208
243.146
240.411
238.124
236.382
235.25
234.72
234.637
234.512
204.66
197.548
189.431
180.824
172.418
163.624
154.818
146.26
137.838
129.689
121.84
114.238
106.91
99.8417
93.0243
86.4789
80.2352
74.3407
68.8643
63.8882
59.5136
55.8436
52.9885
51.0466
50.0395
49.997
51.0279
53.2751
56.8744
61.9449
68.5804
76.8471
86.7712
98.33
111.432
125.896
141.37
157.27
172.214
211.339
217.722
224.707
232.018
238.924
245.569
251.706
256.9
261.058
264.322
266.779
268.541
269.772
270.592
271.088
271.326
271.347
271.168
270.795
270.214
269.402
268.321
266.919
265.151
263.027
260.607
257.94
255.074
252.074
249.022
246.013
243.157
240.567
238.351
236.6
235.371
234.658
234.316
233.923
203.684
196.898
189.16
180.966
172.977
164.63
156.286
148.191
140.241
132.562
125.181
118.047
111.184
104.575
98.2109
92.1097
86.2966
80.8129
75.7208
71.093
67.0214
63.6004
60.9259
59.0891
58.1052
57.9957
58.8587
60.8282
64.0357
68.5988
74.6151
82.1562
91.2581
101.909
114.03
127.456
141.866
156.712
170.744
210.063
216.162
222.845
229.847
236.468
242.846
248.746
253.748
257.759
260.918
263.304
265.027
266.244
267.07
267.589
267.867
267.944
267.841
267.562
267.1
266.432
265.526
264.334
262.811
260.963
258.839
256.479
253.924
251.227
248.457
245.7
243.05
240.608
238.473
236.729
235.424
234.552
233.983
233.358
202.78
196.306
188.928
181.126
173.532
165.608
157.7
150.043
142.536
135.3
128.359
121.663
115.235
109.056
103.117
97.4316
92.0223
86.9252
82.1954
77.8987
74.1177
70.9389
68.445
66.7204
65.7751
65.6218
66.3478
68.0781
70.9386
75.0431
80.4893
87.353
95.6776
105.46
116.638
129.059
142.437
156.269
169.42
208.873
214.703
221.097
227.804
234.153
240.277
245.95
250.767
254.638
257.694
260.013
261.697
262.897
263.726
264.265
264.576
264.702
264.663
264.466
264.107
263.566
262.814
261.807
260.503
258.903
257.048
254.97
252.703
250.289
247.789
245.273
242.826
240.537
238.492
236.768
235.406
234.402
233.638
232.815
201.946
195.767
188.732
181.303
174.083
166.56
159.065
151.821
144.732
137.913
131.385
125.101
119.079
113.303
107.761
102.465
97.4345
92.7004
88.3122
84.329
80.8251
77.8801
75.5646
73.9565
73.0602
72.8811
73.4964
75.0217
77.5751
81.2659
86.1893
92.4234
100.017
108.975
119.248
130.704
143.086
155.942
168.243
207.767
213.339
219.458
225.884
231.972
237.852
243.308
247.949
251.685
254.642
256.896
258.54
259.724
260.553
261.106
261.446
261.613
261.629
261.504
261.233
260.802
260.185
259.343
258.234
256.857
255.245
253.424
251.421
249.272
247.025
244.741
242.493
240.356
238.409
236.717
235.318
234.206
233.279
232.289
201.176
195.28
188.571
181.495
174.631
167.488
160.383
153.53
146.835
140.409
134.27
128.371
122.731
117.332
112.161
107.23
102.553
98.1597
94.0926
90.4051
87.1646
84.4438
82.3027
80.812
79.9718
79.7814
80.3082
81.6578
83.94
87.2579
91.7037
97.355
104.264
112.443
121.855
132.387
143.814
155.734
167.216
206.738
212.065
217.921
224.079
229.918
235.566
240.814
245.285
248.891
251.753
253.943
255.549
256.714
257.541
258.106
258.469
258.672
258.736
258.671
258.478
258.143
257.644
256.945
256.01
254.832
253.438
251.851
250.09
248.185
246.175
244.111
242.054
240.07
238.226
236.578
235.159
233.963
232.903
231.777
200.469
194.84
188.442
181.703
175.177
168.393
161.659
155.175
148.852
142.795
137.021
131.484
126.202
121.156
116.333
111.742
107.397
103.322
99.5565
96.1478
93.1561
90.6485
88.676
87.302
86.5229
86.3318
86.788
87.987
90.0301
93.0128
97.0233
102.137
108.408
115.855
124.452
134.105
144.619
155.645
166.339
205.782
210.876
216.482
222.383
227.984
233.409
238.457
242.766
246.247
249.018
251.145
252.713
253.859
254.683
255.256
255.639
255.872
255.976
255.964
255.837
255.585
255.189
254.617
253.835
252.834
251.636
250.259
248.719
247.038
245.248
243.391
241.518
239.684
237.946
236.352
234.93
233.674
232.509
231.274
199.818
194.446
188.343
181.925
175.719
169.278
162.893
156.758
150.786
145.077
139.647
134.45
129.503
124.787
120.29
116.018
111.983
108.206
104.722
101.575
98.8182
96.5123
94.7016
93.4417
92.7257
92.5421
92.9424
94.0123
95.8442
98.5263
102.141
106.761
112.44
119.203
127.032
135.852
145.5
155.673
165.612
204.896
209.767
215.134
220.789
226.163
231.375
236.232
240.384
243.746
246.429
248.495
250.026
251.152
251.97
252.55
252.948
253.206
253.345
253.378
253.308
253.128
252.821
252.36
251.712
250.869
249.846
248.658
247.317
245.84
244.253
242.589
240.891
239.203
237.573
236.043
234.632
233.337
232.094
230.778
199.223
194.094
188.273
182.159
176.258
170.141
164.088
158.283
152.643
147.262
142.155
137.277
132.644
128.238
124.044
120.07
116.324
112.826
109.606
106.704
104.168
102.052
100.395
99.2456
98.5931
98.4232
98.7791
99.7381
101.383
103.796
107.052
111.219
116.352
122.478
129.589
137.625
146.453
155.816
165.031
204.075
208.733
213.872
219.293
224.449
229.457
234.131
238.133
241.379
243.977
245.985
247.479
248.585
249.396
249.979
250.39
250.669
250.837
250.908
250.887
250.769
250.539
250.175
249.645
248.941
248.073
247.054
245.892
244.601
243.199
241.715
240.181
238.635
237.114
235.653
234.268
232.954
231.657
230.283
198.678
193.781
188.228
182.405
176.793
170.984
165.245
159.752
154.426
149.354
144.55
139.972
135.634
131.517
127.608
123.912
120.436
117.198
114.225
111.552
109.222
107.284
105.773
104.728
104.138
103.986
104.307
105.17
106.651
108.822
111.753
115.508
120.138
125.673
132.115
139.417
147.474
156.07
164.594
203.316
207.771
212.691
217.888
222.836
227.648
232.147
236.005
239.14
241.656
243.607
245.064
246.15
246.953
247.538
247.959
248.254
248.446
248.55
248.571
248.506
248.343
248.062
247.636
247.054
246.324
245.455
244.453
243.329
242.097
240.778
239.398
237.986
236.575
235.188
233.841
232.525
231.195
229.786
198.18
193.504
188.208
182.661
177.323
171.806
166.366
161.168
156.137
151.356
146.838
142.543
138.481
134.635
130.992
127.555
124.331
121.335
118.591
116.132
113.995
112.224
110.849
109.904
109.375
109.242
109.535
110.316
111.651
113.605
116.243
119.622
123.791
128.783
134.604
141.223
148.556
156.428
164.296
202.613
206.875
211.587
216.569
221.319
225.943
230.273
233.993
237.022
239.458
241.353
242.776
243.841
244.634
245.218
245.647
245.955
246.168
246.299
246.356
246.335
246.23
246.021
245.685
245.21
244.601
243.865
243.007
242.032
240.953
239.785
238.549
237.266
235.96
234.653
233.352
232.05
230.709
229.283
197.727
193.262
188.209
182.925
177.848
172.608
167.451
162.532
157.78
153.274
149.025
144.994
141.191
137.598
134.204
131.009
128.02
125.249
122.72
120.458
118.501
116.885
115.638
114.787
114.315
114.203
114.474
115.183
116.389
118.15
120.522
123.56
127.31
131.802
137.05
143.034
149.693
156.886
164.129
201.965
206.042
210.554
215.332
219.891
224.336
228.505
232.092
235.018
237.377
239.219
240.605
241.65
242.433
243.015
243.448
243.768
243.997
244.151
244.237
244.255
244.199
244.052
243.795
243.413
242.91
242.291
241.559
240.719
239.778
238.747
237.643
236.481
235.279
234.053
232.807
231.533
230.196
228.773
197.315
193.051
188.23
183.196
178.367
173.39
168.5
163.846
159.357
155.111
151.114
147.331
143.771
140.416
137.253
134.284
131.514
128.953
126.622
124.545
122.754
121.283
120.154
119.389
118.973
118.881
119.135
119.781
120.872
122.459
124.593
127.322
130.689
134.726
139.448
144.846
150.878
157.435
164.087
201.366
205.267
209.59
214.171
218.548
222.821
226.835
230.295
233.122
235.407
237.196
238.548
239.571
240.343
240.922
241.358
241.686
241.928
242.101
242.212
242.262
242.247
242.154
241.964
241.663
241.253
240.737
240.117
239.396
238.578
237.672
236.689
235.64
234.539
233.394
232.209
230.974
229.658
228.251
196.941
192.869
188.269
183.473
178.879
174.152
169.516
165.111
160.871
156.868
153.11
149.56
146.227
143.094
140.147
137.389
134.822
132.456
130.309
128.403
126.766
125.429
124.41
123.726
123.36
123.288
123.527
124.119
125.108
126.54
128.459
130.909
133.929
137.55
141.791
146.651
152.103
158.068
164.162
200.815
204.548
208.688
213.083
217.286
221.394
225.259
228.596
231.328
233.542
235.279
236.597
237.598
238.359
238.933
239.37
239.704
239.956
240.144
240.275
240.353
240.373
240.326
240.193
239.963
239.633
239.207
238.686
238.069
237.362
236.568
235.695
234.752
233.746
232.684
231.564
230.376
229.093
227.716
196.603
192.714
188.324
183.754
179.384
174.894
170.497
166.329
162.324
158.551
155.016
151.685
148.565
145.639
142.894
140.332
137.954
135.769
133.793
132.045
130.551
129.336
128.418
127.808
127.489
127.437
127.664
128.207
129.105
130.398
132.124
134.322
137.029
140.273
144.076
148.443
153.361
158.774
164.344
200.307
203.88
207.847
212.062
216.099
220.049
223.772
226.991
229.631
231.775
233.463
234.747
235.727
236.474
237.042
237.479
237.817
238.077
238.277
238.425
238.525
238.574
238.565
238.482
238.312
238.053
237.705
237.269
236.746
236.135
235.442
234.67
233.824
232.909
231.928
230.876
229.743
228.503
227.167
196.298
192.582
188.393
184.038
179.88
175.614
171.445
167.5
163.717
160.16
156.836
153.71
150.789
148.056
145.5
143.12
140.918
138.901
137.082
135.481
134.118
133.017
132.191
131.65
131.374
131.339
131.556
132.055
132.872
134.04
135.593
137.565
139.989
142.892
146.297
150.215
154.644
159.547
164.626
199.84
203.26
207.062
211.106
214.983
218.782
222.368
225.474
228.026
230.103
231.742
232.993
233.95
234.685
235.246
235.68
236.02
236.286
236.495
236.656
236.775
236.848
236.872
236.831
236.713
236.513
236.233
235.872
235.43
234.906
234.303
233.622
232.865
232.036
231.133
230.151
229.078
227.889
226.602
196.023
192.473
188.474
184.324
180.367
176.314
172.36
168.625
165.052
161.699
158.572
155.638
152.904
150.352
147.971
145.761
143.722
141.86
140.188
138.721
137.479
136.482
135.741
135.261
135.025
135.006
135.214
135.674
136.418
137.474
138.871
140.64
142.81
145.406
148.451
151.961
155.942
160.375
164.997
199.412
202.686
206.329
210.21
213.934
217.589
221.043
224.04
226.507
228.519
230.111
231.329
232.265
232.985
233.539
233.97
234.31
234.579
234.795
234.967
235.1
235.194
235.244
235.239
235.164
235.017
234.795
234.499
234.127
233.68
233.156
232.557
231.882
231.133
230.305
229.393
228.384
227.253
226.023
195.776
192.383
188.566
184.61
180.844
176.993
173.242
169.707
166.33
163.169
160.227
157.474
154.914
152.531
150.314
148.262
146.373
144.655
143.118
141.775
140.644
139.742
139.078
138.655
138.454
138.45
138.649
139.075
139.753
140.709
141.967
143.554
145.495
147.814
150.535
153.676
157.25
161.251
165.447
199.018
202.154
205.646
209.371
212.949
216.466
219.794
222.686
225.071
227.02
228.565
229.751
230.665
231.371
231.916
232.342
232.681
232.953
233.173
233.353
233.497
233.607
233.68
233.704
233.667
233.564
233.392
233.152
232.843
232.461
232.008
231.482
230.883
230.208
229.453
228.61
227.665
226.597
225.428
195.555
192.312
188.667
184.895
181.311
177.65
174.092
170.744
167.553
164.573
161.805
159.221
156.824
154.599
152.534
150.627
148.879
147.294
145.881
144.652
143.623
142.808
142.214
141.842
141.672
141.681
141.873
142.268
142.887
143.753
144.886
146.309
148.046
150.118
152.547
155.354
158.558
162.164
165.967
198.657
201.66
205.009
208.585
212.024
215.408
218.616
221.407
223.713
225.6
227.101
228.255
229.146
229.838
230.373
230.794
231.131
231.403
231.626
231.812
231.965
232.088
232.178
232.227
232.222
232.156
232.027
231.836
231.579
231.256
230.865
230.405
229.873
229.267
228.58
227.805
226.927
225.923
224.82
195.357
192.256
188.775
185.178
181.765
178.285
174.909
171.739
168.723
165.912
163.308
160.882
158.637
156.559
154.635
152.865
151.246
149.784
148.485
147.361
146.425
145.69
145.159
144.833
144.692
144.712
144.896
145.262
145.829
146.614
147.635
148.913
150.466
152.316
154.484
156.991
159.861
163.106
166.546
198.327
201.204
204.415
207.849
211.155
214.413
217.504
220.199
222.429
224.257
225.713
226.836
227.706
228.382
228.907
229.322
229.655
229.926
230.151
230.34
230.5
230.633
230.738
230.807
230.828
230.793
230.701
230.551
230.341
230.069
229.733
229.331
228.86
228.317
227.695
226.985
226.172
225.234
224.198
195.181
192.215
188.889
185.458
182.208
178.899
175.695
172.691
169.84
167.189
164.738
162.46
160.357
158.416
156.624
154.979
153.481
152.131
150.938
149.911
149.059
148.396
147.923
147.639
147.522
147.552
147.729
148.07
148.588
149.301
150.222
151.369
152.76
154.412
156.346
158.584
161.152
164.068
167.176
198.024
200.782
203.863
207.161
210.34
213.476
216.457
219.059
221.215
222.986
224.399
225.491
226.339
226.999
227.514
227.922
228.251
228.52
228.744
228.936
229.1
229.24
229.357
229.443
229.486
229.477
229.416
229.301
229.131
228.903
228.615
228.265
227.849
227.364
226.802
226.154
225.405
224.534
223.566
195.024
192.187
189.008
185.734
182.638
179.49
176.448
173.602
170.906
168.404
166.097
163.958
161.988
160.174
158.504
156.976
155.589
154.344
153.247
152.308
151.534
150.936
150.516
150.268
150.174
150.211
150.383
150.699
151.175
151.822
152.654
153.685
154.93
156.405
158.131
160.128
162.424
165.043
167.845
197.747
200.391
203.348
206.517
209.575
212.595
215.47
217.983
220.068
221.783
223.155
224.216
225.042
225.687
226.19
226.59
226.914
227.18
227.404
227.596
227.763
227.909
228.035
228.134
228.194
228.208
228.173
228.088
227.951
227.761
227.516
227.212
226.845
226.413
225.907
225.318
224.63
223.824
222.926
194.885
192.17
189.13
186.005
183.054
180.059
177.17
174.472
171.922
169.561
167.388
165.378
163.532
161.836
160.28
158.86
157.575
156.427
155.419
154.56
153.858
153.319
152.945
152.731
152.656
152.701
152.865
153.16
153.597
154.186
154.938
155.865
156.98
158.299
159.839
161.62
163.673
166.023
168.547
197.494
200.03
202.869
205.915
208.858
211.767
214.54
216.967
218.984
220.646
221.977
223.009
223.812
224.441
224.933
225.325
225.643
225.906
226.127
226.319
226.487
226.637
226.769
226.879
226.954
226.985
226.972
226.912
226.805
226.648
226.439
226.175
225.854
225.469
225.015
224.481
223.853
223.11
222.278
194.763
192.162
189.255
186.27
183.456
180.605
177.86
175.302
172.889
170.659
168.612
166.723
164.993
163.407
161.957
160.637
159.447
158.386
157.461
156.675
156.037
155.553
155.221
155.036
154.978
155.029
155.187
155.463
155.864
156.401
157.081
157.916
158.916
160.095
161.469
163.059
164.894
167.001
169.273
197.264
199.697
202.423
205.353
208.186
210.99
213.665
216.01
217.961
219.571
220.862
221.865
222.647
223.26
223.74
224.124
224.435
224.693
224.912
225.102
225.271
225.422
225.559
225.677
225.763
225.81
225.814
225.776
225.694
225.565
225.388
225.16
224.878
224.537
224.13
223.647
223.075
222.394
221.628
194.654
192.162
189.38
186.528
183.844
181.129
178.519
176.093
173.808
171.701
169.772
167.996
166.373
164.89
163.537
162.31
161.207
160.228
159.378
158.66
158.081
157.645
157.351
157.192
157.15
157.205
157.357
157.615
157.985
158.474
159.091
159.843
160.741
161.796
163.024
164.443
166.083
167.971
170.014
197.053
199.389
202.009
204.828
207.556
210.259
212.841
215.108
216.996
218.555
219.808
220.782
221.543
222.14
222.608
222.983
223.288
223.541
223.756
223.943
224.111
224.264
224.404
224.527
224.623
224.681
224.701
224.68
224.619
224.515
224.366
224.17
223.922
223.62
223.256
222.822
222.302
221.68
220.976
194.559
192.17
189.506
186.779
184.217
181.629
179.147
176.844
174.679
172.689
170.869
169.199
167.676
166.289
165.026
163.885
162.862
161.958
161.176
160.52
159.994
159.603
159.343
159.208
159.178
159.237
159.384
159.625
159.966
160.414
160.973
161.653
162.46
163.405
164.502
165.77
167.236
168.929
170.764
196.861
199.105
201.625
204.338
206.967
209.574
212.067
214.258
216.085
217.596
218.812
219.758
220.497
221.079
221.535
221.9
222.198
222.446
222.657
222.842
223.008
223.16
223.302
223.429
223.532
223.6
223.632
223.626
223.583
223.5
223.375
223.206
222.99
222.723
222.398
222.007
221.537
220.97
220.326
194.475
192.183
189.63
187.022
184.574
182.107
179.744
177.557
175.505
173.622
171.906
170.334
168.904
167.605
166.426
165.364
164.416
163.581
162.862
162.262
161.785
161.433
161.204
161.09
161.072
161.134
161.276
161.501
161.817
162.226
162.736
163.35
164.076
164.924
165.906
167.039
168.35
169.868
171.516
196.686
198.844
201.268
203.881
206.416
208.932
211.34
213.459
215.227
216.692
217.871
218.79
219.508
220.074
220.518
220.874
221.165
221.407
221.613
221.794
221.958
222.11
222.252
222.382
222.49
222.565
222.607
222.614
222.586
222.52
222.416
222.272
222.083
221.848
221.559
221.208
220.784
220.268
219.681
194.402
192.202
189.753
187.255
184.915
182.561
180.311
178.231
176.286
174.504
172.884
171.403
170.06
168.843
167.742
166.753
165.873
165.102
164.441
163.892
163.459
163.144
162.942
162.846
162.838
162.903
163.039
163.251
163.543
163.92
164.383
164.94
165.595
166.356
167.236
168.25
169.423
170.785
172.265
196.527
198.603
200.937
203.456
205.901
208.331
210.657
212.708
214.419
215.839
216.983
217.875
218.574
219.124
219.556
219.903
220.186
220.422
220.623
220.801
220.962
221.111
221.253
221.385
221.496
221.578
221.627
221.644
221.629
221.579
221.493
221.369
221.205
220.998
220.741
220.427
220.045
219.577
219.043
194.338
192.223
189.873
187.479
185.24
182.991
180.847
178.869
177.022
175.335
173.804
172.408
171.146
170.005
168.976
168.055
167.238
166.525
165.917
165.415
165.022
164.74
164.563
164.484
164.485
164.551
164.683
164.882
165.153
165.499
165.923
166.428
167.02
167.705
168.494
169.403
170.454
171.675
173.006
196.382
198.382
200.63
203.061
205.421
207.769
210.018
212.003
213.66
215.036
216.147
217.013
217.692
218.226
218.647
218.984
219.259
219.489
219.685
219.859
220.017
220.164
220.305
220.437
220.551
220.636
220.692
220.718
220.713
220.675
220.605
220.5
220.358
220.175
219.947
219.667
219.323
218.9
218.415
194.282
192.248
189.989
187.693
185.549
183.398
181.352
179.469
177.715
176.115
174.668
173.352
172.165
171.094
170.132
169.273
168.514
167.855
167.295
166.836
166.48
166.228
166.073
166.009
166.017
166.086
166.213
166.401
166.653
166.972
167.36
167.819
168.355
168.973
169.683
170.498
171.441
172.538
173.733
196.251
198.178
200.347
202.694
204.974
207.244
209.42
211.342
212.946
214.28
215.359
216.201
216.86
217.379
217.788
218.116
218.384
218.607
218.798
218.967
219.122
219.266
219.405
219.537
219.652
219.741
219.802
219.834
219.838
219.812
219.755
219.666
219.542
219.382
219.18
218.93
218.621
218.24
217.801
194.234
192.274
190.101
187.896
185.84
183.782
181.828
180.033
178.365
176.848
175.478
174.236
173.118
172.112
171.212
170.411
169.706
169.096
168.58
168.161
167.838
167.613
167.479
167.427
167.443
167.512
167.635
167.813
168.049
168.343
168.699
169.118
169.605
170.163
170.802
171.535
172.382
173.368
174.443
196.132
197.991
200.086
202.354
204.559
206.755
208.86
210.724
212.276
213.571
214.62
215.437
216.077
216.581
216.979
217.297
217.558
217.774
217.96
218.125
218.276
218.417
218.554
218.685
218.801
218.892
218.956
218.994
219.004
218.988
218.942
218.867
218.761
218.62
218.441
218.218
217.942
217.598
217.201
194.191
192.301
190.208
188.087
186.114
184.142
182.273
180.56
178.973
177.532
176.235
175.061
174.007
173.062
172.219
171.471
170.816
170.251
169.777
169.393
169.101
168.9
168.784
168.745
168.767
168.838
168.956
169.125
169.346
169.619
169.947
170.33
170.772
171.278
171.855
172.515
173.277
174.166
175.133
196.023
197.82
199.845
202.04
204.173
206.3
208.339
210.145
211.648
212.907
213.927
214.72
215.341
215.831
216.217
216.526
216.779
216.99
217.171
217.331
217.477
217.616
217.75
217.88
217.995
218.087
218.154
218.196
218.213
218.204
218.169
218.106
218.014
217.89
217.732
217.534
217.287
216.977
216.619
194.154
192.328
190.309
188.266
186.369
184.476
182.688
181.052
179.54
178.17
176.941
175.831
174.836
173.946
173.155
172.458
171.848
171.325
170.888
170.538
170.274
170.095
169.996
169.968
169.995
170.067
170.182
170.343
170.55
170.804
171.107
171.458
171.862
172.322
172.844
173.44
174.127
174.928
175.8
195.925
197.665
199.625
201.752
203.819
205.881
207.856
209.607
211.057
212.284
213.278
214.048
214.651
215.127
215.502
215.802
216.048
216.253
216.428
216.584
216.726
216.861
216.993
217.12
217.235
217.328
217.396
217.442
217.464
217.461
217.434
217.382
217.303
217.195
217.055
216.879
216.657
216.379
216.056
194.121
192.355
190.403
188.432
186.605
184.786
183.072
181.506
180.065
178.759
177.596
176.548
175.606
174.767
174.026
173.374
172.806
172.321
171.918
171.598
171.36
171.202
171.118
171.1
171.132
171.205
171.317
171.471
171.666
171.904
172.184
172.508
172.877
173.296
173.77
174.309
174.93
175.654
176.442
195.837
197.523
199.424
201.489
203.493
205.495
207.411
209.11
210.505
211.701
212.671
213.419
214.003
214.466
214.831
215.123
215.362
215.56
215.731
215.882
216.02
216.152
216.281
216.406
216.52
216.612
216.682
216.73
216.756
216.759
216.74
216.696
216.628
216.534
216.41
216.254
216.056
215.806
215.515
194.094
192.381
190.492
188.587
186.825
185.073
183.428
181.926
180.55
179.304
178.202
177.208
176.314
175.523
174.829
174.22
173.691
173.242
172.871
172.579
172.365
172.226
172.156
172.146
172.183
172.257
172.367
172.515
172.7
172.922
173.183
173.482
173.822
174.205
174.636
175.126
175.688
176.344
177.057
195.757
197.394
199.239
201.246
203.191
205.136
206.996
208.646
209.997
211.166
212.111
212.834
213.401
213.851
214.205
214.489
214.72
214.913
215.078
215.225
215.359
215.487
215.613
215.736
215.848
215.94
216.011
216.061
216.09
216.098
216.084
216.049
215.99
215.908
215.799
215.66
215.483
215.258
214.996
194.071
192.409
190.578
188.734
187.032
185.342
183.761
182.317
181.002
179.811
178.764
177.81
176.956
176.213
175.565
174.997
174.504
174.088
173.748
173.482
173.29
173.168
173.112
173.111
173.152
173.228
173.336
173.477
173.653
173.863
174.106
174.384
174.697
175.049
175.443
175.889
176.4
176.996
177.641
195.687
197.278
199.069
201.02
202.906
204.796
206.6
208.201
209.524
210.684
211.602
212.295
212.843
213.281
213.625
213.9
214.124
214.311
214.471
214.613
214.744
214.868
214.991
215.111
215.222
215.313
215.384
215.435
215.467
215.478
215.47
215.441
215.391
215.319
215.223
215.099
214.941
214.739
214.504
194.052
192.426
190.636
188.841
187.19
185.557
184.044
182.666
181.436
180.304
179.374
178.43
177.569
176.847
176.222
175.668
175.187
174.783
174.456
174.201
174.018
173.904
173.853
173.857
173.901
173.977
174.083
174.221
174.391
174.591
174.825
175.089
175.384
175.714
176.084
176.499
176.975
177.528
178.126
195.634
197.192
198.945
200.851
202.682
204.517
206.239
207.75
208.974
210.207
211.135
211.815
212.36
212.799
213.143
213.416
213.639
213.824
213.983
214.124
214.254
214.377
214.499
214.62
214.73
214.822
214.894
214.946
214.979
214.993
214.988
214.963
214.919
214.854
214.766
214.652
214.506
214.32
214.102
194.037
192.439
190.683
188.929
187.323
185.744
184.298
182.99
181.855
180.775
179.997
179.04
178.144
177.429
176.815
176.262
175.779
175.376
175.05
174.797
174.615
174.503
174.454
174.459
174.503
174.578
174.682
174.818
174.983
175.176
175.405
175.66
175.943
176.258
176.61
177.004
177.455
177.977
178.541
195.592
197.122
198.843
200.707
202.485
204.261
205.89
207.312
208.411
209.748
210.708
211.384
211.933
212.38
212.73
213.006
213.23
213.418
213.578
213.72
213.851
213.975
214.098
214.219
214.331
214.424
214.496
214.55
214.584
214.6
214.597
214.575
214.534
214.473
214.391
214.284
214.147
213.971
213.766
194.022
192.452
190.728
189.012
187.449
185.92
184.534
183.288
182.236
181.196
180.555
179.599
178.681
177.977
177.378
176.832
176.353
175.953
175.631
175.382
175.203
175.094
175.047
175.054
175.099
175.174
175.277
175.41
175.572
175.757
175.981
176.227
176.499
176.799
177.134
177.508
177.934
178.427
178.956
195.552
197.056
198.746
200.571
202.299
204.022
205.566
206.92
207.893
209.305
210.298
210.969
211.517
211.969
212.323
212.6
212.827
213.015
213.176
213.319
213.45
213.574
213.698
213.82
213.932
214.026
214.1
214.154
214.19
214.207
214.206
214.187
214.149
214.092
214.015
213.915
213.786
213.62
213.428
194.008
192.463
190.768
189.087
187.563
186.08
184.748
183.556
182.574
181.566
181.038
180.102
179.179
178.487
177.907
177.374
176.902
176.509
176.193
175.95
175.777
175.671
175.629
175.638
175.684
175.76
175.862
175.994
176.152
176.33
176.549
176.787
177.047
177.334
177.652
178.007
178.409
178.874
179.371
195.515
196.994
198.656
200.445
202.129
203.804
205.273
206.573
207.432
208.883
209.903
210.572
211.115
211.569
211.925
212.204
212.431
212.619
212.781
212.924
213.055
213.179
213.303
213.426
213.539
213.633
213.707
213.763
213.8
213.818
213.819
213.802
213.767
213.715
213.643
213.549
213.428
213.272
213.092
193.994
192.471
190.804
189.154
187.664
186.221
184.934
183.789
182.863
181.879
181.438
180.54
179.63
178.956
178.396
177.88
177.42
177.037
176.731
176.496
176.33
176.231
176.193
176.206
176.254
176.331
176.432
176.563
176.718
176.89
177.104
177.335
177.584
177.858
178.161
178.497
178.877
179.316
179.782
195.48
196.937
198.575
200.331
201.978
203.61
205.015
206.273
207.031
208.487
209.524
210.193
210.731
211.183
211.54
211.82
212.046
212.235
212.396
212.539
212.669
212.794
212.918
213.041
213.154
213.248
213.323
213.379
213.417
213.437
213.44
213.425
213.393
213.344
213.277
213.189
213.076
212.93
212.762
193.98
192.477
190.831
189.209
187.747
186.338
185.089
183.982
183.097
182.131
181.753
180.908
180.03
179.379
178.841
178.345
177.903
177.534
177.239
177.015
176.858
176.766
176.735
176.752
176.804
176.882
176.984
177.113
177.266
177.433
177.643
177.867
178.106
178.368
178.656
178.975
179.334
179.748
180.185
195.449
196.888
198.505
200.233
201.85
203.444
204.798
206.022
206.694
208.122
209.164
209.835
210.367
210.815
211.172
211.452
211.677
211.865
212.026
212.168
212.298
212.422
212.546
212.668
212.782
212.877
212.952
213.008
213.047
213.068
213.072
213.059
213.03
212.985
212.923
212.84
212.735
212.598
212.441
193.967
192.477
190.847
189.245
187.806
186.424
185.204
184.126
183.271
182.316
181.979
181.201
180.373
179.75
179.235
178.764
178.343
177.991
177.711
177.499
177.354
177.272
177.247
177.27
177.326
177.407
177.509
177.639
177.791
177.954
178.16
178.378
178.608
178.859
179.135
179.438
179.779
180.171
180.582
195.423
196.85
198.453
200.159
201.753
203.315
204.628
205.822
206.419
207.79
208.825
209.5
210.026
210.469
210.822
211.101
211.327
211.514
211.674
211.815
211.945
212.069
212.192
212.314
212.427
212.523
212.598
212.655
212.694
212.716
212.721
212.711
212.684
212.642
212.584
212.507
212.409
212.28
212.134
193.954
192.469
190.847
189.256
187.83
186.467
185.266
184.211
183.375
182.429
182.116
181.418
180.654
180.066
179.576
179.131
178.735
178.404
178.141
177.945
177.813
177.742
177.728
177.758
177.818
177.902
178.007
178.137
178.287
178.446
178.649
178.861
179.083
179.325
179.588
179.877
180.2
180.57
180.955
195.405
196.827
198.424
200.116
201.697
203.231
204.512
205.676
206.203
207.492
208.507
209.187
209.711
210.148
210.499
210.776
210.999
211.185
211.344
211.484
211.614
211.737
211.86
211.982
212.096
212.191
212.267
212.324
212.364
212.387
212.394
212.385
212.361
212.322
212.267
212.195
212.103
211.982
211.846
193.941
192.455
190.833
189.245
187.823
186.469
185.276
184.236
183.41
182.472
182.168
181.558
180.871
180.321
179.858
179.442
179.073
178.764
178.521
178.341
178.224
178.166
178.162
178.201
178.268
178.358
178.467
178.6
178.752
178.912
179.113
179.322
179.539
179.773
180.027
180.305
180.613
180.968
181.337
195.392
196.813
198.41
200.098
201.675
203.187
204.451
205.581
206.041
207.226
208.207
208.89
209.414
209.849
210.2
210.478
210.702
210.887
211.045
211.185
211.313
211.436
211.558
211.68
211.794
211.889
211.965
212.023
212.063
212.087
212.095
212.087
212.065
212.029
211.978
211.91
211.823
211.709
211.58
193.928
192.44
190.816
189.225
187.801
186.448
185.253
184.218
183.385
182.446
182.144
181.627
181.021
180.512
180.079
179.693
179.354
179.072
178.851
178.691
178.592
178.549
178.557
178.604
178.678
178.771
178.882
179.017
179.169
179.326
179.524
179.728
179.94
180.166
180.412
180.678
180.973
181.309
181.65
195.381
196.804
198.403
200.093
201.674
203.175
204.444
205.535
205.923
206.993
207.934
208.615
209.134
209.562
209.911
210.192
210.421
210.61
210.772
210.914
211.044
211.169
211.292
211.416
211.531
211.627
211.704
211.762
211.803
211.828
211.836
211.83
211.809
211.774
211.724
211.659
211.575
211.466
211.339
193.915
192.408
190.764
189.159
187.723
186.362
185.16
184.127
183.277
182.343
182.061
181.639
181.108
180.636
180.23
179.872
179.56
179.301
179.101
178.963
178.884
178.862
178.888
178.952
179.04
179.146
179.268
179.411
179.572
179.736
179.938
180.145
180.356
180.582
180.823
181.084
181.373
181.704
182.047
195.388
196.831
198.451
200.156
201.748
203.243
204.518
205.534
205.833
206.783
207.697
208.394
208.921
209.341
209.679
209.952
210.174
210.36
210.521
210.664
210.797
210.924
211.051
211.179
211.297
211.397
211.477
211.538
211.582
211.609
211.62
211.615
211.596
211.563
211.516
211.453
211.37
211.264
211.14
193.899
192.317
190.597
188.927
187.444
186.053
184.839
183.821
182.985
182.147
181.941
181.617
181.144
180.702
180.329
180.007
179.726
179.49
179.311
179.191
179.128
179.118
179.153
179.222
179.312
179.42
179.544
179.688
179.847
180.008
180.209
180.412
180.62
180.841
181.078
181.332
181.61
181.923
182.231
195.446
196.96
198.651
200.415
202.037
203.521
204.745
205.575
205.745
206.539
207.41
208.143
208.717
209.173
209.535
209.822
210.054
210.243
210.403
210.543
210.671
210.794
210.916
211.04
211.155
211.252
211.328
211.385
211.424
211.448
211.455
211.448
211.426
211.391
211.343
211.28
211.199
211.094
210.974
193.883
192.187
190.348
188.571
187.007
185.563
184.33
183.334
182.554
181.918
181.827
181.582
181.123
180.675
180.308
180.008
179.754
179.547
179.397
179.31
179.283
179.311
179.386
179.493
179.614
179.747
179.893
180.059
180.24
180.427
180.638
180.853
181.073
181.304
181.546
181.805
182.089
182.415
182.746
195.539
197.153
198.948
200.801
202.473
203.946
205.071
205.63
205.655
206.227
206.961
207.652
208.238
208.722
209.117
209.44
209.706
209.928
210.117
210.285
210.44
210.587
210.734
210.88
211.016
211.131
211.222
211.292
211.341
211.37
211.382
211.376
211.355
211.319
211.267
211.199
211.112
210.999
210.874
312.901
311.087
308.824
306.16
302.894
298.974
294.402
289.216
283.526
277.511
271.373
265.276
259.326
253.569
248.022
242.69
237.571
232.667
227.978
223.501
219.234
215.173
211.313
207.648
204.173
200.879
197.759
194.809
192.025
189.403
186.942
184.64
182.497
180.513
178.688
177.022
175.516
174.168
172.978
171.943
171.06
170.325
169.734
169.281
168.96
168.763
168.682
168.709
168.834
169.048
169.341
169.705
170.129
170.604
171.122
171.673
172.251
172.847
173.455
174.068
174.681
175.29
175.889
176.475
177.044
177.596
178.124
178.567
178.952
179.338
179.725
180.112
180.49
180.867
181.218
181.588
181.877
182.275
182.433
182.96
312.57
309.077
305.298
301.396
297.423
293.45
289.53
285.688
281.94
278.3
274.777
271.383
268.127
265.017
262.059
259.26
256.62
254.143
251.827
249.67
247.668
245.816
244.106
242.531
241.084
239.754
238.534
237.414
236.386
235.442
234.572
233.769
233.027
232.336
231.692
231.086
230.514
229.968
229.444
228.935
228.437
227.945
227.454
226.962
226.465
225.961
225.447
224.923
224.387
223.839
223.28
222.71
222.131
221.545
220.953
220.358
219.763
219.169
218.579
217.996
217.423
216.862
216.314
215.783
215.271
214.778
214.309
213.924
213.598
213.272
212.946
212.626
212.314
212.016
211.736
211.479
211.245
211.05
210.888
210.783
243.908
243.446
243.096
242.784
242.449
242.091
241.68
241.168
240.503
239.64
238.554
237.241
235.708
233.965
232.029
229.919
227.655
225.26
222.757
220.17
217.52
214.83
212.12
209.409
206.716
204.06
201.457
198.922
196.467
194.101
191.832
189.668
187.615
185.676
183.857
182.161
180.591
179.151
177.84
176.662
175.615
174.699
173.913
173.254
172.719
172.303
172.001
171.807
171.714
171.715
171.802
171.967
172.201
172.496
172.845
173.238
173.668
174.128
174.61
175.108
175.617
176.13
176.642
177.151
177.65
178.139
178.61
179.009
179.357
179.708
180.061
180.417
180.765
181.116
181.442
181.789
182.061
182.44
182.591
183.1
244.187
244.455
245.01
245.497
245.901
246.21
246.416
246.517
246.512
246.404
246.196
245.891
245.493
245.008
244.443
243.806
243.105
242.351
241.552
240.721
239.868
239.003
238.136
237.276
236.431
235.608
234.812
234.046
233.315
232.618
231.957
231.33
230.736
230.174
229.639
229.13
228.643
228.174
227.72
227.277
226.841
226.41
225.98
225.548
225.112
224.668
224.217
223.755
223.282
222.798
222.303
221.797
221.28
220.755
220.223
219.686
219.145
218.604
218.064
217.528
216.999
216.478
215.969
215.473
214.992
214.529
214.086
213.722
213.414
213.104
212.795
212.489
212.192
211.907
211.638
211.39
211.164
210.974
210.817
210.716
223.136
222.738
222.343
221.949
221.521
221.051
220.54
219.985
219.387
218.75
218.082
217.389
216.677
215.941
215.175
214.364
213.498
212.565
211.555
210.464
209.286
208.022
206.673
205.243
203.741
202.173
200.551
198.887
197.194
195.486
193.777
192.081
190.413
188.784
187.206
185.691
184.247
182.882
181.605
180.421
179.336
178.352
177.473
176.7
176.033
175.472
175.014
174.656
174.395
174.226
174.143
174.139
174.21
174.347
174.543
174.792
175.085
175.417
175.78
176.168
176.574
176.993
177.42
177.85
178.279
178.704
179.117
179.471
179.782
180.096
180.414
180.737
181.055
181.377
181.678
182.001
182.256
182.611
182.759
183.245
223.431
223.704
224.003
224.294
224.617
224.966
225.336
225.724
226.125
226.532
226.942
227.346
227.739
228.116
228.468
228.791
229.079
229.326
229.528
229.682
229.786
229.838
229.838
229.788
229.691
229.55
229.369
229.152
228.906
228.636
228.346
228.04
227.724
227.401
227.072
226.741
226.408
226.075
225.74
225.403
225.064
224.722
224.375
224.022
223.661
223.29
222.91
222.519
222.115
221.699
221.271
220.831
220.38
219.919
219.448
218.971
218.487
218.001
217.513
217.026
216.543
216.065
215.596
215.137
214.691
214.258
213.845
213.503
213.214
212.923
212.631
212.342
212.06
211.789
211.533
211.295
211.078
210.895
210.744
210.642
223.565
223.32
223.06
222.792
222.496
222.151
221.741
221.249
220.66
219.967
219.174
218.293
217.342
216.342
215.303
214.234
213.137
212.015
210.871
209.705
208.517
207.309
206.078
204.825
203.548
202.247
200.921
199.572
198.202
196.815
195.415
194.009
192.603
191.208
189.83
188.479
187.165
185.897
184.683
183.531
182.449
181.442
180.516
179.675
178.923
178.26
177.688
177.207
176.814
176.509
176.286
176.143
176.074
176.075
176.138
176.258
176.43
176.645
176.899
177.184
177.495
177.827
178.173
178.529
178.89
179.254
179.612
179.923
180.198
180.477
180.764
181.055
181.344
181.639
181.916
182.217
182.453
182.789
182.929
183.397
223.77
223.956
224.124
224.277
224.421
224.548
224.663
224.764
224.854
224.933
225.002
225.063
225.117
225.166
225.211
225.252
225.292
225.329
225.364
225.397
225.425
225.449
225.465
225.473
225.469
225.452
225.42
225.371
225.305
225.221
225.118
224.997
224.859
224.704
224.535
224.351
224.155
223.948
223.729
223.501
223.262
223.013
222.754
222.484
222.203
221.91
221.604
221.285
220.952
220.606
220.245
219.872
219.485
219.087
218.677
218.259
217.832
217.4
216.963
216.525
216.087
215.653
215.223
214.801
214.389
213.988
213.603
213.284
213.012
212.739
212.463
212.191
211.924
211.667
211.423
211.196
210.99
210.815
210.669
210.564
219.723
219.48
219.231
218.993
218.756
218.511
218.247
217.955
217.623
217.24
216.794
216.28
215.698
215.051
214.347
213.587
212.774
211.907
210.989
210.02
209.003
207.942
206.841
205.704
204.534
203.337
202.116
200.876
199.621
198.355
197.082
195.806
194.532
193.264
192.008
190.769
189.554
188.369
187.221
186.116
185.061
184.062
183.125
182.255
181.456
180.732
180.085
179.516
179.027
178.617
178.285
178.028
177.843
177.727
177.674
177.682
177.743
177.852
178.005
178.195
178.416
178.664
178.932
179.216
179.511
179.814
180.118
180.385
180.625
180.87
181.124
181.384
181.644
181.911
182.163
182.441
182.659
182.976
183.105
183.557
219.909
220.064
220.223
220.387
220.551
220.716
220.88
221.042
221.2
221.354
221.502
221.642
221.773
221.895
222.005
222.105
222.192
222.267
222.331
222.382
222.424
222.455
222.477
222.49
222.496
222.495
222.487
222.472
222.45
222.421
222.384
222.339
222.284
222.22
222.144
222.058
221.96
221.849
221.727
221.592
221.444
221.284
221.109
220.922
220.72
220.504
220.273
220.027
219.766
219.489
219.197
218.89
218.568
218.233
217.885
217.525
217.155
216.777
216.393
216.004
215.613
215.222
214.833
214.449
214.072
213.703
213.347
213.051
212.798
212.543
212.285
212.029
211.778
211.535
211.304
211.09
210.894
210.727
210.587
210.48
214.853
214.635
214.409
214.189
213.97
213.748
213.52
213.279
213.018
212.731
212.409
212.046
211.64
211.193
210.708
210.187
209.634
209.048
208.427
207.769
207.07
206.331
205.55
204.727
203.863
202.959
202.016
201.038
200.028
198.99
197.928
196.848
195.754
194.653
193.548
192.447
191.355
190.278
189.222
188.193
187.197
186.241
185.328
184.466
183.659
182.911
182.225
181.605
181.053
180.57
180.156
179.811
179.533
179.321
179.17
179.079
179.043
179.057
179.117
179.217
179.353
179.52
179.713
179.927
180.156
180.399
180.647
180.871
181.074
181.284
181.503
181.731
181.96
182.199
182.425
182.678
182.876
183.173
183.291
183.725
215.013
215.143
215.284
215.431
215.583
215.741
215.905
216.075
216.251
216.431
216.616
216.805
216.998
217.193
217.389
217.585
217.78
217.972
218.16
218.343
218.518
218.685
218.842
218.988
219.123
219.246
219.357
219.455
219.541
219.614
219.675
219.725
219.762
219.787
219.801
219.802
219.791
219.767
219.73
219.679
219.615
219.536
219.442
219.333
219.208
219.067
218.909
218.735
218.544
218.337
218.112
217.871
217.614
217.342
217.055
216.755
216.442
216.12
215.788
215.45
215.106
214.76
214.414
214.069
213.729
213.394
213.07
212.798
212.565
212.329
212.091
211.853
211.618
211.391
211.174
210.973
210.789
210.63
210.496
210.388
211.828
211.648
211.459
211.27
211.077
210.88
210.68
210.475
210.259
210.024
209.766
209.476
209.15
208.784
208.382
207.947
207.482
206.992
206.478
205.938
205.373
204.781
204.161
203.512
202.834
202.126
201.388
200.621
199.824
198.999
198.146
197.27
196.371
195.454
194.523
193.581
192.635
191.689
190.749
189.82
188.908
188.019
187.159
186.333
185.546
184.804
184.109
183.467
182.88
182.351
181.882
181.473
181.124
180.836
180.605
180.431
180.311
180.241
180.218
180.237
180.294
180.386
180.506
180.652
180.818
181.002
181.195
181.375
181.541
181.716
181.9
182.094
182.292
182.501
182.7
182.928
183.105
183.379
183.487
183.9
211.967
212.089
212.219
212.353
212.492
212.635
212.783
212.936
213.093
213.254
213.42
213.59
213.764
213.943
214.125
214.311
214.5
214.692
214.887
215.083
215.28
215.478
215.674
215.868
216.059
216.246
216.426
216.6
216.765
216.92
217.065
217.199
217.321
217.43
217.527
217.61
217.679
217.734
217.774
217.8
217.811
217.806
217.785
217.748
217.695
217.624
217.536
217.43
217.307
217.166
217.007
216.83
216.636
216.425
216.199
215.957
215.702
215.434
215.156
214.868
214.573
214.273
213.97
213.666
213.363
213.064
212.772
212.526
212.314
212.099
211.881
211.662
211.446
211.236
211.034
210.846
210.674
210.525
210.398
210.289
209.739
209.587
209.427
209.264
209.096
208.922
208.745
208.566
208.384
208.193
207.989
207.767
207.519
207.24
206.928
206.582
206.205
205.801
205.372
204.92
204.444
203.944
203.419
202.869
202.294
201.693
201.067
200.417
199.742
199.044
198.323
197.58
196.817
196.035
195.237
194.426
193.604
192.775
191.943
191.113
190.289
189.476
188.679
187.903
187.154
186.435
185.752
185.109
184.509
183.956
183.452
183
182.6
182.254
181.961
181.719
181.529
181.387
181.291
181.238
181.224
181.246
181.3
181.382
181.487
181.614
181.754
181.891
182.021
182.16
182.31
182.47
182.636
182.815
182.986
183.188
183.343
183.595
183.69
184.083
209.86
209.97
210.087
210.209
210.335
210.466
210.601
210.741
210.886
211.035
211.189
211.347
211.51
211.676
211.846
212.02
212.197
212.378
212.561
212.746
212.933
213.123
213.313
213.504
213.696
213.887
214.077
214.266
214.451
214.633
214.809
214.98
215.144
215.3
215.446
215.582
215.707
215.82
215.92
216.007
216.079
216.136
216.178
216.204
216.213
216.205
216.18
216.137
216.075
215.996
215.898
215.782
215.648
215.497
215.328
215.144
214.944
214.73
214.503
214.266
214.019
213.765
213.506
213.243
212.979
212.716
212.457
212.238
212.048
211.854
211.657
211.458
211.261
211.069
210.884
210.71
210.551
210.411
210.292
210.183
207.952
207.823
207.685
207.545
207.398
207.245
207.086
206.925
206.761
206.595
206.424
206.243
206.047
205.832
205.593
205.325
205.028
204.705
204.358
203.989
203.6
203.19
202.758
202.304
201.827
201.327
200.803
200.255
199.684
199.09
198.474
197.837
197.179
196.502
195.809
195.1
194.378
193.647
192.908
192.165
191.421
190.681
189.949
189.228
188.523
187.839
187.18
186.55
185.953
185.393
184.872
184.394
183.96
183.573
183.232
182.938
182.69
182.488
182.33
182.214
182.137
182.097
182.089
182.112
182.16
182.232
182.321
182.416
182.511
182.615
182.73
182.858
182.991
183.14
183.283
183.458
183.591
183.82
183.902
184.273
208.058
208.155
208.258
208.365
208.477
208.594
208.715
208.842
208.973
209.11
209.251
209.398
209.55
209.706
209.868
210.034
210.204
210.379
210.558
210.74
210.926
211.115
211.306
211.499
211.694
211.89
212.086
212.281
212.476
212.67
212.861
213.049
213.233
213.412
213.585
213.752
213.911
214.061
214.202
214.331
214.449
214.553
214.645
214.721
214.783
214.828
214.857
214.869
214.863
214.84
214.798
214.738
214.66
214.564
214.451
214.32
214.174
214.012
213.836
213.648
213.449
213.24
213.024
212.802
212.577
212.35
212.126
211.934
211.767
211.595
211.419
211.242
211.065
210.891
210.723
210.565
210.419
210.289
210.178
210.068
206.464
206.353
206.235
206.114
205.987
205.853
205.713
205.568
205.419
205.268
205.114
204.957
204.792
204.616
204.425
204.213
203.976
203.715
203.43
203.124
202.798
202.455
202.094
201.715
201.317
200.899
200.461
200.002
199.522
199.022
198.501
197.959
197.397
196.817
196.218
195.603
194.972
194.329
193.675
193.013
192.346
191.676
191.008
190.344
189.689
189.046
188.42
187.813
187.231
186.676
186.152
185.661
185.208
184.793
184.418
184.084
183.792
183.541
183.332
183.162
183.03
182.934
182.871
182.839
182.834
182.855
182.895
182.95
183.01
183.08
183.162
183.256
183.358
183.476
183.59
183.738
183.849
184.054
184.122
184.471
206.556
206.642
206.733
206.828
206.927
207.031
207.139
207.252
207.37
207.493
207.62
207.753
207.89
208.033
208.181
208.334
208.492
208.655
208.823
208.996
209.173
209.355
209.541
209.731
209.923
210.119
210.317
210.517
210.717
210.918
211.119
211.319
211.517
211.712
211.904
212.091
212.273
212.448
212.617
212.777
212.927
213.068
213.197
213.313
213.417
213.506
213.58
213.639
213.682
213.707
213.715
213.706
213.679
213.634
213.571
213.492
213.396
213.283
213.157
213.016
212.863
212.699
212.526
212.345
212.159
211.969
211.779
211.615
211.47
211.321
211.168
211.012
210.855
210.701
210.551
210.409
210.277
210.158
210.055
209.946
205.258
205.162
205.061
204.956
204.845
204.729
204.606
204.479
204.345
204.208
204.067
203.925
203.779
203.628
203.468
203.296
203.107
202.896
202.663
202.409
202.135
201.843
201.535
201.211
200.872
200.515
200.142
199.75
199.341
198.913
198.467
198.003
197.52
197.02
196.502
195.968
195.419
194.855
194.278
193.691
193.095
192.493
191.888
191.282
190.678
190.08
189.491
188.915
188.356
187.816
187.299
186.808
186.346
185.915
185.518
185.156
184.831
184.542
184.291
184.076
183.897
183.752
183.64
183.559
183.505
183.478
183.473
183.489
183.517
183.553
183.602
183.664
183.734
183.821
183.907
184.028
184.115
184.296
184.35
184.675
205.338
205.415
205.496
205.58
205.668
205.761
205.858
205.958
206.064
206.174
206.288
206.408
206.532
206.661
206.796
206.935
207.079
207.229
207.383
207.543
207.707
207.877
208.051
208.23
208.413
208.6
208.791
208.985
209.182
209.381
209.582
209.784
209.987
210.189
210.39
210.588
210.784
210.976
211.163
211.344
211.518
211.684
211.841
211.988
212.124
212.248
212.36
212.457
212.54
212.607
212.659
212.694
212.712
212.713
212.697
212.665
212.615
212.55
212.469
212.374
212.265
212.145
212.013
211.873
211.726
211.572
211.417
211.28
211.159
211.034
210.903
210.769
210.634
210.499
210.368
210.243
210.125
210.018
209.924
209.816
204.259
204.175
204.087
203.996
203.9
203.799
203.691
203.579
203.462
203.339
203.212
203.081
202.948
202.812
202.673
202.526
202.37
202.2
202.012
201.804
201.576
201.329
201.066
200.788
200.496
200.19
199.868
199.532
199.179
198.809
198.424
198.021
197.603
197.168
196.716
196.249
195.767
195.271
194.762
194.241
193.709
193.168
192.622
192.07
191.517
190.965
190.416
189.875
189.343
188.825
188.322
187.839
187.378
186.942
186.533
186.153
185.804
185.487
185.203
184.951
184.733
184.547
184.392
184.267
184.17
184.099
184.051
184.031
184.027
184.032
184.049
184.079
184.118
184.176
184.233
184.326
184.39
184.546
184.586
184.887
204.329
204.397
204.469
204.544
204.622
204.705
204.791
204.881
204.976
205.074
205.177
205.285
205.397
205.514
205.636
205.762
205.894
206.03
206.172
206.319
206.471
206.628
206.79
206.956
207.128
207.304
207.484
207.669
207.857
208.049
208.244
208.442
208.641
208.842
209.044
209.245
209.446
209.645
209.842
210.035
210.224
210.407
210.583
210.752
210.913
211.063
211.203
211.332
211.447
211.55
211.638
211.711
211.769
211.811
211.836
211.846
211.839
211.817
211.779
211.727
211.66
211.581
211.49
211.389
211.28
211.162
211.041
210.933
210.835
210.733
210.625
210.514
210.4
210.287
210.174
210.067
209.964
209.868
209.784
209.678
203.415
203.343
203.265
203.186
203.102
203.014
202.92
202.821
202.718
202.609
202.496
202.377
202.255
202.13
202.003
201.873
201.738
201.595
201.44
201.271
201.083
200.878
200.655
200.416
200.164
199.898
199.62
199.329
199.023
198.703
198.368
198.019
197.654
197.274
196.879
196.469
196.044
195.606
195.155
194.691
194.216
193.73
193.237
192.736
192.231
191.723
191.215
190.71
190.209
189.716
189.233
188.764
188.311
187.877
187.464
187.074
186.71
186.373
186.065
185.785
185.535
185.314
185.123
184.96
184.823
184.713
184.626
184.572
184.539
184.514
184.501
184.5
184.509
184.537
184.567
184.632
184.673
184.803
184.828
185.104
203.477
203.538
203.601
203.668
203.738
203.812
203.889
203.97
204.054
204.142
204.235
204.332
204.433
204.538
204.648
204.763
204.882
205.007
205.136
205.27
205.41
205.554
205.704
205.859
206.018
206.183
206.352
206.526
206.705
206.887
207.074
207.264
207.457
207.653
207.85
208.05
208.25
208.45
208.65
208.849
209.045
209.237
209.426
209.609
209.786
209.956
210.117
210.269
210.411
210.541
210.659
210.764
210.855
210.932
210.995
211.042
211.074
211.091
211.092
211.079
211.053
211.013
210.96
210.897
210.824
210.742
210.655
210.574
210.499
210.42
210.336
210.247
210.156
210.063
209.971
209.881
209.794
209.71
209.636
209.531
202.7
202.636
202.568
202.499
202.425
202.347
202.265
202.178
202.087
201.991
201.89
201.785
201.675
201.561
201.443
201.323
201.201
201.075
200.942
200.801
200.647
200.477
200.29
200.087
199.869
199.638
199.395
199.14
198.874
198.595
198.303
197.997
197.677
197.344
196.997
196.636
196.262
195.874
195.473
195.06
194.635
194.199
193.754
193.3
192.84
192.374
191.905
191.435
190.967
190.501
190.042
189.591
189.151
188.724
188.314
187.922
187.55
187.201
186.875
186.574
186.299
186.051
185.828
185.633
185.462
185.318
185.195
185.11
185.05
184.997
184.955
184.925
184.905
184.904
184.906
184.944
184.961
185.067
185.076
185.327
202.755
202.809
202.865
202.925
202.988
203.053
203.122
203.194
203.27
203.349
203.432
203.519
203.61
203.706
203.805
203.909
204.017
204.13
204.248
204.37
204.498
204.63
204.768
204.91
205.058
205.21
205.368
205.53
205.698
205.87
206.046
206.227
206.412
206.6
206.791
206.985
207.181
207.379
207.578
207.776
207.975
208.172
208.367
208.558
208.746
208.928
209.104
209.274
209.435
209.587
209.728
209.859
209.978
210.085
210.178
210.258
210.324
210.375
210.413
210.436
210.446
210.442
210.426
210.399
210.361
210.313
210.258
210.204
210.153
210.097
210.036
209.97
209.901
209.829
209.757
209.685
209.615
209.544
209.48
209.377
202.089
202.033
201.973
201.912
201.847
201.779
201.706
201.63
201.549
201.464
201.375
201.281
201.183
201.08
200.973
200.862
200.748
200.633
200.514
200.391
200.26
200.118
199.963
199.793
199.607
199.407
199.194
198.97
198.736
198.491
198.234
197.965
197.684
197.39
197.084
196.765
196.433
196.089
195.732
195.363
194.983
194.591
194.19
193.779
193.359
192.933
192.502
192.067
191.63
191.193
190.758
190.328
189.905
189.491
189.088
188.699
188.325
187.969
187.633
187.317
187.024
186.753
186.506
186.283
186.084
185.908
185.754
185.642
185.557
185.478
185.409
185.351
185.304
185.275
185.25
185.261
185.256
185.336
185.33
185.555
202.138
202.186
202.237
202.29
202.346
202.405
202.467
202.532
202.6
202.671
202.746
202.824
202.906
202.992
203.082
203.176
203.274
203.377
203.484
203.595
203.711
203.833
203.959
204.089
204.225
204.366
204.512
204.663
204.819
204.98
205.146
205.316
205.491
205.669
205.852
206.039
206.228
206.42
206.615
206.81
207.007
207.204
207.401
207.596
207.789
207.979
208.165
208.346
208.521
208.689
208.849
209
209.142
209.273
209.392
209.5
209.595
209.677
209.746
209.802
209.844
209.874
209.892
209.898
209.893
209.878
209.855
209.827
209.799
209.765
209.727
209.684
209.637
209.586
209.534
209.481
209.427
209.369
209.316
209.216
201.566
201.516
201.463
201.409
201.351
201.291
201.227
201.159
201.087
201.012
200.933
200.849
200.761
200.669
200.573
200.472
200.367
200.26
200.149
200.037
199.92
199.798
199.667
199.524
199.367
199.197
199.012
198.816
198.609
198.392
198.166
197.929
197.68
197.42
197.149
196.866
196.571
196.264
195.945
195.615
195.273
194.921
194.558
194.185
193.804
193.414
193.018
192.616
192.21
191.802
191.393
190.985
190.58
190.181
189.79
189.408
189.037
188.68
188.338
188.013
187.707
187.42
187.154
186.909
186.685
186.483
186.301
186.164
186.056
185.954
185.86
185.777
185.703
185.647
185.597
185.582
185.554
185.608
185.588
185.786
201.609
201.653
201.698
201.746
201.796
201.849
201.905
201.963
202.024
202.089
202.156
202.227
202.301
202.378
202.46
202.545
202.634
202.727
202.824
202.926
203.032
203.143
203.258
203.378
203.503
203.633
203.768
203.907
204.052
204.202
204.356
204.516
204.68
204.849
205.022
205.199
205.381
205.565
205.753
205.944
206.136
206.33
206.525
206.72
206.915
207.109
207.3
207.488
207.672
207.851
208.024
208.191
208.349
208.5
208.64
208.771
208.89
208.999
209.095
209.18
209.253
209.313
209.361
209.398
209.425
209.44
209.447
209.445
209.438
209.426
209.41
209.389
209.364
209.335
209.303
209.269
209.231
209.186
209.145
209.048
201.112
201.068
201.021
200.973
200.922
200.868
200.81
200.75
200.687
200.62
200.549
200.475
200.396
200.314
200.227
200.136
200.042
199.942
199.84
199.734
199.627
199.516
199.401
199.279
199.146
199.001
198.843
198.672
198.49
198.299
198.098
197.888
197.668
197.438
197.197
196.945
196.681
196.407
196.122
195.825
195.518
195.2
194.871
194.533
194.185
193.829
193.465
193.094
192.718
192.337
191.954
191.569
191.185
190.803
190.425
190.053
189.689
189.335
188.992
188.663
188.348
188.05
187.769
187.506
187.262
187.039
186.833
186.674
186.546
186.422
186.305
186.198
186.1
186.019
185.944
185.904
185.854
185.883
185.848
186.019
201.151
201.19
201.231
201.275
201.32
201.368
201.418
201.47
201.526
201.584
201.645
201.709
201.776
201.846
201.92
201.997
202.078
202.163
202.252
202.345
202.441
202.543
202.648
202.758
202.873
202.993
203.117
203.246
203.38
203.519
203.663
203.812
203.966
204.124
204.287
204.455
204.627
204.803
204.983
205.167
205.353
205.542
205.733
205.925
206.119
206.312
206.505
206.697
206.886
207.072
207.254
207.432
207.603
207.768
207.926
208.075
208.215
208.345
208.466
208.575
208.674
208.761
208.838
208.903
208.958
209.002
209.038
209.059
209.073
209.083
209.088
209.089
209.085
209.077
209.065
209.049
209.028
208.997
208.967
208.874
200.731
200.691
200.65
200.606
200.561
200.513
200.462
200.409
200.352
200.293
200.23
200.164
200.094
200.021
199.944
199.863
199.778
199.687
199.588
199.479
199.362
199.239
199.114
198.992
198.875
198.763
198.651
198.532
198.397
198.24
198.063
197.869
197.664
197.454
197.236
197.01
196.774
196.527
196.269
196.002
195.724
195.436
195.137
194.83
194.512
194.186
193.852
193.51
193.161
192.807
192.448
192.087
191.723
191.359
190.997
190.637
190.283
189.935
189.595
189.265
188.946
188.641
188.349
188.073
187.814
187.572
187.347
187.169
187.023
186.88
186.743
186.614
186.493
186.388
186.29
186.225
186.154
186.159
186.109
186.252
200.766
200.801
200.838
200.877
200.917
200.96
201.006
201.053
201.103
201.156
201.211
201.268
201.329
201.393
201.46
201.53
201.603
201.68
201.761
201.845
201.934
202.026
202.123
202.223
202.329
202.438
202.553
202.672
202.795
202.924
203.058
203.196
203.339
203.488
203.641
203.799
203.961
204.128
204.299
204.474
204.653
204.836
205.021
205.208
205.398
205.589
205.781
205.973
206.164
206.354
206.541
206.726
206.906
207.082
207.252
207.416
207.572
207.721
207.861
207.992
208.113
208.224
208.325
208.416
208.497
208.568
208.63
208.674
208.707
208.737
208.763
208.785
208.802
208.814
208.822
208.824
208.82
208.804
208.784
208.696
200.285
200.251
200.215
200.177
200.138
200.096
200.052
200.006
199.957
199.905
199.85
199.793
199.732
199.668
199.6
199.529
199.454
199.375
199.293
199.208
199.121
199.03
198.936
198.838
198.736
198.63
198.517
198.397
198.267
198.127
197.977
197.816
197.646
197.465
197.275
197.076
196.869
196.653
196.428
196.192
195.947
195.693
195.428
195.154
194.871
194.578
194.277
193.967
193.65
193.325
192.995
192.659
192.319
191.976
191.631
191.286
190.943
190.602
190.266
189.936
189.613
189.3
188.997
188.706
188.429
188.166
187.918
187.717
187.551
187.386
187.224
187.069
186.921
186.788
186.663
186.567
186.471
186.445
186.378
186.487
200.316
200.347
200.379
200.413
200.449
200.487
200.527
200.569
200.613
200.659
200.708
200.759
200.813
200.87
200.929
200.991
201.056
201.125
201.197
201.272
201.351
201.434
201.52
201.61
201.705
201.804
201.907
202.015
202.127
202.244
202.365
202.492
202.623
202.76
202.901
203.047
203.198
203.354
203.515
203.68
203.85
204.023
204.201
204.382
204.567
204.754
204.944
205.135
205.327
205.52
205.713
205.904
206.094
206.281
206.465
206.645
206.82
206.988
207.151
207.306
207.453
207.592
207.722
207.843
207.955
208.057
208.15
208.221
208.278
208.332
208.383
208.431
208.473
208.511
208.543
208.568
208.584
208.585
208.58
208.503
199.86
199.831
199.801
199.769
199.736
199.701
199.664
199.625
199.584
199.54
199.494
199.446
199.395
199.341
199.284
199.224
199.162
199.097
199.031
198.965
198.899
198.83
198.758
198.677
198.588
198.488
198.381
198.266
198.147
198.024
197.896
197.763
197.622
197.471
197.31
197.139
196.961
196.775
196.581
196.378
196.166
195.945
195.714
195.474
195.225
194.966
194.698
194.422
194.136
193.843
193.542
193.234
192.919
192.599
192.275
191.947
191.617
191.287
190.957
190.629
190.305
189.986
189.673
189.369
189.075
188.792
188.52
188.297
188.109
187.92
187.733
187.55
187.373
187.209
187.052
186.924
186.798
186.739
186.649
186.723
199.886
199.912
199.94
199.97
200.001
200.033
200.067
200.103
200.141
200.181
200.223
200.268
200.314
200.363
200.414
200.468
200.525
200.584
200.647
200.713
200.781
200.854
200.929
201.009
201.092
201.179
201.27
201.366
201.465
201.569
201.678
201.791
201.909
202.032
202.16
202.293
202.431
202.574
202.722
202.876
203.034
203.197
203.365
203.537
203.713
203.894
204.078
204.266
204.456
204.649
204.844
205.039
205.236
205.432
205.627
205.821
206.012
206.199
206.383
206.562
206.735
206.901
207.061
207.213
207.357
207.492
207.619
207.719
207.801
207.882
207.961
208.037
208.108
208.174
208.234
208.285
208.323
208.345
208.359
208.296
199.539
199.514
199.488
199.461
199.432
199.402
199.37
199.336
199.301
199.263
199.224
199.182
199.138
199.091
199.043
198.991
198.936
198.879
198.818
198.755
198.688
198.617
198.544
198.467
198.386
198.3
198.211
198.119
198.024
197.926
197.823
197.713
197.594
197.465
197.327
197.18
197.025
196.861
196.69
196.512
196.325
196.13
195.926
195.713
195.491
195.26
195.021
194.772
194.514
194.248
193.973
193.69
193.4
193.102
192.798
192.489
192.176
191.859
191.539
191.219
190.898
190.58
190.265
189.954
189.65
189.354
189.066
188.826
188.622
188.415
188.206
188.001
187.799
187.608
187.423
187.266
187.112
187.024
186.911
186.953
199.561
199.585
199.609
199.635
199.662
199.691
199.721
199.752
199.786
199.821
199.858
199.897
199.938
199.981
200.026
200.074
200.124
200.176
200.232
200.29
200.351
200.415
200.482
200.553
200.627
200.705
200.786
200.871
200.961
201.054
201.152
201.254
201.361
201.472
201.588
201.709
201.836
201.967
202.103
202.244
202.391
202.543
202.7
202.862
203.029
203.201
203.377
203.558
203.742
203.931
204.122
204.317
204.514
204.712
204.912
205.112
205.312
205.511
205.707
205.902
206.092
206.279
206.46
206.636
206.805
206.967
207.121
207.246
207.35
207.454
207.557
207.658
207.755
207.847
207.931
208.006
208.068
208.109
208.14
208.09
199.276
199.254
199.231
199.208
199.183
199.156
199.128
199.098
199.067
199.034
199
198.963
198.924
198.884
198.841
198.795
198.747
198.697
198.644
198.588
198.528
198.466
198.401
198.332
198.261
198.185
198.106
198.023
197.937
197.847
197.755
197.659
197.558
197.449
197.332
197.206
197.071
196.927
196.775
196.616
196.449
196.275
196.093
195.902
195.703
195.495
195.278
195.053
194.818
194.575
194.323
194.062
193.793
193.516
193.232
192.941
192.643
192.34
192.033
191.722
191.409
191.095
190.781
190.468
190.159
189.855
189.557
189.305
189.089
188.867
188.642
188.418
188.195
187.981
187.773
187.59
187.411
187.294
187.162
187.172
199.296
199.317
199.338
199.361
199.385
199.411
199.438
199.466
199.496
199.527
199.56
199.595
199.631
199.67
199.71
199.753
199.798
199.845
199.894
199.946
200.001
200.059
200.119
200.183
200.25
200.32
200.394
200.471
200.552
200.637
200.725
200.819
200.916
201.018
201.124
201.235
201.352
201.473
201.599
201.73
201.866
202.008
202.155
202.308
202.465
202.628
202.796
202.97
203.147
203.33
203.517
203.708
203.902
204.1
204.3
204.502
204.706
204.911
205.116
205.32
205.523
205.723
205.92
206.114
206.302
206.485
206.662
206.807
206.929
207.053
207.177
207.299
207.419
207.533
207.641
207.738
207.82
207.88
207.928
207.891
199.067
199.048
199.027
199.006
198.984
198.961
198.936
198.91
198.882
198.853
198.822
198.79
198.756
198.72
198.681
198.641
198.599
198.554
198.507
198.457
198.405
198.349
198.291
198.23
198.165
198.098
198.027
197.952
197.874
197.792
197.706
197.617
197.526
197.431
197.33
197.222
197.105
196.98
196.846
196.703
196.553
196.395
196.231
196.059
195.879
195.69
195.493
195.287
195.072
194.849
194.616
194.375
194.125
193.866
193.599
193.324
193.042
192.753
192.457
192.156
191.851
191.543
191.232
190.92
190.609
190.301
189.996
189.736
189.51
189.277
189.039
188.799
188.559
188.325
188.097
187.891
187.69
187.548
187.398
187.378
199.085
199.103
199.123
199.143
199.165
199.188
199.212
199.237
199.264
199.292
199.321
199.353
199.386
199.42
199.457
199.495
199.535
199.578
199.623
199.67
199.719
199.771
199.826
199.884
199.944
200.008
200.075
200.145
200.219
200.296
200.377
200.462
200.552
200.645
200.743
200.845
200.952
201.064
201.181
201.303
201.431
201.563
201.701
201.845
201.994
202.148
202.308
202.474
202.644
202.821
203.002
203.188
203.378
203.573
203.772
203.975
204.18
204.388
204.597
204.808
205.018
205.229
205.438
205.645
205.848
206.048
206.243
206.404
206.542
206.682
206.823
206.965
207.104
207.239
207.366
207.484
207.584
207.662
207.725
207.701
198.907
198.89
198.871
198.853
198.833
198.812
198.789
198.766
198.741
198.715
198.687
198.658
198.627
198.595
198.561
198.525
198.487
198.446
198.404
198.359
198.312
198.262
198.21
198.154
198.096
198.034
197.97
197.902
197.831
197.756
197.677
197.595
197.509
197.421
197.329
197.233
197.131
197.021
196.903
196.776
196.641
196.497
196.346
196.188
196.023
195.85
195.669
195.479
195.281
195.074
194.858
194.634
194.4
194.157
193.905
193.645
193.377
193.1
192.816
192.526
192.229
191.927
191.621
191.312
191.001
190.691
190.381
190.115
189.883
189.641
189.393
189.141
188.887
188.637
188.391
188.165
187.946
187.781
187.616
187.566
198.923
198.94
198.957
198.976
198.996
199.016
199.038
199.061
199.085
199.111
199.138
199.166
199.196
199.227
199.26
199.295
199.332
199.371
199.412
199.455
199.5
199.547
199.597
199.65
199.705
199.763
199.825
199.889
199.957
200.028
200.102
200.18
200.263
200.349
200.439
200.534
200.633
200.737
200.846
200.96
201.079
201.203
201.333
201.468
201.608
201.755
201.907
202.064
202.228
202.397
202.572
202.753
202.939
203.13
203.326
203.526
203.731
203.939
204.151
204.365
204.581
204.798
205.015
205.232
205.447
205.659
205.868
206.043
206.193
206.347
206.503
206.661
206.817
206.969
207.115
207.249
207.366
207.459
207.535
207.525
198.776
198.761
198.744
198.727
198.709
198.69
198.669
198.648
198.625
198.602
198.576
198.55
198.522
198.492
198.461
198.428
198.393
198.357
198.318
198.277
198.234
198.189
198.141
198.09
198.037
197.981
197.921
197.859
197.793
197.724
197.652
197.576
197.496
197.412
197.325
197.235
197.142
197.045
196.941
196.829
196.709
196.58
196.443
196.298
196.146
195.986
195.818
195.642
195.457
195.263
195.06
194.848
194.627
194.397
194.157
193.909
193.652
193.387
193.113
192.832
192.543
192.248
191.947
191.641
191.333
191.022
190.71
190.44
190.203
189.956
189.7
189.438
189.173
188.91
188.649
188.406
188.171
187.986
187.809
187.732
198.791
198.807
198.823
198.84
198.858
198.877
198.897
198.919
198.941
198.964
198.989
199.015
199.043
199.072
199.102
199.135
199.169
199.204
199.242
199.282
199.324
199.368
199.414
199.463
199.514
199.568
199.625
199.685
199.748
199.814
199.883
199.956
200.033
200.113
200.198
200.287
200.38
200.477
200.579
200.686
200.798
200.916
201.038
201.166
201.3
201.439
201.584
201.735
201.892
202.055
202.224
202.399
202.579
202.766
202.958
203.156
203.358
203.566
203.778
203.993
204.212
204.433
204.655
204.879
205.102
205.325
205.545
205.73
205.89
206.055
206.223
206.394
206.564
206.731
206.891
207.04
207.171
207.278
207.367
207.369
198.705
198.691
198.676
198.66
198.643
198.625
198.607
198.587
198.566
198.544
198.521
198.497
198.471
198.444
198.415
198.385
198.353
198.319
198.283
198.246
198.206
198.164
198.12
198.073
198.024
197.972
197.917
197.859
197.798
197.733
197.665
197.594
197.52
197.441
197.358
197.271
197.181
197.088
196.991
196.887
196.776
196.655
196.525
196.386
196.24
196.086
195.925
195.758
195.583
195.4
195.208
195.008
194.798
194.579
194.351
194.114
193.868
193.613
193.349
193.076
192.795
192.506
192.211
191.909
191.603
191.293
190.981
190.709
190.468
190.217
189.955
189.686
189.412
189.138
188.866
188.61
188.361
188.16
187.972
187.871
198.719
198.733
198.748
198.764
198.781
198.798
198.817
198.836
198.857
198.879
198.902
198.926
198.951
198.978
199.007
199.036
199.068
199.101
199.136
199.172
199.211
199.252
199.295
199.34
199.388
199.438
199.491
199.546
199.605
199.666
199.731
199.799
199.87
199.945
200.024
200.107
200.195
200.286
200.382
200.483
200.589
200.699
200.815
200.937
201.064
201.197
201.335
201.48
201.63
201.787
201.951
202.12
202.296
202.478
202.667
202.861
203.061
203.267
203.477
203.693
203.913
204.136
204.362
204.59
204.819
205.049
205.277
205.47
205.638
205.812
205.99
206.172
206.355
206.535
206.708
206.868
207.009
207.123
207.22
207.233
198.617
198.603
198.589
198.573
198.557
198.54
198.522
198.504
198.484
198.462
198.44
198.417
198.392
198.366
198.338
198.308
198.277
198.245
198.21
198.173
198.135
198.094
198.05
198.005
197.956
197.905
197.85
197.793
197.732
197.667
197.598
197.525
197.447
197.363
197.275
197.183
197.09
197.002
196.922
196.852
196.788
196.722
196.644
196.544
196.418
196.268
196.1
195.922
195.737
195.548
195.354
195.154
194.947
194.731
194.508
194.276
194.035
193.786
193.528
193.261
192.986
192.702
192.411
192.113
191.808
191.499
191.186
190.913
190.671
190.416
190.15
189.876
189.595
189.313
189.032
188.765
188.507
188.292
188.097
187.974
198.63
198.644
198.658
198.673
198.69
198.707
198.724
198.743
198.763
198.784
198.806
198.829
198.854
198.88
198.907
198.936
198.966
198.998
199.031
199.067
199.104
199.143
199.184
199.228
199.273
199.322
199.372
199.426
199.482
199.541
199.603
199.668
199.737
199.809
199.885
199.965
200.049
200.137
200.229
200.326
200.427
200.534
200.646
200.763
200.885
201.013
201.147
201.287
201.434
201.586
201.745
201.911
202.083
202.261
202.446
202.638
202.836
203.04
203.25
203.465
203.686
203.911
204.139
204.371
204.604
204.839
205.073
205.273
205.447
205.628
205.814
206.003
206.193
206.378
206.557
206.724
206.875
207.004
207.116
207.136
198.693
198.681
198.668
198.655
198.641
198.626
198.611
198.594
198.577
198.559
198.54
198.519
198.498
198.475
198.451
198.426
198.4
198.372
198.342
198.311
198.279
198.244
198.208
198.169
198.129
198.086
198.042
197.995
197.945
197.892
197.836
197.777
197.719
197.662
197.609
197.562
197.515
197.456
197.371
197.245
197.074
196.864
196.634
196.409
196.209
196.041
195.9
195.77
195.636
195.491
195.331
195.159
194.976
194.782
194.577
194.361
194.134
193.896
193.647
193.388
193.119
192.841
192.554
192.259
191.956
191.648
191.335
191.062
190.818
190.56
190.291
190.012
189.726
189.438
189.15
188.875
188.611
188.384
188.187
188.045
198.704
198.716
198.729
198.742
198.756
198.771
198.787
198.803
198.821
198.839
198.859
198.879
198.901
198.924
198.948
198.973
199
199.028
199.058
199.09
199.123
199.158
199.195
199.234
199.275
199.319
199.365
199.413
199.464
199.518
199.575
199.635
199.698
199.765
199.835
199.909
199.987
200.069
200.155
200.247
200.342
200.443
200.55
200.661
200.778
200.901
201.03
201.166
201.308
201.456
201.611
201.773
201.942
202.118
202.3
202.49
202.686
202.889
203.098
203.313
203.533
203.759
203.988
204.221
204.457
204.694
204.931
205.134
205.311
205.496
205.69
205.893
206.103
206.315
206.519
206.7
206.837
206.927
207
207.03
)
;

boundaryField
{
    inlet
    {
        type            freestreamPressure;
    }
    outlet
    {
        type            freestreamPressure;
    }
    walls
    {
        type            zeroGradient;
    }
    frontAndBack
    {
        type            empty;
    }
}


// ************************************************************************* //
