/*--------------------------------*- C++ -*----------------------------------*\
| =========                 |                                                 |
| \\      /  F ield         | OpenFOAM: The Open Source CFD Toolbox           |
|  \\    /   O peration     | Version:  3.0.0                                 |
|   \\  /    A nd           | Web:      www.OpenFOAM.org                      |
|    \\/     M anipulation  |                                                 |
\*---------------------------------------------------------------------------*/
FoamFile
{
    version     2.0;
    format      ascii;
    class       volScalarField;
    location    "100";
    object      nuTilda;
}
// * * * * * * * * * * * * * * * * * * * * * * * * * * * * * * * * * * * * * //

dimensions      [0 2 -1 0 0 0 0];

internalField   nonuniform List<scalar> 
10720
(
0.0930923
0.0976032
0.102721
0.108286
0.114604
0.121695
0.129706
0.138459
0.147922
0.157731
0.167403
0.176375
0.183821
0.189445
0.193197
0.195287
0.195897
0.195307
0.193641
0.19109
0.187636
0.183364
0.178313
0.172703
0.166955
0.161342
0.155852
0.150344
0.144721
0.138969
0.133079
0.127013
0.120731
0.11418
0.10717
0.0995779
0.0902791
0.0799276
0.0567463
0.0887876
0.0841609
0.0791247
0.0730011
0.0657429
0.0569093
0.0462012
0.0369884
0.0346489
0.0362551
0.0435366
0.0496864
0.0546517
0.0591489
0.0634588
0.0677215
0.0719493
0.076103
0.0801166
0.0839717
0.0876748
0.0912477
0.0947198
0.0980818
0.101147
0.103698
0.105704
0.107218
0.108295
0.108975
0.109301
0.109375
0.10923
0.108826
0.108081
0.106981
0.105086
0.102943
0.0940238
0.10022
0.099816
0.0991256
0.0981749
0.0971543
0.0959984
0.0948018
0.093597
0.0931188
0.0937085
0.095132
0.0973308
0.100484
0.104574
0.109625
0.115382
0.12177
0.128548
0.135521
0.142353
0.148946
0.154862
0.159781
0.163218
0.164714
0.164359
0.162521
0.159554
0.155778
0.15146
0.146805
0.141963
0.137033
0.132113
0.127309
0.122716
0.118555
0.114568
0.110624
0.100636
0.100734
0.10097
0.100737
0.100242
0.0994161
0.0980643
0.095957
0.0930503
0.0895668
0.0854915
0.0812892
0.0771859
0.0731847
0.0694486
0.0660242
0.0629408
0.0602353
0.0579409
0.0560441
0.0545219
0.0533432
0.0525112
0.0519921
0.0517332
0.0517025
0.0518511
0.0521012
0.0524046
0.0528867
0.0543386
0.0570076
0.0603324
0.0636732
0.0666618
0.0693208
0.071554
0.075505
0.0791325
0.121644
0.121465
0.121073
0.120474
0.119784
0.11889
0.117794
0.116551
0.115114
0.113519
0.111803
0.110044
0.108526
0.107415
0.106574
0.105904
0.105425
0.10516
0.104715
0.104253
0.104503
0.105471
0.107186
0.110788
0.117267
0.124406
0.131154
0.136923
0.141561
0.144965
0.147203
0.148406
0.148775
0.148501
0.147788
0.146672
0.145621
0.142899
0.145483
0.121811
0.121771
0.121767
0.121511
0.121055
0.120388
0.119409
0.118115
0.116468
0.114459
0.112137
0.109493
0.106565
0.103415
0.100119
0.0967397
0.0933316
0.0899036
0.0865372
0.0832666
0.0801083
0.0770567
0.0740916
0.0711552
0.0682142
0.0652868
0.0624172
0.0596755
0.057076
0.0546644
0.0524227
0.0512565
0.051468
0.0526643
0.0544406
0.0566693
0.0592894
0.0621526
0.0673098
0.128825
0.128724
0.128528
0.128223
0.127855
0.127374
0.126776
0.126085
0.125262
0.124328
0.123271
0.122095
0.120897
0.119747
0.11863
0.117287
0.115379
0.113161
0.110698
0.108031
0.105238
0.102552
0.100128
0.0982506
0.0973763
0.0977466
0.0990578
0.104046
0.110757
0.118127
0.125586
0.132737
0.139284
0.145116
0.150266
0.154745
0.159039
0.161245
0.166796
0.1289
0.128895
0.12888
0.128746
0.12851
0.12815
0.127633
0.126926
0.126057
0.124915
0.123541
0.122029
0.120289
0.1183
0.116146
0.113823
0.111379
0.10883
0.106168
0.103442
0.100707
0.0979595
0.0951743
0.0922468
0.0891565
0.0859679
0.0826562
0.0792641
0.0758562
0.0724503
0.0690656
0.0657734
0.0626763
0.0599241
0.0574594
0.0565915
0.0571561
0.0580344
0.0609754
0.132439
0.13237
0.132244
0.13205
0.131806
0.131494
0.131106
0.13066
0.130129
0.129518
0.128833
0.12805
0.12717
0.126191
0.125088
0.123868
0.122503
0.120941
0.119134
0.117056
0.11466
0.111963
0.108998
0.105881
0.102817
0.100008
0.0974874
0.0958583
0.0955088
0.0967638
0.101658
0.108657
0.117079
0.126406
0.136255
0.146311
0.156744
0.166545
0.177242
0.132477
0.13248
0.132459
0.132373
0.132221
0.131986
0.131657
0.131215
0.130671
0.130026
0.129174
0.128184
0.12715
0.125945
0.124564
0.123062
0.121431
0.119703
0.117878
0.115907
0.113844
0.111721
0.109518
0.107141
0.104503
0.101684
0.0987181
0.0955622
0.0922491
0.0888379
0.0853318
0.0817544
0.0781418
0.0745273
0.0709162
0.0674443
0.0643972
0.061312
0.0602044
0.134506
0.134466
0.134381
0.134261
0.134102
0.133897
0.133646
0.133349
0.13301
0.132608
0.132146
0.131626
0.13103
0.130367
0.12962
0.12876
0.127784
0.126679
0.125404
0.123931
0.122212
0.120222
0.117924
0.115314
0.112461
0.109415
0.106253
0.103049
0.0999865
0.0972683
0.0956603
0.0955949
0.0993507
0.106074
0.115493
0.127491
0.141962
0.159177
0.17763
0.134529
0.134534
0.134512
0.134462
0.134349
0.1342
0.133962
0.133661
0.133281
0.13284
0.132346
0.131683
0.130925
0.130175
0.129308
0.128293
0.127202
0.126013
0.124764
0.123434
0.121963
0.120393
0.11875
0.116969
0.114962
0.112702
0.110256
0.107653
0.104819
0.101779
0.0985854
0.0952335
0.0917377
0.0881273
0.0844039
0.0805284
0.0765413
0.0721475
0.0655336
0.135822
0.135794
0.135731
0.135641
0.135533
0.135385
0.135206
0.134987
0.134732
0.134452
0.134124
0.133746
0.133316
0.132821
0.132272
0.131658
0.130938
0.130114
0.129188
0.128142
0.12693
0.12552
0.123886
0.122014
0.119913
0.11757
0.114957
0.11207
0.108916
0.105534
0.102117
0.0988669
0.0966958
0.0963471
0.100349
0.108662
0.121859
0.142411
0.168761
0.135844
0.135844
0.13583
0.135785
0.1357
0.13559
0.135441
0.135209
0.134937
0.134602
0.134239
0.133859
0.133323
0.132711
0.132155
0.131504
0.130727
0.129898
0.128997
0.12806
0.127066
0.125931
0.124696
0.123367
0.121888
0.120212
0.11829
0.116199
0.113956
0.111466
0.108749
0.105852
0.102752
0.0994519
0.0959677
0.0922514
0.0882069
0.0838714
0.0752201
0.136728
0.136703
0.136661
0.136586
0.136504
0.136397
0.136266
0.136118
0.135926
0.135706
0.135471
0.135204
0.134903
0.134548
0.134132
0.133682
0.133186
0.132597
0.131896
0.131099
0.130194
0.129148
0.127928
0.126527
0.12497
0.123242
0.121288
0.119073
0.116566
0.113727
0.110534
0.106996
0.103268
0.0997121
0.0973972
0.0990114
0.105808
0.122624
0.152938
0.136738
0.136739
0.136728
0.136688
0.136622
0.13652
0.136416
0.136276
0.13606
0.135811
0.135514
0.135218
0.134923
0.134475
0.133968
0.133543
0.133043
0.132426
0.131774
0.131064
0.130338
0.129568
0.128656
0.127628
0.126504
0.125268
0.123857
0.122209
0.120412
0.118482
0.116302
0.11389
0.111289
0.108457
0.105384
0.102052
0.098287
0.0943235
0.0855974
0.137373
0.137356
0.137326
0.137276
0.137204
0.13712
0.137012
0.136897
0.136768
0.136602
0.136407
0.136191
0.135968
0.135722
0.135412
0.135044
0.134647
0.134223
0.133718
0.133105
0.132403
0.131615
0.130709
0.129655
0.128459
0.127137
0.125663
0.123986
0.122071
0.119887
0.117378
0.114476
0.111125
0.107323
0.10317
0.0997149
0.0994082
0.107223
0.134589
0.137379
0.137387
0.137375
0.137355
0.137293
0.137216
0.137102
0.137002
0.136875
0.136674
0.136447
0.136187
0.135942
0.135713
0.135334
0.134899
0.134571
0.13418
0.133676
0.133146
0.132566
0.131984
0.131368
0.130594
0.129699
0.128734
0.127686
0.126482
0.125046
0.123485
0.121812
0.119891
0.117743
0.115404
0.112812
0.109939
0.106613
0.103115
0.0951103
0.137857
0.137844
0.137818
0.137784
0.137736
0.137667
0.137581
0.137475
0.137369
0.137258
0.137126
0.13695
0.136744
0.136559
0.13636
0.136089
0.135758
0.1354
0.135032
0.134591
0.134037
0.133402
0.132693
0.131892
0.13098
0.129938
0.128776
0.127479
0.125996
0.124294
0.122378
0.120259
0.117814
0.114806
0.110944
0.106344
0.101813
0.100526
0.118953
0.137871
0.137876
0.13787
0.137855
0.137813
0.137746
0.137655
0.137534
0.137439
0.137322
0.137138
0.136936
0.136705
0.1365
0.136328
0.135999
0.135617
0.135362
0.135052
0.134629
0.134187
0.133698
0.133216
0.132699
0.132016
0.131225
0.130381
0.129479
0.128436
0.127164
0.125788
0.124321
0.12261
0.120679
0.118553
0.116155
0.113306
0.110308
0.103308
0.138244
0.138228
0.138205
0.138169
0.138133
0.138085
0.138023
0.137939
0.137839
0.137738
0.137641
0.137546
0.137387
0.137179
0.137023
0.136863
0.136621
0.136314
0.13598
0.135651
0.135258
0.134753
0.134174
0.133532
0.132825
0.132025
0.131095
0.13005
0.128882
0.127538
0.126015
0.124401
0.122663
0.120623
0.117962
0.114251
0.10906
0.101886
0.109462
0.138253
0.138252
0.13825
0.138225
0.1382
0.138156
0.138085
0.137987
0.137864
0.137773
0.137672
0.137507
0.137326
0.137119
0.136949
0.136821
0.136532
0.136188
0.135989
0.135743
0.13538
0.135001
0.134574
0.134156
0.133707
0.133099
0.132389
0.131638
0.13085
0.129936
0.12879
0.127558
0.126257
0.124712
0.122947
0.120988
0.118608
0.116085
0.110139
0.138548
0.138538
0.138522
0.13849
0.138447
0.138402
0.138359
0.138308
0.13823
0.138142
0.138041
0.137952
0.137898
0.137755
0.137537
0.137402
0.137274
0.137057
0.136768
0.136451
0.136152
0.135794
0.135328
0.134799
0.13422
0.133585
0.132865
0.13202
0.131066
0.130001
0.128802
0.127514
0.126162
0.124676
0.122891
0.120384
0.116828
0.108441
0.106905
0.138544
0.13855
0.138543
0.138532
0.138479
0.138459
0.138419
0.138347
0.138247
0.138123
0.138041
0.137956
0.137809
0.137646
0.13746
0.137317
0.137228
0.136971
0.136654
0.1365
0.136302
0.135984
0.13565
0.135262
0.134888
0.134498
0.13395
0.133305
0.132625
0.131929
0.131116
0.130068
0.128951
0.127779
0.126358
0.124722
0.122768
0.120681
0.115726
0.138782
0.138784
0.138772
0.138754
0.13872
0.13867
0.138619
0.138586
0.138546
0.138476
0.138403
0.138297
0.138208
0.138192
0.138064
0.137834
0.137712
0.13761
0.137411
0.137139
0.136835
0.136559
0.13623
0.1358
0.135322
0.134795
0.134213
0.133557
0.132794
0.131948
0.131036
0.13003
0.128927
0.127723
0.126374
0.124594
0.12244
0.116158
0.109555
0.138787
0.138797
0.138797
0.138797
0.138753
0.138689
0.138665
0.138627
0.138556
0.138455
0.138335
0.138263
0.138194
0.138063
0.137917
0.137747
0.137627
0.137571
0.137339
0.137041
0.136923
0.136764
0.136479
0.136176
0.135813
0.135477
0.135135
0.134637
0.134045
0.13342
0.132796
0.132067
0.131095
0.130067
0.128991
0.127664
0.12602
0.124314
0.12025
0.13899
0.13898
0.138973
0.138957
0.138942
0.138911
0.138859
0.138803
0.138779
0.138748
0.138686
0.138627
0.138513
0.138418
0.138437
0.138325
0.138081
0.137968
0.137887
0.137706
0.137447
0.137158
0.136901
0.136598
0.136205
0.135773
0.135294
0.134773
0.13421
0.13357
0.132863
0.132088
0.13121
0.130208
0.129086
0.127674
0.126143
0.122412
0.114619
0.139003
0.139003
0.13901
0.138993
0.13899
0.138934
0.138859
0.138831
0.138796
0.138726
0.138627
0.138514
0.138452
0.138397
0.138282
0.13815
0.137993
0.137892
0.137866
0.137653
0.13737
0.137281
0.137151
0.136889
0.136608
0.136268
0.135964
0.135662
0.135206
0.134656
0.134074
0.133509
0.132846
0.131934
0.130971
0.129966
0.12862
0.12718
0.123884
0.139177
0.139162
0.139148
0.139126
0.139107
0.139097
0.139075
0.139022
0.138961
0.138942
0.138916
0.138861
0.138817
0.138694
0.138589
0.138639
0.138548
0.138292
0.138184
0.138126
0.13796
0.137716
0.137446
0.137212
0.136944
0.1366
0.136228
0.135825
0.13539
0.134918
0.134376
0.133762
0.133072
0.132263
0.131321
0.130149
0.128797
0.126721
0.119906
0.139171
0.139174
0.139172
0.139163
0.139139
0.139136
0.139078
0.138997
0.138966
0.138934
0.138869
0.138776
0.138669
0.138616
0.138575
0.138474
0.138355
0.138207
0.138122
0.138122
0.137926
0.137653
0.137587
0.137478
0.137234
0.136975
0.136652
0.136374
0.136107
0.135686
0.135169
0.134621
0.134102
0.133491
0.132624
0.131712
0.130681
0.129494
0.126791
0.139315
0.139321
0.139308
0.139287
0.139256
0.139234
0.139228
0.139215
0.139162
0.139095
0.139078
0.139054
0.139006
0.138978
0.138848
0.138733
0.138816
0.138753
0.138487
0.138389
0.138358
0.138213
0.137998
0.137772
0.137579
0.137361
0.137076
0.136766
0.136426
0.136051
0.135633
0.135147
0.134588
0.133941
0.133168
0.132208
0.130952
0.129637
0.124388
0.139312
0.139319
0.139315
0.139319
0.139285
0.139258
0.139255
0.139197
0.139111
0.139079
0.139053
0.138994
0.138906
0.138806
0.138762
0.138732
0.138644
0.138536
0.138396
0.138324
0.138349
0.138167
0.137901
0.137852
0.137757
0.137532
0.137293
0.136983
0.136725
0.136486
0.136095
0.135605
0.135083
0.134601
0.134024
0.133196
0.132263
0.131345
0.129154
0.139436
0.139438
0.139438
0.139427
0.139408
0.139369
0.139341
0.139338
0.139332
0.139279
0.139207
0.139189
0.139167
0.13913
0.139123
0.138991
0.13887
0.138988
0.138963
0.138698
0.138619
0.138626
0.138519
0.138352
0.138175
0.13802
0.137846
0.137607
0.137336
0.137037
0.136695
0.136306
0.135851
0.135319
0.134686
0.133913
0.132803
0.131769
0.127864
0.139446
0.139446
0.139451
0.139441
0.139425
0.139387
0.139359
0.139354
0.139297
0.139207
0.139175
0.139158
0.139105
0.139023
0.138929
0.138892
0.138872
0.138797
0.1387
0.138566
0.138506
0.138552
0.138382
0.13812
0.138082
0.137999
0.137792
0.137571
0.137269
0.137026
0.136812
0.136445
0.135977
0.135476
0.13502
0.134464
0.133621
0.132789
0.131058
0.139558
0.139546
0.139541
0.139533
0.139528
0.139511
0.139464
0.13943
0.139428
0.139427
0.139377
0.139303
0.139284
0.139265
0.139246
0.139266
0.139143
0.139019
0.139167
0.13918
0.138939
0.138887
0.138924
0.138847
0.138724
0.138586
0.13846
0.138318
0.138112
0.137873
0.137603
0.137283
0.136911
0.136474
0.135945
0.135315
0.134385
0.133473
0.130518
0.13956
0.139563
0.139566
0.139561
0.139535
0.139512
0.139473
0.139443
0.139438
0.139381
0.139292
0.139262
0.139251
0.139205
0.139128
0.13904
0.13901
0.138999
0.138936
0.138851
0.138721
0.13867
0.138735
0.138574
0.138315
0.138285
0.138209
0.13802
0.137815
0.137515
0.137283
0.137091
0.136745
0.136292
0.135809
0.13537
0.134782
0.134028
0.132573
0.139661
0.139655
0.139641
0.139627
0.139612
0.139611
0.139598
0.139545
0.139503
0.139501
0.139505
0.139461
0.139391
0.139373
0.139362
0.139363
0.139411
0.139304
0.139183
0.139349
0.139387
0.139174
0.139141
0.139192
0.139137
0.139044
0.138939
0.138836
0.13872
0.138545
0.138333
0.13809
0.137792
0.137435
0.136999
0.136477
0.135715
0.134907
0.132593
0.13966
0.139663
0.139661
0.139661
0.139644
0.139614
0.139585
0.139544
0.139515
0.139509
0.139456
0.139367
0.13934
0.139336
0.139296
0.139224
0.139143
0.139119
0.139117
0.139066
0.138991
0.138864
0.138818
0.138899
0.138743
0.138488
0.138462
0.138389
0.138217
0.138026
0.137725
0.137503
0.137328
0.136999
0.136555
0.136092
0.135628
0.135084
0.133849
0.139747
0.139748
0.139737
0.139719
0.139701
0.139678
0.139678
0.139669
0.139613
0.139565
0.139562
0.139571
0.139536
0.139475
0.139466
0.139467
0.139484
0.139548
0.139453
0.139333
0.139507
0.139555
0.13937
0.139347
0.139405
0.139362
0.139291
0.139214
0.139132
0.139037
0.138892
0.138707
0.138489
0.138213
0.137864
0.137438
0.13682
0.136129
0.134265
0.139748
0.139746
0.139746
0.139738
0.139729
0.139712
0.13968
0.139646
0.139605
0.139576
0.139573
0.139523
0.139436
0.139411
0.139413
0.13938
0.139315
0.13924
0.13922
0.139226
0.139188
0.139123
0.138994
0.138951
0.139043
0.138892
0.138641
0.138615
0.138542
0.138388
0.138207
0.137904
0.137688
0.137529
0.137208
0.136775
0.136306
0.135881
0.134922
0.139824
0.139821
0.13982
0.139804
0.139785
0.139762
0.139733
0.139733
0.139728
0.139672
0.139619
0.139618
0.139633
0.139608
0.139558
0.139556
0.139568
0.139596
0.139666
0.139577
0.13947
0.139634
0.139687
0.139529
0.13951
0.139567
0.139533
0.139476
0.139421
0.139357
0.139278
0.139159
0.139001
0.138806
0.138545
0.138212
0.137722
0.137156
0.135642
0.139825
0.139828
0.13983
0.139823
0.1398
0.139786
0.13977
0.139738
0.1397
0.139658
0.139631
0.13963
0.139584
0.1395
0.139477
0.139484
0.139458
0.139401
0.139332
0.139316
0.139327
0.139301
0.139243
0.139109
0.139067
0.139167
0.139021
0.138775
0.138744
0.13867
0.138533
0.13836
0.138054
0.137845
0.137695
0.13738
0.136934
0.136527
0.13577
0.139896
0.139889
0.139883
0.139878
0.13986
0.139839
0.139813
0.139781
0.139779
0.139778
0.139723
0.139668
0.13967
0.139695
0.139683
0.139641
0.139639
0.139659
0.139696
0.13976
0.139679
0.139588
0.139735
0.139789
0.139656
0.13964
0.139692
0.139664
0.139618
0.139579
0.139527
0.139461
0.139364
0.139228
0.139049
0.138809
0.138434
0.137996
0.13678
0.139902
0.139908
0.13991
0.139898
0.139879
0.139852
0.139835
0.13982
0.139787
0.139746
0.139705
0.13968
0.139682
0.13964
0.13956
0.13954
0.139551
0.139532
0.139483
0.139419
0.139405
0.139421
0.139405
0.13935
0.139209
0.139168
0.139272
0.139131
0.13889
0.138852
0.138777
0.138657
0.138489
0.138181
0.137979
0.137832
0.137496
0.137122
0.136464
0.139966
0.139958
0.139944
0.139931
0.139925
0.139908
0.139884
0.139856
0.139822
0.139819
0.139823
0.13977
0.139713
0.139721
0.139756
0.139756
0.139718
0.13971
0.139738
0.139778
0.139833
0.139761
0.139689
0.139815
0.139866
0.13976
0.139745
0.13979
0.139768
0.139729
0.139702
0.13966
0.139603
0.139523
0.139402
0.13924
0.138973
0.138655
0.137704
0.139974
0.139976
0.13997
0.139965
0.139948
0.139925
0.139897
0.139877
0.139862
0.139831
0.139789
0.139748
0.139726
0.13973
0.139693
0.139618
0.1396
0.139614
0.139603
0.139562
0.139501
0.139485
0.139503
0.139496
0.139441
0.139293
0.139253
0.139359
0.139222
0.138988
0.138941
0.138865
0.13876
0.138595
0.13829
0.138097
0.137926
0.137672
0.137083
0.14003
0.140021
0.140009
0.139988
0.139972
0.139965
0.139949
0.139924
0.139894
0.139859
0.139855
0.139863
0.139814
0.139757
0.139769
0.139812
0.139824
0.139787
0.13977
0.139803
0.139849
0.139889
0.139829
0.139777
0.139879
0.139926
0.139844
0.139831
0.139869
0.139852
0.139821
0.1398
0.139766
0.139717
0.139645
0.139541
0.139359
0.139148
0.138433
0.140032
0.140029
0.140025
0.140019
0.140009
0.13999
0.139965
0.139935
0.139913
0.139899
0.139869
0.139828
0.139788
0.139769
0.139776
0.139742
0.139673
0.139658
0.139674
0.139669
0.139635
0.139575
0.139555
0.139574
0.139573
0.139517
0.139364
0.139325
0.13943
0.139298
0.139072
0.139014
0.138938
0.138848
0.138679
0.138389
0.138192
0.138101
0.137641
0.140079
0.140076
0.140065
0.140048
0.140027
0.140007
0.139999
0.139986
0.13996
0.139928
0.139893
0.139889
0.139903
0.139858
0.139801
0.139814
0.139862
0.139883
0.139847
0.139819
0.139858
0.13991
0.139935
0.139886
0.139852
0.139931
0.139972
0.139913
0.139903
0.139933
0.139922
0.139897
0.139881
0.139853
0.139809
0.139748
0.139629
0.139498
0.138985
0.140082
0.14009
0.140095
0.14007
0.140058
0.140047
0.140026
0.139999
0.139968
0.139945
0.139932
0.139905
0.139864
0.139826
0.13981
0.139819
0.13979
0.139725
0.139712
0.13973
0.139729
0.1397
0.13964
0.139614
0.139632
0.139638
0.139581
0.139422
0.139384
0.139487
0.139362
0.139144
0.139075
0.139001
0.13892
0.138753
0.138483
0.138386
0.138086
0.140127
0.140118
0.140113
0.1401
0.140083
0.14006
0.140037
0.140029
0.14002
0.139993
0.13996
0.139925
0.139921
0.139941
0.139903
0.139844
0.139856
0.139906
0.139935
0.139899
0.13986
0.139906
0.139962
0.139973
0.139937
0.139917
0.139976
0.140009
0.139971
0.139962
0.139987
0.13998
0.139961
0.139949
0.139925
0.139888
0.139814
0.13974
0.139386
0.140142
0.140152
0.140149
0.140135
0.14011
0.140093
0.14008
0.140057
0.140028
0.139996
0.139974
0.139963
0.139939
0.139898
0.139861
0.139849
0.139861
0.139834
0.139774
0.139762
0.13978
0.139783
0.139757
0.139695
0.139663
0.13968
0.139692
0.139635
0.139471
0.139434
0.139533
0.139416
0.139207
0.139127
0.139059
0.13899
0.138829
0.138668
0.138412
0.140184
0.140166
0.140151
0.140143
0.140131
0.140114
0.14009
0.140065
0.140057
0.140052
0.140027
0.139992
0.139955
0.139951
0.139976
0.139945
0.139885
0.139891
0.139943
0.139979
0.139942
0.139898
0.139949
0.140006
0.140007
0.139982
0.139973
0.140015
0.140042
0.14002
0.140014
0.140033
0.140031
0.140018
0.140007
0.139989
0.139942
0.139904
0.139667
0.140193
0.140195
0.140185
0.14018
0.140168
0.140144
0.140123
0.140108
0.140084
0.140054
0.140022
0.140001
0.139991
0.13997
0.139931
0.139895
0.139886
0.1399
0.139877
0.139819
0.139806
0.139824
0.139829
0.139805
0.139741
0.139704
0.139718
0.139736
0.139679
0.139513
0.139476
0.139571
0.139463
0.139263
0.139179
0.139129
0.13907
0.138969
0.13871
0.140226
0.140218
0.140198
0.140179
0.140171
0.14016
0.140144
0.14012
0.140093
0.140084
0.140082
0.140059
0.140022
0.139983
0.139978
0.140008
0.139985
0.139922
0.139922
0.139975
0.140016
0.139978
0.139934
0.139987
0.140042
0.140037
0.140021
0.140023
0.140051
0.140071
0.140062
0.14006
0.140073
0.140075
0.140066
0.14006
0.140033
0.140018
0.13986
0.14023
0.140235
0.140233
0.140212
0.140207
0.140196
0.140169
0.140147
0.140131
0.140108
0.140078
0.140046
0.140026
0.140019
0.140001
0.139963
0.139927
0.139919
0.139937
0.139917
0.139861
0.139845
0.139862
0.139868
0.139845
0.139781
0.139738
0.139748
0.139773
0.139718
0.13955
0.139513
0.139604
0.139505
0.139318
0.139247
0.139219
0.139197
0.138998
0.140259
0.140252
0.140245
0.140225
0.140206
0.140197
0.140188
0.140174
0.140151
0.140121
0.14011
0.140111
0.140089
0.140051
0.140011
0.140003
0.140035
0.140019
0.139956
0.139948
0.140001
0.140045
0.140008
0.139969
0.14002
0.14007
0.140063
0.140054
0.140064
0.140084
0.140099
0.140099
0.1401
0.140111
0.140114
0.140112
0.140098
0.140098
0.139993
0.140271
0.14028
0.140279
0.14026
0.140243
0.140233
0.140218
0.14019
0.140167
0.140152
0.14013
0.1401
0.14007
0.14005
0.140045
0.14003
0.139993
0.139957
0.139951
0.13997
0.139954
0.139898
0.139878
0.139893
0.1399
0.139877
0.139815
0.139766
0.139773
0.139805
0.139751
0.139583
0.139545
0.139632
0.139543
0.139379
0.139326
0.139343
0.139225
0.140299
0.140284
0.140275
0.140269
0.140251
0.140232
0.140224
0.140217
0.140204
0.140181
0.140148
0.140135
0.140137
0.140119
0.14008
0.140037
0.140027
0.140059
0.140049
0.139986
0.139971
0.140026
0.140069
0.140035
0.140004
0.140049
0.140092
0.140086
0.140083
0.140097
0.140114
0.140125
0.140131
0.140136
0.140144
0.140152
0.140146
0.140154
0.140085
0.140311
0.140318
0.140314
0.140301
0.140286
0.140269
0.140255
0.140235
0.140207
0.140185
0.14017
0.140151
0.140122
0.140092
0.140073
0.14007
0.140059
0.140023
0.139987
0.13998
0.14
0.139987
0.139932
0.139906
0.13992
0.139926
0.139904
0.139846
0.139791
0.139793
0.139831
0.139779
0.139614
0.139573
0.139656
0.139586
0.139441
0.139431
0.139377
0.140336
0.140323
0.140307
0.140299
0.140295
0.140279
0.14026
0.140251
0.140244
0.140234
0.140211
0.140176
0.140159
0.140162
0.140146
0.140107
0.140062
0.140049
0.140078
0.140074
0.140011
0.139993
0.140049
0.140089
0.14006
0.140037
0.140076
0.140112
0.140109
0.14011
0.140126
0.14014
0.14015
0.140159
0.140168
0.140178
0.14018
0.140195
0.140149
0.140343
0.140352
0.140346
0.140331
0.140325
0.140309
0.140289
0.140272
0.140251
0.140222
0.140201
0.140189
0.140172
0.140144
0.140114
0.140095
0.140094
0.140085
0.140051
0.140015
0.140006
0.140025
0.140017
0.13996
0.139929
0.139943
0.139947
0.139926
0.139873
0.139812
0.13981
0.139852
0.139802
0.139641
0.139602
0.139685
0.139627
0.139526
0.139462
0.140365
0.140357
0.140344
0.140331
0.140326
0.140323
0.140309
0.140289
0.140278
0.14027
0.140261
0.140239
0.140202
0.140182
0.140184
0.140171
0.140131
0.140086
0.140069
0.140094
0.140095
0.140034
0.140015
0.140071
0.140105
0.140083
0.140069
0.140101
0.14013
0.140131
0.140134
0.14015
0.140165
0.140175
0.140185
0.140198
0.140204
0.140224
0.140194
0.140373
0.140381
0.140376
0.140359
0.140355
0.140347
0.140325
0.140303
0.140287
0.140266
0.140237
0.140216
0.140207
0.140192
0.140166
0.140137
0.140117
0.140117
0.140111
0.140078
0.140041
0.14003
0.140047
0.140043
0.139985
0.139949
0.139962
0.139964
0.139944
0.139896
0.13983
0.139824
0.139869
0.13982
0.139667
0.139639
0.139715
0.139686
0.139547
0.140391
0.140382
0.140376
0.140368
0.140358
0.140354
0.140353
0.140339
0.140317
0.140302
0.140294
0.140286
0.140265
0.140228
0.140205
0.140205
0.140193
0.140154
0.140107
0.140088
0.140108
0.14011
0.140054
0.140036
0.140089
0.140118
0.140101
0.140097
0.140123
0.140146
0.140151
0.140157
0.140172
0.140187
0.140198
0.140211
0.140221
0.140244
0.140225
0.1404
0.140406
0.140403
0.140387
0.140378
0.140372
0.140361
0.140335
0.140314
0.1403
0.140281
0.140253
0.140232
0.140225
0.140213
0.140188
0.140158
0.140138
0.140138
0.140134
0.140103
0.140066
0.140051
0.140065
0.140065
0.140008
0.139967
0.13998
0.139979
0.13996
0.139916
0.139846
0.139835
0.139881
0.13983
0.139696
0.139677
0.13976
0.139681
0.140417
0.140405
0.140398
0.140399
0.140393
0.140384
0.14038
0.140381
0.140367
0.140343
0.140326
0.140317
0.140309
0.140289
0.140252
0.140227
0.140225
0.140214
0.140174
0.140128
0.140106
0.140121
0.140121
0.140073
0.140058
0.140106
0.140129
0.140118
0.140121
0.140143
0.140162
0.14017
0.140178
0.140193
0.140208
0.140221
0.140232
0.140258
0.140246
0.140421
0.14043
0.140425
0.140411
0.140406
0.140394
0.140382
0.140369
0.140345
0.140325
0.140314
0.140297
0.14027
0.140249
0.140243
0.140233
0.14021
0.14018
0.140158
0.140158
0.140155
0.140126
0.140089
0.140069
0.14008
0.140084
0.140028
0.139983
0.139994
0.139992
0.139973
0.139934
0.139858
0.139844
0.13989
0.139836
0.139719
0.139732
0.139743
0.140438
0.140429
0.140422
0.140424
0.140422
0.140417
0.140408
0.140403
0.140403
0.140392
0.140368
0.14035
0.140341
0.140332
0.140312
0.140277
0.140249
0.140245
0.140234
0.140194
0.140147
0.140124
0.140134
0.140132
0.140092
0.14008
0.140121
0.140139
0.140133
0.140141
0.14016
0.140176
0.140186
0.140198
0.140211
0.140228
0.14024
0.140265
0.14026
0.14044
0.140448
0.140444
0.14043
0.140431
0.140424
0.140402
0.140387
0.140375
0.140355
0.140338
0.14033
0.140315
0.140288
0.140267
0.14026
0.140252
0.140231
0.140201
0.140178
0.140175
0.140175
0.140147
0.14011
0.140085
0.140092
0.140101
0.140048
0.139996
0.140005
0.140003
0.139983
0.139948
0.139869
0.139851
0.139895
0.139833
0.13976
0.139732
0.140451
0.140446
0.140447
0.140449
0.140445
0.140444
0.140442
0.140431
0.140423
0.140423
0.140414
0.140393
0.140375
0.140366
0.140356
0.140335
0.1403
0.140271
0.140265
0.140254
0.140214
0.140165
0.140143
0.140149
0.140144
0.140111
0.140101
0.140135
0.14015
0.140147
0.140158
0.140176
0.14019
0.140202
0.140215
0.14023
0.140244
0.140271
0.140269
0.140455
0.140456
0.140454
0.140445
0.140439
0.140438
0.140429
0.140408
0.140394
0.140384
0.140367
0.140352
0.140346
0.140333
0.140306
0.140284
0.140276
0.140269
0.140251
0.140222
0.140196
0.140191
0.140191
0.140167
0.140129
0.140099
0.140103
0.140115
0.140066
0.140008
0.140014
0.140012
0.139992
0.13996
0.139877
0.139859
0.139893
0.139851
0.139757
0.14046
0.140455
0.140456
0.140459
0.140459
0.140458
0.14046
0.140458
0.140449
0.140444
0.140444
0.140437
0.140416
0.140399
0.14039
0.140379
0.140358
0.140323
0.140291
0.140283
0.140274
0.140233
0.140182
0.140162
0.140165
0.140156
0.140128
0.140121
0.140148
0.140162
0.140161
0.140173
0.14019
0.140203
0.140216
0.140232
0.140245
0.140272
0.140273
0.14046
0.140457
0.140455
0.140453
0.140446
0.14044
0.140437
0.14043
0.140416
0.140405
0.140395
0.14038
0.140366
0.140361
0.140351
0.140324
0.140301
0.140292
0.140285
0.14027
0.140243
0.140214
0.140206
0.140206
0.140184
0.140147
0.140113
0.140111
0.140127
0.140083
0.140019
0.140022
0.14002
0.139998
0.13997
0.139887
0.139863
0.139902
0.139834
0.140463
0.140463
0.14046
0.140462
0.140464
0.140464
0.140465
0.140468
0.140467
0.140461
0.140458
0.140461
0.140456
0.140437
0.140419
0.14041
0.140401
0.14038
0.140345
0.140312
0.140302
0.140295
0.140252
0.1402
0.14018
0.14018
0.140167
0.140144
0.140139
0.14016
0.140172
0.140175
0.140186
0.140203
0.140217
0.140231
0.140245
0.140271
0.140273
0.14046
0.140461
0.140458
0.140453
0.140451
0.140445
0.140437
0.140434
0.14043
0.140422
0.140415
0.140408
0.140394
0.140378
0.140374
0.140367
0.140342
0.140318
0.140308
0.140301
0.140287
0.140262
0.140232
0.14022
0.14022
0.1402
0.140164
0.140128
0.14012
0.140136
0.140098
0.140029
0.140028
0.140027
0.140003
0.139975
0.139894
0.139875
0.139887
0.140463
0.140465
0.140467
0.140466
0.140467
0.140469
0.14047
0.140471
0.140474
0.140474
0.140469
0.140467
0.140471
0.140469
0.140454
0.140438
0.14043
0.140422
0.140403
0.14037
0.140335
0.140323
0.140314
0.140271
0.140219
0.140198
0.140193
0.140176
0.140158
0.140155
0.14017
0.140182
0.140188
0.140199
0.140215
0.14023
0.140242
0.140268
0.140272
0.140463
0.140465
0.140462
0.140455
0.140451
0.140449
0.140443
0.140435
0.140432
0.140429
0.140424
0.140421
0.140416
0.140404
0.140391
0.140385
0.14038
0.140359
0.140335
0.140324
0.140317
0.140303
0.14028
0.14025
0.140234
0.140233
0.140214
0.140179
0.140144
0.140129
0.140144
0.140111
0.14004
0.140033
0.140034
0.140005
0.139974
0.139907
0.139871
0.140466
0.140464
0.140467
0.140471
0.140472
0.140473
0.140475
0.140477
0.140478
0.14048
0.14048
0.140475
0.140474
0.140478
0.140478
0.140466
0.140454
0.14045
0.140445
0.140428
0.140396
0.140362
0.140347
0.140333
0.140289
0.140241
0.140218
0.140205
0.140184
0.140169
0.140169
0.140179
0.14019
0.140199
0.14021
0.140227
0.14024
0.140264
0.140266
0.140466
0.140464
0.140462
0.140458
0.140452
0.140447
0.140445
0.14044
0.140434
0.14043
0.140428
0.140425
0.140423
0.140421
0.140411
0.1404
0.140396
0.140393
0.140376
0.140353
0.140341
0.140333
0.140319
0.140298
0.140268
0.14025
0.140246
0.140227
0.140194
0.140159
0.140139
0.14015
0.140124
0.140052
0.140039
0.140041
0.140007
0.139973
0.139908
0.140467
0.140467
0.140467
0.140471
0.140475
0.140477
0.140478
0.140481
0.140482
0.140484
0.140486
0.140486
0.140482
0.14048
0.140484
0.140485
0.140476
0.140466
0.140464
0.140462
0.140452
0.140424
0.140389
0.140373
0.140355
0.140311
0.140262
0.140236
0.140216
0.140192
0.14018
0.14018
0.140187
0.140197
0.140208
0.140222
0.140235
0.140259
0.140256
0.140464
0.140463
0.14046
0.140457
0.140453
0.140447
0.140442
0.14044
0.140437
0.140433
0.14043
0.140428
0.140425
0.140424
0.140422
0.140415
0.140406
0.140403
0.140403
0.140389
0.140369
0.140357
0.140351
0.140338
0.140316
0.140288
0.140269
0.14026
0.140241
0.140209
0.140176
0.140152
0.140157
0.140136
0.140064
0.140045
0.140048
0.14001
0.139965
0.140465
0.140467
0.140469
0.140471
0.140474
0.140479
0.140482
0.140483
0.140486
0.140488
0.140489
0.140492
0.140492
0.140489
0.140487
0.14049
0.140492
0.140484
0.140476
0.140474
0.140474
0.140468
0.140445
0.140417
0.140398
0.140376
0.140334
0.140286
0.140253
0.140227
0.140202
0.140188
0.140189
0.140195
0.140204
0.140217
0.140228
0.140253
0.140246
0.140463
0.140463
0.14046
0.140455
0.140451
0.140448
0.140442
0.140438
0.140437
0.140435
0.140431
0.140429
0.140427
0.140425
0.140424
0.140422
0.140416
0.140409
0.140407
0.140407
0.140397
0.140381
0.140372
0.140368
0.140356
0.140335
0.140308
0.140289
0.140278
0.140258
0.140227
0.140194
0.140167
0.140167
0.140147
0.140079
0.140053
0.140055
0.14001
0.140464
0.140465
0.140469
0.140472
0.140474
0.140478
0.140483
0.140486
0.140488
0.140491
0.140493
0.140495
0.140497
0.140498
0.140495
0.140493
0.140497
0.140498
0.140492
0.140484
0.140481
0.140483
0.140479
0.140461
0.140439
0.140423
0.140397
0.140356
0.14031
0.140272
0.140239
0.140211
0.140196
0.140195
0.1402
0.14021
0.140222
0.140246
0.140237
0.140463
0.14046
0.140458
0.140454
0.140449
0.140445
0.140441
0.140437
0.140434
0.140434
0.140433
0.14043
0.140428
0.140427
0.140424
0.140423
0.140422
0.140416
0.14041
0.140409
0.140409
0.140401
0.140388
0.140382
0.140379
0.140369
0.140352
0.140329
0.140313
0.140303
0.140279
0.140249
0.140216
0.140186
0.14018
0.140158
0.140094
0.140063
0.140057
0.140463
0.140464
0.140466
0.140471
0.140475
0.140478
0.140482
0.140487
0.140491
0.140493
0.140495
0.140498
0.1405
0.140502
0.140504
0.140502
0.1405
0.140503
0.140505
0.140499
0.140492
0.140489
0.140491
0.140488
0.140474
0.140456
0.140442
0.140419
0.140378
0.140332
0.14029
0.140253
0.140221
0.140201
0.1402
0.140207
0.140213
0.140236
0.140231
0.14046
0.140457
0.140455
0.140451
0.140447
0.140442
0.140438
0.140436
0.140433
0.140431
0.140431
0.140431
0.140428
0.140427
0.140425
0.140423
0.140422
0.14042
0.140416
0.14041
0.140409
0.140409
0.140402
0.140392
0.140387
0.140385
0.140377
0.140364
0.140346
0.140333
0.140324
0.140303
0.140275
0.140247
0.140214
0.1402
0.140175
0.140111
0.140082
0.140459
0.140462
0.140465
0.140469
0.140473
0.140478
0.140482
0.140485
0.140491
0.140495
0.140497
0.1405
0.140502
0.140505
0.140507
0.140509
0.140508
0.140506
0.140509
0.140511
0.140507
0.140499
0.140497
0.140498
0.140495
0.140482
0.140469
0.140459
0.140436
0.140397
0.140353
0.140308
0.140265
0.140231
0.140208
0.140203
0.140207
0.140227
0.140222
0.140457
0.140455
0.140452
0.140448
0.140443
0.140439
0.140435
0.140432
0.140431
0.140429
0.140428
0.140428
0.140428
0.140426
0.140425
0.140423
0.140422
0.14042
0.140419
0.140414
0.140409
0.140408
0.140408
0.140402
0.140393
0.140388
0.140387
0.140382
0.140371
0.140357
0.140347
0.140341
0.140325
0.140301
0.140278
0.14025
0.140227
0.140195
0.140143
0.140456
0.140459
0.140463
0.140467
0.140471
0.140476
0.140482
0.140485
0.140489
0.140495
0.140499
0.140501
0.140504
0.140507
0.140509
0.140512
0.140514
0.140513
0.140512
0.140515
0.140517
0.140514
0.140507
0.140504
0.140505
0.140501
0.140491
0.14048
0.14047
0.140452
0.140417
0.140373
0.140327
0.140278
0.140237
0.140217
0.140202
0.140214
0.140219
0.140454
0.140452
0.140449
0.140444
0.140439
0.140435
0.140431
0.140428
0.140427
0.140427
0.140426
0.140424
0.140425
0.140425
0.140423
0.140422
0.140421
0.140419
0.140417
0.140416
0.140412
0.140408
0.140406
0.140406
0.140401
0.140393
0.140389
0.140387
0.140384
0.140375
0.140363
0.140354
0.140351
0.140341
0.140321
0.140301
0.140281
0.140251
0.140226
0.140453
0.140455
0.140459
0.140465
0.140469
0.140474
0.140479
0.140485
0.140489
0.140493
0.140498
0.140503
0.140505
0.140508
0.140511
0.140514
0.140517
0.14052
0.140519
0.140518
0.14052
0.140523
0.14052
0.140514
0.140512
0.140511
0.140507
0.140498
0.14049
0.14048
0.140464
0.140435
0.140391
0.140342
0.140295
0.140248
0.140214
0.140215
0.140215
0.14045
0.140447
0.140444
0.14044
0.140435
0.14043
0.140427
0.140425
0.140423
0.140422
0.140422
0.140422
0.14042
0.140421
0.140421
0.140419
0.140418
0.140417
0.140415
0.140414
0.140413
0.140409
0.140405
0.140404
0.140403
0.1404
0.140392
0.140388
0.140387
0.140385
0.140377
0.140366
0.140359
0.140358
0.140351
0.140334
0.140318
0.1403
0.140282
0.140449
0.140452
0.140456
0.140461
0.140466
0.140472
0.140477
0.140482
0.140488
0.140492
0.140496
0.140501
0.140506
0.140509
0.140512
0.140515
0.140518
0.140522
0.140525
0.140525
0.140524
0.140526
0.140529
0.140527
0.140521
0.140518
0.140517
0.140512
0.140504
0.140497
0.140489
0.140474
0.140449
0.140413
0.140361
0.140305
0.140257
0.140227
0.14022
0.140446
0.140443
0.14044
0.140435
0.14043
0.140425
0.140422
0.14042
0.140419
0.140418
0.140417
0.140418
0.140417
0.140416
0.140416
0.140416
0.140415
0.140414
0.140413
0.140411
0.14041
0.140409
0.140406
0.140402
0.1404
0.1404
0.140397
0.140391
0.140386
0.140385
0.140385
0.140378
0.140368
0.140362
0.140362
0.140357
0.140343
0.140327
0.140317
0.140444
0.140448
0.140452
0.140458
0.140463
0.140468
0.140474
0.14048
0.140485
0.140491
0.140495
0.1405
0.140505
0.140509
0.140513
0.140516
0.14052
0.140523
0.140526
0.14053
0.14053
0.14053
0.140532
0.140535
0.140532
0.140527
0.140524
0.140523
0.140518
0.14051
0.140503
0.140497
0.140484
0.140461
0.140426
0.14038
0.140321
0.140266
0.140242
0.140441
0.140438
0.140435
0.14043
0.140424
0.14042
0.140417
0.140414
0.140413
0.140413
0.140412
0.140412
0.140412
0.140411
0.14041
0.140411
0.140411
0.14041
0.140408
0.140407
0.140406
0.140405
0.140404
0.140402
0.140398
0.140397
0.140397
0.140394
0.140389
0.140384
0.140384
0.140383
0.140378
0.140368
0.140363
0.140365
0.140362
0.140348
0.140338
0.140439
0.140443
0.140448
0.140454
0.140459
0.140465
0.140471
0.140477
0.140482
0.140488
0.140493
0.140498
0.140502
0.140507
0.140512
0.140516
0.14052
0.140524
0.140527
0.140531
0.140535
0.140536
0.140536
0.140538
0.14054
0.140537
0.140533
0.140531
0.140528
0.140523
0.140516
0.14051
0.140503
0.140492
0.140473
0.140439
0.140395
0.14033
0.140279
0.140436
0.140432
0.140429
0.140424
0.140419
0.140414
0.140411
0.140409
0.140407
0.140406
0.140406
0.140405
0.140405
0.140406
0.140405
0.140404
0.140405
0.140405
0.140404
0.140403
0.140402
0.140401
0.1404
0.140399
0.140397
0.140394
0.140393
0.140393
0.140391
0.140386
0.140382
0.140381
0.140382
0.140378
0.140369
0.140364
0.140366
0.140363
0.140354
0.140434
0.140438
0.140443
0.140449
0.140455
0.140461
0.140467
0.140473
0.140479
0.140484
0.14049
0.140496
0.1405
0.140505
0.14051
0.140515
0.14052
0.140524
0.140528
0.140531
0.140536
0.140539
0.140541
0.140541
0.140543
0.140544
0.140542
0.140539
0.140536
0.140533
0.140528
0.140522
0.140516
0.140509
0.140499
0.140482
0.140454
0.1404
0.140342
0.14043
0.140427
0.140423
0.140418
0.140412
0.140407
0.140404
0.140402
0.140401
0.1404
0.140399
0.140399
0.140398
0.140398
0.140399
0.140398
0.140398
0.140398
0.140398
0.140397
0.140396
0.140396
0.140395
0.140394
0.140394
0.140392
0.140389
0.140388
0.140389
0.140387
0.140383
0.140379
0.140379
0.140379
0.140376
0.140368
0.140364
0.140366
0.140367
0.140428
0.140432
0.140437
0.140443
0.140449
0.140456
0.140462
0.140468
0.140474
0.14048
0.140486
0.140492
0.140497
0.140502
0.140507
0.140513
0.140518
0.140523
0.140527
0.140532
0.140536
0.14054
0.140544
0.140546
0.140546
0.140547
0.140549
0.140547
0.140544
0.140542
0.140539
0.140534
0.140527
0.140521
0.140515
0.140505
0.14049
0.140459
0.140411
0.140424
0.140421
0.140417
0.140411
0.140405
0.140401
0.140397
0.140395
0.140393
0.140392
0.140391
0.140391
0.140391
0.140391
0.140391
0.140391
0.140391
0.14039
0.140391
0.140391
0.14039
0.140389
0.140389
0.140388
0.140388
0.140388
0.140387
0.140384
0.140383
0.140384
0.140383
0.140379
0.140376
0.140375
0.140376
0.140375
0.140368
0.140363
0.140367
0.140422
0.140426
0.140431
0.140438
0.140444
0.14045
0.140457
0.140463
0.140469
0.140475
0.140481
0.140487
0.140493
0.140499
0.140504
0.140509
0.140515
0.140521
0.140526
0.140531
0.140536
0.14054
0.140544
0.140548
0.14055
0.14055
0.140552
0.140553
0.140552
0.14055
0.140547
0.140544
0.140539
0.140533
0.140526
0.140519
0.140511
0.140497
0.140467
0.140418
0.140414
0.14041
0.140404
0.140398
0.140393
0.14039
0.140388
0.140385
0.140384
0.140383
0.140382
0.140382
0.140382
0.140382
0.140383
0.140383
0.140383
0.140383
0.140383
0.140383
0.140383
0.140382
0.140382
0.140382
0.140382
0.140382
0.140381
0.140378
0.140378
0.140379
0.140378
0.140374
0.140372
0.140371
0.140372
0.140372
0.140365
0.140363
0.140415
0.140419
0.140425
0.140431
0.140438
0.140444
0.140451
0.140457
0.140464
0.14047
0.140476
0.140482
0.140488
0.140494
0.1405
0.140506
0.140511
0.140517
0.140523
0.140529
0.140534
0.140539
0.140544
0.140548
0.140552
0.140554
0.140555
0.140556
0.140557
0.140556
0.140555
0.140552
0.140549
0.140544
0.140538
0.140532
0.140525
0.140517
0.1405
0.14041
0.140406
0.140402
0.140396
0.14039
0.140386
0.140382
0.140379
0.140377
0.140375
0.140374
0.140373
0.140373
0.140373
0.140373
0.140374
0.140374
0.140374
0.140374
0.140374
0.140374
0.140375
0.140375
0.140374
0.140374
0.140374
0.140374
0.140374
0.140374
0.140372
0.140371
0.140372
0.140372
0.140369
0.140367
0.140366
0.140368
0.140367
0.140364
0.140407
0.140412
0.140418
0.140425
0.140431
0.140438
0.140444
0.140451
0.140457
0.140464
0.14047
0.140476
0.140482
0.140488
0.140494
0.140501
0.140507
0.140513
0.140519
0.140525
0.140532
0.140538
0.140543
0.140547
0.140551
0.140555
0.140557
0.140559
0.14056
0.140561
0.140561
0.14056
0.140557
0.140554
0.14055
0.140544
0.140537
0.140529
0.140522
0.140403
0.140399
0.140395
0.140388
0.140382
0.140377
0.140374
0.14037
0.140368
0.140365
0.140364
0.140363
0.140363
0.140363
0.140364
0.140364
0.140364
0.140365
0.140365
0.140365
0.140365
0.140365
0.140366
0.140366
0.140365
0.140365
0.140365
0.140365
0.140366
0.140365
0.140364
0.140363
0.140364
0.140364
0.140362
0.14036
0.140361
0.140362
0.140363
0.140399
0.140404
0.14041
0.140417
0.140424
0.14043
0.140437
0.140444
0.14045
0.140457
0.140463
0.140469
0.140475
0.140482
0.140488
0.140495
0.140501
0.140508
0.140514
0.140521
0.140528
0.140534
0.14054
0.140545
0.14055
0.140554
0.140558
0.14056
0.140562
0.140564
0.140565
0.140565
0.140564
0.140562
0.140559
0.140555
0.140549
0.140542
0.140537
0.140395
0.140391
0.140387
0.14038
0.140373
0.140368
0.140365
0.140361
0.140358
0.140355
0.140354
0.140353
0.140353
0.140353
0.140353
0.140353
0.140354
0.140354
0.140354
0.140355
0.140355
0.140354
0.140355
0.140355
0.140355
0.140355
0.140355
0.140356
0.140356
0.140356
0.140356
0.140355
0.140355
0.140356
0.140356
0.140355
0.140353
0.140353
0.140356
0.140391
0.140396
0.140402
0.140409
0.140416
0.140422
0.140429
0.140436
0.140442
0.140449
0.140455
0.140461
0.140468
0.140474
0.140481
0.140488
0.140494
0.140502
0.140509
0.140516
0.140523
0.14053
0.140536
0.140542
0.140547
0.140552
0.140556
0.14056
0.140563
0.140566
0.140568
0.140569
0.140569
0.140569
0.140567
0.140564
0.140561
0.140554
0.140548
0.140386
0.140382
0.140378
0.140371
0.140364
0.140359
0.140355
0.140351
0.140347
0.140344
0.140343
0.140342
0.140341
0.140341
0.140342
0.140342
0.140342
0.140342
0.140342
0.140343
0.140343
0.140343
0.140343
0.140343
0.140344
0.140344
0.140345
0.140345
0.140345
0.140346
0.140346
0.140347
0.140346
0.140346
0.140347
0.140348
0.140347
0.140346
0.140347
0.140382
0.140388
0.140394
0.140401
0.140407
0.140414
0.14042
0.140427
0.140433
0.14044
0.140446
0.140453
0.140459
0.140466
0.140473
0.14048
0.140487
0.140494
0.140501
0.140509
0.140516
0.140524
0.140531
0.140538
0.140544
0.140549
0.140554
0.140559
0.140563
0.140566
0.140569
0.140571
0.140573
0.140574
0.140573
0.140572
0.14057
0.140565
0.140561
0.140377
0.140373
0.140368
0.140361
0.140355
0.14035
0.140345
0.14034
0.140336
0.140333
0.140331
0.14033
0.140329
0.140329
0.140329
0.140329
0.140329
0.14033
0.14033
0.14033
0.14033
0.140331
0.140331
0.140331
0.140332
0.140333
0.140333
0.140334
0.140335
0.140335
0.140336
0.140337
0.140337
0.140337
0.140337
0.140339
0.14034
0.14034
0.14034
0.140373
0.140378
0.140385
0.140391
0.140398
0.140404
0.140411
0.140417
0.140423
0.14043
0.140436
0.140443
0.140449
0.140456
0.140463
0.14047
0.140478
0.140485
0.140493
0.140501
0.140509
0.140517
0.140525
0.140532
0.140538
0.140544
0.14055
0.140555
0.14056
0.140565
0.140569
0.140572
0.140575
0.140577
0.140578
0.140578
0.140577
0.140575
0.140572
0.140368
0.140364
0.140359
0.140351
0.140344
0.14034
0.140334
0.140329
0.140324
0.140321
0.140319
0.140318
0.140317
0.140316
0.140316
0.140316
0.140316
0.140316
0.140317
0.140317
0.140317
0.140318
0.140318
0.140319
0.14032
0.140321
0.140322
0.140323
0.140324
0.140325
0.140326
0.140327
0.140329
0.14033
0.14033
0.14033
0.140332
0.140334
0.140335
0.140363
0.140368
0.140375
0.140382
0.140388
0.140394
0.1404
0.140406
0.140413
0.140419
0.140426
0.140432
0.140439
0.140446
0.140453
0.14046
0.140468
0.140475
0.140484
0.140492
0.1405
0.140509
0.140517
0.140524
0.140531
0.140538
0.140544
0.14055
0.140556
0.140562
0.140567
0.140571
0.140575
0.140578
0.14058
0.140582
0.140582
0.140582
0.140581
0.140358
0.140354
0.140349
0.140341
0.140334
0.140329
0.140323
0.140317
0.140312
0.140309
0.140306
0.140304
0.140303
0.140302
0.140302
0.140302
0.140302
0.140303
0.140303
0.140304
0.140305
0.140305
0.140306
0.140308
0.140309
0.14031
0.140311
0.140313
0.140314
0.140316
0.140317
0.140318
0.14032
0.140322
0.140323
0.140324
0.140325
0.140326
0.14033
0.140353
0.140358
0.140364
0.140371
0.140377
0.140383
0.140389
0.140395
0.140401
0.140407
0.140414
0.14042
0.140427
0.140434
0.140441
0.140448
0.140456
0.140464
0.140473
0.140481
0.14049
0.140499
0.140507
0.140515
0.140523
0.14053
0.140537
0.140544
0.14055
0.140557
0.140563
0.140568
0.140573
0.140577
0.140581
0.140584
0.140586
0.140587
0.140588
0.140348
0.140343
0.140338
0.14033
0.140323
0.140318
0.140311
0.140305
0.1403
0.140296
0.140292
0.14029
0.140289
0.140288
0.140288
0.140289
0.140289
0.14029
0.140291
0.140292
0.140293
0.140294
0.140295
0.140296
0.140298
0.1403
0.140301
0.140303
0.140305
0.140306
0.140308
0.14031
0.140311
0.140313
0.140315
0.140317
0.140318
0.14032
0.140323
0.140342
0.140347
0.140353
0.14036
0.140365
0.140371
0.140377
0.140383
0.140389
0.140395
0.140401
0.140407
0.140414
0.140421
0.140428
0.140435
0.140443
0.140451
0.14046
0.140469
0.140477
0.140487
0.140496
0.140504
0.140512
0.14052
0.140527
0.140535
0.140542
0.140549
0.140556
0.140563
0.140569
0.140574
0.140579
0.140583
0.140587
0.14059
0.140592
0.140337
0.140332
0.140327
0.140319
0.140312
0.140306
0.140298
0.140292
0.140287
0.140282
0.140278
0.140276
0.140275
0.140274
0.140275
0.140275
0.140276
0.140277
0.140279
0.14028
0.140281
0.140282
0.140283
0.140285
0.140287
0.140288
0.14029
0.140292
0.140294
0.140296
0.140298
0.1403
0.140301
0.140303
0.140305
0.140307
0.14031
0.140312
0.140314
0.14033
0.140336
0.140342
0.140348
0.140353
0.140359
0.140364
0.14037
0.140375
0.140381
0.140387
0.140393
0.1404
0.140406
0.140414
0.140421
0.140429
0.140437
0.140445
0.140454
0.140463
0.140472
0.140482
0.140491
0.140499
0.140507
0.140515
0.140523
0.140531
0.140539
0.140547
0.140554
0.140561
0.140568
0.140574
0.14058
0.140585
0.14059
0.140594
0.140325
0.140321
0.140315
0.140307
0.1403
0.140294
0.140286
0.140279
0.140273
0.140268
0.140264
0.140262
0.140261
0.140261
0.140262
0.140263
0.140264
0.140265
0.140266
0.140267
0.140268
0.14027
0.140271
0.140272
0.140274
0.140276
0.140277
0.140279
0.140281
0.140283
0.140285
0.140287
0.140289
0.140291
0.140292
0.140295
0.140298
0.1403
0.140304
0.140318
0.140323
0.140329
0.140335
0.14034
0.140345
0.14035
0.140356
0.140361
0.140366
0.140372
0.140378
0.140384
0.140391
0.140398
0.140405
0.140412
0.14042
0.140429
0.140438
0.140448
0.140457
0.140467
0.140476
0.140484
0.140493
0.140501
0.14051
0.140518
0.140526
0.140535
0.140543
0.140551
0.140559
0.140566
0.140573
0.14058
0.140587
0.140593
0.140313
0.140309
0.140303
0.140295
0.140288
0.140281
0.140272
0.140266
0.140259
0.140253
0.14025
0.140248
0.140248
0.140248
0.140249
0.14025
0.140251
0.140252
0.140253
0.140254
0.140255
0.140256
0.140257
0.140258
0.140259
0.140261
0.140262
0.140264
0.140266
0.140267
0.140269
0.140271
0.140273
0.140275
0.140277
0.140279
0.140282
0.140285
0.140289
0.140305
0.14031
0.140316
0.140321
0.140326
0.140331
0.140336
0.140341
0.140345
0.140351
0.140356
0.140362
0.140368
0.140374
0.14038
0.140387
0.140395
0.140403
0.140412
0.140421
0.140431
0.140441
0.140451
0.14046
0.140469
0.140478
0.140486
0.140495
0.140504
0.140513
0.140521
0.14053
0.140539
0.140547
0.140556
0.140564
0.140572
0.14058
0.140588
0.1403
0.140296
0.14029
0.140282
0.140275
0.140268
0.140259
0.140252
0.140245
0.140239
0.140236
0.140234
0.140234
0.140234
0.140235
0.140235
0.140236
0.140237
0.140237
0.140238
0.140239
0.14024
0.14024
0.140241
0.140243
0.140244
0.140245
0.140246
0.140248
0.14025
0.140251
0.140253
0.140255
0.140257
0.140259
0.140262
0.140264
0.140267
0.140271
0.140292
0.140297
0.140302
0.140307
0.140311
0.140316
0.14032
0.140325
0.140329
0.140334
0.140339
0.140344
0.14035
0.140356
0.140362
0.14037
0.140377
0.140386
0.140395
0.140404
0.140414
0.140424
0.140434
0.140444
0.140453
0.140462
0.14047
0.14048
0.140489
0.140498
0.140507
0.140516
0.140525
0.140534
0.140543
0.140552
0.140561
0.14057
0.14058
0.140287
0.140282
0.140277
0.140268
0.140262
0.140254
0.140245
0.140238
0.14023
0.140225
0.140222
0.140221
0.14022
0.14022
0.140219
0.14022
0.14022
0.14022
0.14022
0.140221
0.140221
0.140222
0.140223
0.140223
0.140224
0.140225
0.140226
0.140227
0.140229
0.14023
0.140232
0.140234
0.140235
0.140237
0.140239
0.140242
0.140244
0.140247
0.140251
0.140277
0.140282
0.140287
0.140292
0.140296
0.1403
0.140304
0.140308
0.140312
0.140317
0.140321
0.140326
0.140331
0.140337
0.140344
0.140351
0.140359
0.140367
0.140376
0.140385
0.140395
0.140405
0.140416
0.140426
0.140435
0.140444
0.140454
0.140463
0.140473
0.140482
0.140492
0.140502
0.140511
0.140521
0.14053
0.14054
0.14055
0.14056
0.14057
0.140273
0.140268
0.140262
0.140254
0.140248
0.140239
0.140231
0.140223
0.140216
0.140211
0.140208
0.140206
0.140205
0.140203
0.140203
0.140202
0.140202
0.140202
0.140202
0.140202
0.140202
0.140203
0.140203
0.140204
0.140204
0.140205
0.140206
0.140207
0.140208
0.140209
0.140211
0.140213
0.140214
0.140216
0.140218
0.14022
0.140223
0.140226
0.14023
0.140264
0.140269
0.140274
0.140278
0.140281
0.140284
0.140288
0.140291
0.140293
0.140296
0.140301
0.140306
0.140312
0.140318
0.140325
0.140332
0.14034
0.140348
0.140357
0.140367
0.140377
0.140387
0.140398
0.140408
0.140418
0.140427
0.140437
0.140447
0.140457
0.140467
0.140477
0.140488
0.140498
0.140508
0.140518
0.140528
0.140539
0.14055
0.140561
0.14026
0.140255
0.14025
0.140242
0.140235
0.140225
0.140217
0.140207
0.1402
0.140196
0.140193
0.140191
0.140189
0.140188
0.140187
0.140186
0.140186
0.140185
0.140185
0.140185
0.140185
0.140185
0.140185
0.140185
0.140186
0.140186
0.140187
0.140188
0.140189
0.14019
0.140191
0.140193
0.140194
0.140196
0.140198
0.1402
0.140202
0.140205
0.140209
0.140253
0.140257
0.140261
0.140265
0.140267
0.140269
0.140271
0.140272
0.140273
0.140273
0.140277
0.140283
0.14029
0.140298
0.140305
0.140313
0.140321
0.14033
0.14034
0.140349
0.14036
0.14037
0.140381
0.140392
0.140401
0.140411
0.140421
0.140431
0.140441
0.140452
0.140462
0.140472
0.140483
0.140494
0.140504
0.140515
0.140527
0.140538
0.14055
0.140249
0.140244
0.140238
0.14023
0.140222
0.140211
0.140202
0.140189
0.140184
0.140181
0.140178
0.140176
0.140175
0.140173
0.140172
0.140171
0.14017
0.14017
0.14017
0.14017
0.140169
0.140169
0.140169
0.14017
0.14017
0.14017
0.140171
0.140171
0.140172
0.140173
0.140174
0.140175
0.140177
0.140178
0.14018
0.140181
0.140183
0.140186
0.140189
0.140241
0.140245
0.140248
0.140251
0.140252
0.140253
0.140253
0.140252
0.140251
0.140247
0.140251
0.140258
0.140267
0.140275
0.140284
0.140293
0.140302
0.140311
0.140321
0.140331
0.140342
0.140352
0.140363
0.140374
0.140384
0.140394
0.140403
0.140413
0.140424
0.140434
0.140445
0.140455
0.140466
0.140477
0.140488
0.140499
0.140511
0.140523
0.140536
0.140236
0.140232
0.140226
0.140217
0.140208
0.140196
0.140185
0.14017
0.140166
0.140164
0.140162
0.14016
0.140159
0.140157
0.140156
0.140155
0.140154
0.140154
0.140153
0.140153
0.140153
0.140153
0.140152
0.140152
0.140152
0.140153
0.140153
0.140153
0.140154
0.140155
0.140156
0.140157
0.140158
0.140159
0.14016
0.140162
0.140164
0.140165
0.140168
0.140227
0.140231
0.140233
0.140235
0.140236
0.140235
0.140233
0.140231
0.140228
0.14022
0.140224
0.140233
0.140242
0.140252
0.140262
0.140271
0.140281
0.140291
0.140301
0.140312
0.140322
0.140333
0.140344
0.140355
0.140365
0.140375
0.140384
0.140395
0.140405
0.140415
0.140426
0.140436
0.140447
0.140458
0.140469
0.14048
0.140493
0.140505
0.140519
0.140223
0.140218
0.140212
0.140203
0.140194
0.14018
0.140168
0.140151
0.140147
0.140146
0.140145
0.140143
0.140142
0.14014
0.140139
0.140138
0.140137
0.140136
0.140135
0.140135
0.140135
0.140134
0.140134
0.140134
0.140133
0.140133
0.140133
0.140133
0.140134
0.140134
0.140134
0.140135
0.140136
0.140137
0.140138
0.140139
0.14014
0.140142
0.140144
0.140212
0.140215
0.140217
0.140218
0.140217
0.140215
0.140212
0.140208
0.140203
0.140192
0.140196
0.140206
0.140217
0.140228
0.140238
0.140249
0.140259
0.140269
0.14028
0.140291
0.140302
0.140313
0.140324
0.140335
0.140345
0.140354
0.140364
0.140374
0.140385
0.140395
0.140405
0.140416
0.140426
0.140437
0.140448
0.14046
0.140472
0.140485
0.140499
0.140208
0.140204
0.140197
0.140188
0.140178
0.140164
0.140151
0.140131
0.140128
0.140127
0.140126
0.140125
0.140123
0.140122
0.14012
0.140119
0.140118
0.140117
0.140116
0.140115
0.140115
0.140114
0.140113
0.140113
0.140112
0.140111
0.140111
0.14011
0.14011
0.14011
0.14011
0.14011
0.14011
0.14011
0.14011
0.140111
0.140112
0.140112
0.140114
0.140195
0.140198
0.140199
0.140199
0.140197
0.140194
0.14019
0.140183
0.140177
0.140164
0.140168
0.140179
0.140191
0.140203
0.140214
0.140225
0.140236
0.140247
0.140258
0.140269
0.14028
0.140291
0.140302
0.140313
0.140323
0.140332
0.140342
0.140352
0.140362
0.140372
0.140383
0.140393
0.140404
0.140414
0.140425
0.140437
0.140449
0.140463
0.140477
0.140192
0.140187
0.14018
0.140171
0.140161
0.140146
0.140132
0.140112
0.140109
0.140108
0.140107
0.140106
0.140104
0.140102
0.1401
0.140099
0.140097
0.140096
0.140095
0.140094
0.140093
0.140092
0.140091
0.140089
0.140088
0.140086
0.140085
0.140084
0.140083
0.140082
0.140081
0.14008
0.14008
0.140079
0.140078
0.140078
0.140078
0.140078
0.140078
0.140177
0.140179
0.14018
0.140179
0.140176
0.140171
0.140166
0.140158
0.14015
0.140135
0.14014
0.140151
0.140165
0.140178
0.14019
0.140201
0.140213
0.140224
0.140235
0.140246
0.140257
0.140269
0.140279
0.14029
0.1403
0.140309
0.140319
0.140328
0.140339
0.140348
0.140358
0.140368
0.140379
0.140389
0.1404
0.140412
0.140424
0.140437
0.140451
0.140173
0.140169
0.140163
0.140153
0.140142
0.140128
0.140113
0.140092
0.140089
0.140088
0.140087
0.140086
0.140084
0.140081
0.140079
0.140077
0.140075
0.140074
0.140072
0.140071
0.140069
0.140068
0.140066
0.140064
0.140062
0.14006
0.140059
0.140057
0.140056
0.140054
0.140053
0.140052
0.140051
0.14005
0.140049
0.140048
0.140048
0.140047
0.140047
0.140156
0.140158
0.140158
0.140156
0.140153
0.140147
0.14014
0.140132
0.140122
0.140108
0.140113
0.140124
0.140139
0.140152
0.140165
0.140177
0.140188
0.1402
0.140211
0.140222
0.140233
0.140244
0.140255
0.140265
0.140275
0.140284
0.140293
0.140303
0.140313
0.140322
0.140332
0.140342
0.140352
0.140362
0.140373
0.140384
0.140396
0.140409
0.140423
0.140153
0.140149
0.140143
0.140134
0.140123
0.140108
0.140094
0.140072
0.140069
0.140068
0.140067
0.140065
0.140063
0.14006
0.140058
0.140056
0.140054
0.140052
0.14005
0.140049
0.140048
0.140046
0.140045
0.140044
0.140043
0.140043
0.140043
0.140043
0.140043
0.140044
0.140044
0.140045
0.140047
0.140048
0.140049
0.140051
0.140052
0.140054
0.140056
0.140134
0.140135
0.140134
0.140132
0.140128
0.140122
0.140114
0.140105
0.140096
0.140081
0.140086
0.140098
0.140112
0.140126
0.140139
0.140151
0.140163
0.140174
0.140185
0.140196
0.140207
0.140218
0.140229
0.140239
0.140248
0.140257
0.140266
0.140275
0.140285
0.140294
0.140303
0.140313
0.140323
0.140332
0.140343
0.140353
0.140365
0.140377
0.140391
0.140131
0.140128
0.140122
0.140113
0.140103
0.140089
0.140074
0.140053
0.14005
0.140049
0.140047
0.140046
0.140044
0.140042
0.140041
0.14004
0.14004
0.14004
0.140041
0.140042
0.140043
0.140045
0.140047
0.140051
0.140055
0.14006
0.140066
0.140073
0.14008
0.140087
0.140095
0.140103
0.140112
0.140121
0.14013
0.14014
0.14015
0.140163
0.140173
0.140109
0.14011
0.140109
0.140106
0.140101
0.140095
0.140088
0.140079
0.140071
0.140057
0.140061
0.140073
0.140087
0.1401
0.140112
0.140124
0.140136
0.140147
0.140158
0.140169
0.14018
0.14019
0.140201
0.14021
0.140219
0.140228
0.140236
0.140245
0.140255
0.140263
0.140272
0.140281
0.140291
0.1403
0.14031
0.14032
0.140331
0.140343
0.140356
0.140107
0.140104
0.140099
0.140091
0.140081
0.140069
0.140055
0.140036
0.140032
0.140032
0.140032
0.140033
0.140035
0.140039
0.140044
0.14005
0.140056
0.140063
0.14007
0.140077
0.140086
0.140095
0.140106
0.140119
0.140135
0.140151
0.140169
0.140187
0.140206
0.140225
0.140245
0.140265
0.140286
0.140307
0.140328
0.140351
0.140375
0.140402
0.140427
0.140082
0.140082
0.140081
0.140078
0.140074
0.140068
0.140062
0.140054
0.140047
0.140035
0.140039
0.140049
0.140062
0.140075
0.140086
0.140098
0.140108
0.140119
0.140129
0.140139
0.140149
0.140159
0.140169
0.140177
0.140186
0.140193
0.140201
0.140209
0.140218
0.140225
0.140234
0.140242
0.14025
0.140259
0.140268
0.140277
0.140287
0.140298
0.14031
0.14008
0.140078
0.140073
0.140067
0.140059
0.140049
0.140037
0.140021
0.140018
0.140021
0.140028
0.14004
0.140055
0.140073
0.140092
0.140111
0.140129
0.140146
0.140164
0.140181
0.140199
0.140218
0.140239
0.140264
0.140292
0.14032
0.140349
0.140378
0.140406
0.140434
0.140462
0.14049
0.140517
0.140544
0.140572
0.1406
0.140629
0.14066
0.14069
0.140051
0.140051
0.14005
0.140048
0.140045
0.140041
0.140036
0.140031
0.140026
0.140018
0.140021
0.14003
0.140042
0.140053
0.140065
0.140076
0.140087
0.140098
0.140109
0.140119
0.14013
0.14014
0.140149
0.140158
0.140167
0.140174
0.140182
0.14019
0.140199
0.140206
0.140214
0.140222
0.14023
0.140239
0.140247
0.140256
0.140266
0.140276
0.140288
0.14005
0.140049
0.140046
0.140041
0.140036
0.140029
0.140021
0.14001
0.14001
0.140023
0.140047
0.140078
0.140112
0.140147
0.140179
0.140209
0.140236
0.14026
0.140283
0.140304
0.140325
0.140346
0.140369
0.140395
0.140421
0.140447
0.140471
0.140494
0.140515
0.140534
0.140553
0.140569
0.140585
0.140599
0.140611
0.140623
0.140633
0.140642
0.14065
0.140018
0.140018
0.140017
0.140016
0.140015
0.140013
0.140011
0.140009
0.140008
0.140004
0.140006
0.14001
0.140016
0.140022
0.140029
0.140037
0.140044
0.140052
0.14006
0.140068
0.140076
0.140084
0.140092
0.140099
0.140106
0.140113
0.140119
0.140125
0.140133
0.140138
0.140145
0.140151
0.140158
0.140165
0.140172
0.140179
0.140187
0.140195
0.140204
0.140017
0.140017
0.140016
0.140014
0.140012
0.140009
0.140006
0.140002
0.140007
0.140029
0.140059
0.140092
0.140123
0.140149
0.140171
0.140189
0.140203
0.140215
0.140225
0.140234
0.140242
0.140249
0.140256
0.140263
0.140268
0.140272
0.140274
0.140275
0.140274
0.140272
0.140269
0.140264
0.140259
0.140252
0.140245
0.140235
0.140224
0.140211
0.140197
0.124484
0.138295
0.161073
0.186252
0.19955
0.200274
0.190441
0.17244
0.150019
0.128774
0.114088
0.108069
0.108989
0.113492
0.118832
0.123555
0.12727
0.130096
0.132277
0.134018
0.135444
0.136623
0.137586
0.138352
0.138938
0.139367
0.139669
0.139877
0.140018
0.140115
0.140182
0.140227
0.140259
0.140279
0.140292
0.140299
0.140302
0.140302
0.140298
0.140292
0.14028
0.140266
0.140255
0.140246
0.140238
0.140229
0.140226
0.14023
0.140236
0.140265
0.140318
0.140384
0.140439
0.14048
0.140512
0.140528
0.140542
0.140555
0.140567
0.140577
0.140585
0.140591
0.140595
0.140595
0.140591
0.140583
0.140574
0.140566
0.140556
0.140543
0.140526
0.140506
0.140485
0.14046
0.140431
0.140399
0.140364
0.140318
0.140295
0.14021
0.109472
0.0837549
0.0683847
0.0631052
0.0644678
0.0708669
0.0801723
0.0896251
0.0981197
0.105423
0.111632
0.116746
0.120908
0.124292
0.12703
0.129243
0.131077
0.132572
0.133766
0.134805
0.135705
0.136407
0.136983
0.137524
0.138012
0.138384
0.138661
0.138921
0.139172
0.139368
0.13949
0.139542
0.139618
0.139746
0.139777
0.139757
0.139787
0.139866
0.139913
0.139893
0.139937
0.139986
0.140031
0.140084
0.140116
0.140185
0.140261
0.140301
0.140325
0.140341
0.140355
0.140365
0.140362
0.140357
0.140356
0.140353
0.140346
0.140338
0.140332
0.140328
0.140323
0.140314
0.140303
0.140289
0.140271
0.140251
0.14023
0.140208
0.140189
0.140169
0.140144
0.140113
0.140077
0.140045
0.140058
0.140184
0.140449
0.140711
0.140654
0.140188
0.149029
0.167807
0.178623
0.19428
0.21142
0.217969
0.211501
0.193981
0.169325
0.143315
0.12267
0.111661
0.109637
0.11292
0.118002
0.122878
0.12683
0.129839
0.132132
0.133935
0.135397
0.136598
0.137579
0.138358
0.138956
0.139393
0.139702
0.139913
0.140056
0.140153
0.140218
0.140262
0.140291
0.14031
0.140321
0.140326
0.140328
0.140325
0.14032
0.140312
0.140301
0.140284
0.140272
0.14026
0.140252
0.140238
0.140239
0.14023
0.140237
0.140259
0.1403
0.140353
0.140421
0.140469
0.1405
0.140522
0.140537
0.14055
0.140563
0.140574
0.140583
0.14059
0.140594
0.140595
0.140592
0.140585
0.140577
0.140569
0.140559
0.140546
0.14053
0.140511
0.14049
0.140465
0.140436
0.140404
0.140369
0.140323
0.1403
0.140214
0.116853
0.08583
0.0694105
0.0663522
0.0702511
0.0777518
0.0865655
0.0950045
0.102455
0.108818
0.114228
0.118725
0.122404
0.125398
0.127856
0.129868
0.131508
0.132892
0.134038
0.134963
0.135787
0.13652
0.137099
0.137576
0.138043
0.138457
0.138743
0.138968
0.139193
0.139386
0.139523
0.139609
0.139638
0.139705
0.139805
0.139806
0.139792
0.139826
0.139898
0.139932
0.139915
0.139971
0.140012
0.140062
0.140123
0.140155
0.140234
0.140292
0.140318
0.140334
0.140345
0.140356
0.140362
0.140356
0.14035
0.140348
0.140343
0.140336
0.14033
0.140325
0.140321
0.140314
0.140302
0.140287
0.14027
0.14025
0.140229
0.140208
0.140188
0.140168
0.140143
0.140112
0.140075
0.140043
0.14006
0.140195
0.140467
0.140727
0.140655
0.14018
0.148373
0.177821
0.194796
0.203749
0.214254
0.226022
0.228422
0.217672
0.195335
0.166464
0.138669
0.119486
0.111731
0.112421
0.116838
0.121822
0.126076
0.129361
0.131843
0.133756
0.135283
0.136526
0.137536
0.13834
0.138957
0.139411
0.139731
0.139948
0.140094
0.140191
0.140255
0.140298
0.140325
0.140341
0.14035
0.140353
0.140353
0.140348
0.140342
0.140332
0.140318
0.140305
0.140286
0.140276
0.14026
0.140257
0.140241
0.140239
0.14024
0.140252
0.140276
0.140331
0.140403
0.140453
0.140491
0.140515
0.140531
0.140547
0.14056
0.140571
0.140581
0.140589
0.140594
0.140595
0.140593
0.140587
0.140579
0.140571
0.140563
0.14055
0.140534
0.140516
0.140495
0.14047
0.140442
0.140409
0.140375
0.140328
0.140305
0.140218
0.112321
0.0835607
0.0713091
0.0718542
0.0777703
0.085555
0.0935117
0.100784
0.107118
0.112545
0.117155
0.120996
0.124179
0.126803
0.128949
0.130731
0.132206
0.133419
0.134465
0.135347
0.136062
0.136715
0.137324
0.13779
0.138153
0.138536
0.138871
0.139076
0.13925
0.139429
0.139553
0.139646
0.139715
0.139717
0.139766
0.13985
0.139836
0.139828
0.139858
0.139923
0.139946
0.139943
0.140002
0.140042
0.1401
0.140162
0.140203
0.140272
0.140314
0.140331
0.14034
0.140346
0.140354
0.140356
0.140349
0.140342
0.140338
0.140334
0.140328
0.140323
0.140319
0.140312
0.140301
0.140286
0.140269
0.140249
0.140228
0.140207
0.140187
0.140167
0.140142
0.140111
0.140073
0.140042
0.140063
0.140207
0.140486
0.140743
0.140655
0.140172
0.134131
0.168987
0.196461
0.212315
0.219878
0.226422
0.234619
0.235073
0.222822
0.198513
0.167508
0.138553
0.119809
0.113388
0.115194
0.119984
0.124722
0.128481
0.131288
0.133405
0.135052
0.13637
0.137434
0.13828
0.138931
0.139412
0.139749
0.139979
0.14013
0.140229
0.140294
0.140334
0.140359
0.140374
0.14038
0.140381
0.140378
0.140373
0.140364
0.140354
0.140341
0.140322
0.140306
0.140287
0.140278
0.140261
0.140251
0.140248
0.140241
0.140245
0.14026
0.140311
0.140376
0.140441
0.140482
0.140507
0.140528
0.140542
0.140556
0.140568
0.140579
0.140587
0.140593
0.140596
0.140594
0.140589
0.140582
0.140574
0.140566
0.140554
0.140538
0.14052
0.140499
0.140475
0.140447
0.140415
0.14038
0.140333
0.14031
0.140222
0.101398
0.0808294
0.0755285
0.0792701
0.0859853
0.0932448
0.100109
0.106227
0.111553
0.116154
0.12005
0.123295
0.125997
0.128254
0.130113
0.131644
0.13294
0.134031
0.134942
0.135743
0.13643
0.136991
0.137514
0.138015
0.138374
0.138627
0.138938
0.13922
0.139355
0.139465
0.139596
0.139676
0.139749
0.139798
0.139761
0.139811
0.139893
0.139863
0.139853
0.13988
0.13995
0.139964
0.139974
0.140034
0.140073
0.140148
0.140206
0.140246
0.1403
0.140329
0.140339
0.140343
0.140345
0.140349
0.140348
0.14034
0.140333
0.14033
0.140327
0.140322
0.140317
0.14031
0.1403
0.140285
0.140267
0.140248
0.140227
0.140205
0.140186
0.140166
0.14014
0.140108
0.140071
0.140041
0.140067
0.14022
0.140507
0.140759
0.140654
0.140163
0.114733
0.147719
0.181706
0.208325
0.224021
0.230828
0.234367
0.240152
0.24001
0.227991
0.20356
0.171735
0.141727
0.122268
0.115652
0.117551
0.12237
0.126913
0.130335
0.132808
0.134658
0.136104
0.137255
0.138167
0.13887
0.13939
0.139757
0.140004
0.140165
0.140269
0.140334
0.140373
0.140397
0.140409
0.140413
0.140411
0.140407
0.140398
0.140388
0.140375
0.140361
0.140343
0.140322
0.140305
0.14029
0.140271
0.140267
0.14025
0.140247
0.140244
0.140255
0.140283
0.140359
0.140422
0.140467
0.140503
0.140522
0.140537
0.140552
0.140565
0.140577
0.140586
0.140592
0.140596
0.140595
0.14059
0.140584
0.140576
0.140569
0.140557
0.140542
0.140524
0.140504
0.14048
0.140453
0.14042
0.140385
0.140338
0.140315
0.140226
0.0913541
0.0815036
0.0822881
0.0876837
0.0941406
0.100436
0.10617
0.111255
0.115697
0.119511
0.122743
0.125463
0.127727
0.12962
0.131219
0.132548
0.133656
0.134616
0.135441
0.136143
0.136768
0.13731
0.137752
0.138164
0.13857
0.138837
0.138999
0.139258
0.139498
0.139557
0.139607
0.139716
0.13977
0.139826
0.13985
0.139785
0.139854
0.139932
0.139883
0.139865
0.139903
0.139982
0.139986
0.140007
0.140069
0.140116
0.140204
0.140249
0.140277
0.140317
0.140338
0.140342
0.14034
0.14034
0.140343
0.140339
0.14033
0.140325
0.140323
0.140321
0.140315
0.140308
0.140298
0.140284
0.140266
0.140246
0.140225
0.140204
0.140185
0.140164
0.140138
0.140106
0.140067
0.140039
0.140071
0.140235
0.140529
0.140775
0.140653
0.140154
0.0989282
0.122483
0.155125
0.188611
0.215442
0.231911
0.238892
0.241242
0.244783
0.244311
0.233259
0.209766
0.177963
0.14695
0.125984
0.118158
0.119516
0.124199
0.128636
0.13185
0.134077
0.135714
0.136988
0.137994
0.138769
0.139345
0.139752
0.140025
0.140203
0.140312
0.140378
0.140418
0.140438
0.140448
0.140449
0.140445
0.140436
0.140426
0.140413
0.140399
0.140383
0.140365
0.140341
0.140324
0.140299
0.140293
0.140267
0.140263
0.140251
0.140252
0.140246
0.140269
0.140333
0.140397
0.140461
0.140494
0.140516
0.140533
0.140548
0.140562
0.140574
0.140584
0.140591
0.140595
0.140596
0.140592
0.140585
0.140579
0.140571
0.14056
0.140545
0.140528
0.140508
0.140485
0.140458
0.140426
0.140391
0.140343
0.140321
0.14023
0.0877763
0.0865801
0.0905797
0.0961482
0.101777
0.107
0.111712
0.115865
0.119481
0.122587
0.125219
0.127452
0.12934
0.130914
0.132246
0.133398
0.134367
0.135184
0.13591
0.136551
0.137105
0.137594
0.138017
0.138361
0.138677
0.139002
0.139198
0.13929
0.139499
0.139694
0.139692
0.139706
0.139805
0.139833
0.139878
0.139884
0.139805
0.139892
0.139958
0.139896
0.139878
0.139934
0.140007
0.140012
0.140048
0.140106
0.140173
0.140255
0.140278
0.140298
0.140329
0.140341
0.140341
0.140335
0.140334
0.140334
0.140329
0.140322
0.140319
0.140318
0.140314
0.140306
0.140295
0.140281
0.140264
0.140245
0.140223
0.140202
0.140183
0.140163
0.140137
0.140103
0.140063
0.140036
0.140076
0.140251
0.140553
0.140792
0.14065
0.140143
0.0928643
0.10348
0.126048
0.157669
0.191021
0.218891
0.237103
0.245479
0.247863
0.249242
0.24838
0.238604
0.216734
0.185633
0.153788
0.130828
0.121008
0.121248
0.125608
0.129998
0.133122
0.135178
0.136633
0.13775
0.138619
0.13927
0.139731
0.140042
0.140239
0.140359
0.14043
0.140467
0.140486
0.140492
0.140489
0.140481
0.14047
0.140457
0.140441
0.140425
0.140408
0.140385
0.140365
0.140336
0.140324
0.140296
0.140285
0.14027
0.140261
0.140251
0.140248
0.140257
0.1403
0.140387
0.140445
0.140483
0.14051
0.140529
0.140545
0.140559
0.140572
0.140582
0.14059
0.140595
0.140596
0.140593
0.140587
0.140581
0.140574
0.140564
0.140549
0.140532
0.140513
0.14049
0.140463
0.140432
0.140397
0.140349
0.140326
0.140234
0.0912517
0.094363
0.0991066
0.104035
0.108681
0.1129
0.116666
0.119981
0.12286
0.125338
0.12746
0.129259
0.130799
0.132119
0.133224
0.134178
0.135032
0.135755
0.13637
0.136933
0.13744
0.137878
0.13825
0.138573
0.138837
0.139074
0.139335
0.139474
0.1395
0.139663
0.13983
0.139782
0.139774
0.139869
0.139873
0.139914
0.13991
0.139825
0.139918
0.139968
0.139909
0.139902
0.139967
0.140034
0.140046
0.140095
0.140158
0.140229
0.140289
0.140297
0.140311
0.140333
0.14034
0.140335
0.140328
0.140326
0.140326
0.140321
0.140316
0.140314
0.140312
0.140305
0.140293
0.140278
0.140262
0.140243
0.140221
0.140199
0.140181
0.140161
0.140134
0.140101
0.14006
0.140033
0.140082
0.140268
0.140577
0.140809
0.140646
0.140133
0.0958967
0.0968973
0.106018
0.126465
0.156499
0.189807
0.219265
0.240014
0.250734
0.253835
0.253379
0.252062
0.243708
0.223974
0.194219
0.161907
0.13678
0.124393
0.122949
0.126722
0.131068
0.134197
0.136152
0.137449
0.138416
0.139153
0.13969
0.140051
0.140277
0.140413
0.140487
0.140525
0.140541
0.140542
0.140535
0.140523
0.140508
0.140491
0.140473
0.140453
0.140432
0.140412
0.140383
0.140362
0.140335
0.140314
0.1403
0.140277
0.14027
0.140256
0.140256
0.140237
0.140292
0.140363
0.140425
0.140474
0.140503
0.140525
0.140541
0.140556
0.140569
0.140581
0.140589
0.140595
0.140597
0.140594
0.140589
0.140583
0.140577
0.140567
0.140552
0.140535
0.140517
0.140495
0.140469
0.140437
0.140403
0.140354
0.140332
0.140239
0.0986687
0.102791
0.107048
0.111064
0.114738
0.118042
0.12098
0.123561
0.125812
0.127757
0.129436
0.130885
0.13212
0.133196
0.134141
0.134931
0.135633
0.136287
0.13684
0.137309
0.137745
0.138144
0.138486
0.138761
0.139003
0.139204
0.139377
0.139582
0.139668
0.13964
0.139774
0.139926
0.139838
0.139817
0.139914
0.139899
0.139944
0.139928
0.139839
0.139934
0.139977
0.139929
0.139931
0.140001
0.140067
0.140091
0.140154
0.140211
0.140272
0.14031
0.140308
0.140318
0.140332
0.140335
0.140328
0.14032
0.140319
0.140319
0.140315
0.140311
0.140308
0.140303
0.140292
0.140276
0.140259
0.140241
0.140219
0.140197
0.140179
0.140158
0.140132
0.140097
0.140057
0.140032
0.140088
0.140288
0.140603
0.140825
0.140641
0.140122
0.103377
0.100438
0.100401
0.107339
0.124864
0.152646
0.185619
0.216805
0.240567
0.254302
0.258875
0.257706
0.255634
0.248462
0.231062
0.203183
0.170895
0.143719
0.128431
0.124804
0.127665
0.131902
0.135098
0.137023
0.13819
0.139007
0.139616
0.140043
0.140316
0.140472
0.140555
0.140593
0.140604
0.140601
0.140589
0.140571
0.140551
0.14053
0.140507
0.140484
0.140461
0.140436
0.14041
0.140383
0.140352
0.140338
0.140304
0.140298
0.140273
0.140271
0.140246
0.140252
0.140271
0.140332
0.14041
0.140461
0.140499
0.140519
0.140537
0.140553
0.140567
0.140579
0.140588
0.140595
0.140597
0.140595
0.140591
0.140585
0.140579
0.14057
0.140556
0.140539
0.140521
0.1405
0.140474
0.140443
0.140408
0.140359
0.140338
0.140244
0.106957
0.110588
0.113976
0.117078
0.119886
0.122404
0.124641
0.126613
0.128341
0.129853
0.131164
0.132309
0.133316
0.134179
0.134952
0.135651
0.136229
0.136757
0.137274
0.137699
0.138047
0.138379
0.138694
0.138958
0.139152
0.139327
0.139476
0.139596
0.139751
0.139796
0.139729
0.139849
0.139993
0.139869
0.139843
0.139946
0.13992
0.139965
0.139933
0.139851
0.139949
0.139991
0.139953
0.139961
0.140041
0.140108
0.140151
0.14021
0.140251
0.140301
0.140321
0.140314
0.140319
0.140328
0.140328
0.140319
0.140312
0.140313
0.140314
0.14031
0.140305
0.140299
0.140289
0.140275
0.140257
0.140238
0.140216
0.140195
0.140177
0.140156
0.140128
0.140092
0.140053
0.140033
0.140097
0.140308
0.140631
0.140841
0.140634
0.140113
0.111429
0.10812
0.104935
0.103767
0.10825
0.122312
0.147081
0.179045
0.211663
0.238594
0.255922
0.263049
0.262949
0.25975
0.253185
0.237964
0.212263
0.180495
0.151571
0.133243
0.127
0.128565
0.132549
0.135843
0.137799
0.138872
0.139542
0.14002
0.140346
0.140539
0.140637
0.140674
0.140682
0.140672
0.140652
0.140627
0.140601
0.140574
0.140546
0.140519
0.140492
0.140464
0.140438
0.140402
0.140382
0.140343
0.140332
0.140302
0.14029
0.140269
0.140262
0.140255
0.140243
0.140314
0.140387
0.140454
0.14049
0.140513
0.140534
0.14055
0.140564
0.140577
0.140587
0.140595
0.140598
0.140597
0.140593
0.140587
0.140582
0.140573
0.140559
0.140542
0.140525
0.140504
0.140479
0.140448
0.140414
0.140366
0.140344
0.140249
0.11442
0.117206
0.119746
0.122053
0.12414
0.126014
0.127685
0.129169
0.13048
0.131638
0.132666
0.133564
0.134364
0.135086
0.135706
0.136278
0.136812
0.137239
0.137638
0.138049
0.13837
0.138616
0.138867
0.139116
0.139315
0.139442
0.13956
0.139665
0.139746
0.139864
0.139877
0.139782
0.139902
0.140039
0.139883
0.139864
0.139969
0.139934
0.139976
0.139932
0.139866
0.139967
0.140007
0.13998
0.139998
0.140092
0.140166
0.140209
0.140249
0.140279
0.140318
0.140324
0.140314
0.140316
0.140321
0.14032
0.140311
0.140307
0.14031
0.14031
0.140304
0.140296
0.140286
0.140272
0.140255
0.140235
0.140213
0.140192
0.140174
0.140153
0.140125
0.140087
0.140046
0.140033
0.140108
0.140331
0.14066
0.140857
0.140625
0.140104
0.118351
0.115781
0.112699
0.109414
0.107258
0.109351
0.119706
0.140743
0.170751
0.204103
0.23405
0.255439
0.266252
0.268002
0.263852
0.257499
0.244258
0.220989
0.190305
0.160138
0.138863
0.129688
0.129556
0.133066
0.136437
0.13848
0.139498
0.140036
0.14038
0.140608
0.140728
0.140775
0.140777
0.140757
0.140728
0.140695
0.14066
0.140625
0.140592
0.140559
0.140527
0.140498
0.140462
0.140435
0.140394
0.140372
0.140343
0.140317
0.140301
0.14028
0.140277
0.140243
0.140245
0.140287
0.140374
0.140437
0.140477
0.140511
0.140529
0.140547
0.140562
0.140575
0.140587
0.140595
0.140599
0.140598
0.140594
0.140589
0.140584
0.140576
0.140562
0.140546
0.140528
0.140509
0.140484
0.140454
0.14042
0.140372
0.14035
0.140253
0.120543
0.122557
0.124393
0.126065
0.127581
0.128951
0.130183
0.131288
0.132279
0.133162
0.133955
0.134676
0.135308
0.135883
0.136419
0.136873
0.137304
0.137717
0.138024
0.138318
0.138648
0.138885
0.139046
0.139233
0.139432
0.139575
0.139644
0.139716
0.139789
0.139845
0.139937
0.139923
0.139812
0.139942
0.140068
0.139888
0.139882
0.13998
0.139941
0.139982
0.139931
0.139884
0.139986
0.140033
0.140013
0.140052
0.140161
0.140223
0.140254
0.140273
0.140296
0.140325
0.140321
0.14031
0.14031
0.140314
0.140312
0.140305
0.140303
0.140307
0.140304
0.140294
0.140282
0.140269
0.140252
0.140232
0.14021
0.140188
0.140171
0.14015
0.140122
0.140083
0.14004
0.140031
0.14012
0.140357
0.14069
0.140872
0.140616
0.140097
0.123823
0.122031
0.119804
0.117029
0.113804
0.11101
0.111035
0.117752
0.134532
0.161537
0.194591
0.22702
0.252607
0.267742
0.272169
0.268844
0.262165
0.250257
0.229294
0.200094
0.169234
0.145279
0.132984
0.130767
0.133521
0.136888
0.139058
0.140067
0.140492
0.140708
0.140837
0.140894
0.140894
0.140864
0.140822
0.140776
0.14073
0.140687
0.140644
0.140605
0.140568
0.140531
0.140498
0.140459
0.140424
0.140394
0.140355
0.140342
0.140305
0.140302
0.140269
0.140262
0.140239
0.140276
0.140349
0.140412
0.140475
0.140502
0.140525
0.140545
0.140559
0.140574
0.140586
0.140595
0.1406
0.140599
0.140596
0.140591
0.140587
0.140579
0.140566
0.140549
0.140532
0.140513
0.140489
0.14046
0.140426
0.140377
0.140356
0.140259
0.125352
0.126766
0.128061
0.129249
0.130336
0.131326
0.132228
0.133048
0.133793
0.134472
0.135082
0.135642
0.136165
0.136619
0.137039
0.137445
0.137775
0.138095
0.138414
0.138623
0.138832
0.139103
0.139273
0.13936
0.139496
0.139658
0.139752
0.139776
0.139816
0.139867
0.139909
0.139984
0.139946
0.139829
0.139976
0.140083
0.139886
0.139898
0.139981
0.139945
0.139987
0.139932
0.139906
0.140019
0.140066
0.140064
0.140123
0.140223
0.140266
0.140282
0.140285
0.140305
0.140324
0.140314
0.140304
0.140304
0.140308
0.140307
0.140302
0.1403
0.140301
0.140293
0.140279
0.140265
0.140249
0.140229
0.140207
0.140185
0.140167
0.140146
0.140117
0.140078
0.140037
0.140033
0.14013
0.140385
0.140722
0.140885
0.140604
0.140091
0.12802
0.126809
0.125321
0.123442
0.121029
0.118032
0.114932
0.113383
0.116836
0.129176
0.152252
0.183757
0.217717
0.247213
0.267081
0.275446
0.274267
0.267118
0.255995
0.237102
0.209665
0.178675
0.152441
0.136988
0.132337
0.13401
0.13723
0.139526
0.140573
0.14091
0.141009
0.141043
0.14104
0.141
0.14094
0.140877
0.140817
0.14076
0.140708
0.14066
0.140614
0.140573
0.140533
0.140491
0.140456
0.140409
0.14039
0.140345
0.140334
0.140302
0.140286
0.140266
0.14025
0.140259
0.140311
0.140407
0.140458
0.140496
0.140524
0.14054
0.140558
0.140573
0.140585
0.140595
0.140601
0.140601
0.140599
0.140594
0.140589
0.140582
0.140569
0.140553
0.140536
0.140517
0.140494
0.140465
0.140432
0.140383
0.140363
0.140264
0.129062
0.130037
0.130939
0.131773
0.132545
0.13326
0.133917
0.134524
0.135084
0.1356
0.136079
0.136508
0.13691
0.137299
0.137622
0.137923
0.13823
0.138462
0.138693
0.138939
0.139069
0.139211
0.13944
0.139555
0.139574
0.139675
0.139813
0.139866
0.139857
0.139876
0.139914
0.139953
0.140015
0.139952
0.13984
0.140007
0.140081
0.139878
0.139911
0.139977
0.139949
0.139994
0.139941
0.139945
0.140061
0.140117
0.140128
0.140188
0.140266
0.140295
0.140295
0.14029
0.140308
0.140318
0.140307
0.140298
0.140299
0.140305
0.140304
0.140298
0.140294
0.140291
0.140278
0.140261
0.140245
0.140226
0.140203
0.140182
0.140164
0.140142
0.140111
0.140071
0.140034
0.14004
0.140146
0.140413
0.140755
0.140899
0.140591
0.140086
0.13123
0.130421
0.129441
0.128227
0.126681
0.124649
0.121994
0.118873
0.116379
0.117158
0.125225
0.143729
0.172391
0.206603
0.239329
0.264089
0.277296
0.279095
0.272197
0.261447
0.244282
0.21875
0.188175
0.160174
0.141693
0.134364
0.134624
0.137511
0.1399
0.141014
0.141292
0.14128
0.141227
0.141168
0.141095
0.141009
0.140926
0.140851
0.140784
0.140724
0.14067
0.140621
0.140573
0.140531
0.14048
0.140448
0.1404
0.140375
0.140346
0.140314
0.140301
0.140277
0.140258
0.14023
0.140308
0.140379
0.140444
0.140495
0.140515
0.140538
0.140557
0.140571
0.140585
0.140595
0.140602
0.140603
0.140601
0.140596
0.140592
0.140585
0.140573
0.140557
0.140539
0.140521
0.140499
0.140471
0.140439
0.14039
0.140369
0.140269
0.131934
0.132597
0.133218
0.133801
0.134345
0.134857
0.135336
0.13578
0.136197
0.136585
0.136946
0.137288
0.137585
0.13787
0.13816
0.138379
0.138584
0.138816
0.138972
0.139133
0.139324
0.139393
0.139479
0.139678
0.13975
0.13971
0.139789
0.139918
0.139936
0.139902
0.139912
0.139941
0.139983
0.140034
0.139945
0.139847
0.140031
0.140065
0.13987
0.139923
0.139973
0.139962
0.140006
0.139961
0.14
0.140127
0.140181
0.140185
0.140236
0.140291
0.140309
0.140298
0.140291
0.140307
0.14031
0.140299
0.140294
0.140297
0.140302
0.140301
0.140291
0.140284
0.140276
0.14026
0.14024
0.140222
0.140199
0.140178
0.140161
0.140138
0.140105
0.140064
0.140029
0.140045
0.140166
0.140446
0.140788
0.14091
0.140576
0.140083
0.133729
0.133194
0.132548
0.13176
0.130784
0.129536
0.127873
0.125614
0.122715
0.119756
0.118608
0.122913
0.136614
0.161331
0.194354
0.229238
0.258613
0.277112
0.282855
0.278234
0.267416
0.251309
0.227495
0.197659
0.168372
0.14707
0.136901
0.135436
0.137776
0.140199
0.141401
0.141646
0.141531
0.14139
0.141279
0.141177
0.141072
0.140971
0.14088
0.140804
0.140737
0.140676
0.140624
0.140569
0.140523
0.140472
0.14043
0.140401
0.140351
0.140342
0.140309
0.140292
0.140246
0.140252
0.14028
0.140352
0.140441
0.140476
0.140512
0.140538
0.140553
0.14057
0.140585
0.140596
0.140603
0.140605
0.140604
0.140599
0.140595
0.140589
0.140577
0.140561
0.140543
0.140525
0.140504
0.140477
0.140445
0.140396
0.140376
0.140276
0.134195
0.134641
0.13506
0.135459
0.135839
0.136196
0.136537
0.136859
0.137158
0.137442
0.137706
0.137955
0.138193
0.138388
0.138582
0.138797
0.138935
0.139063
0.139243
0.139342
0.139448
0.139597
0.139616
0.139657
0.139839
0.139878
0.139789
0.13986
0.139989
0.139976
0.139926
0.139933
0.139955
0.140004
0.140045
0.139926
0.139853
0.14005
0.140042
0.139867
0.139935
0.139974
0.139982
0.140024
0.140004
0.140081
0.1402
0.140233
0.140228
0.140266
0.140305
0.140313
0.140294
0.140289
0.140303
0.140303
0.140294
0.140293
0.140296
0.140298
0.140293
0.14028
0.140269
0.140258
0.140239
0.140216
0.140194
0.140174
0.140156
0.140134
0.140099
0.140057
0.140027
0.140048
0.140185
0.140483
0.140824
0.140919
0.140559
0.140081
0.13572
0.135375
0.134956
0.134444
0.133817
0.133038
0.132044
0.130715
0.128861
0.12632
0.123283
0.12098
0.122253
0.131342
0.151377
0.181778
0.217428
0.250678
0.274596
0.285495
0.284064
0.273393
0.257983
0.235738
0.206938
0.176874
0.153066
0.139988
0.136518
0.138075
0.140447
0.141745
0.141977
0.141762
0.141524
0.141363
0.141239
0.141122
0.14101
0.140908
0.14082
0.140746
0.14068
0.14062
0.140564
0.140507
0.14047
0.140407
0.140391
0.140351
0.140325
0.14029
0.140279
0.140245
0.140252
0.14035
0.140406
0.140469
0.140513
0.14053
0.140552
0.14057
0.140585
0.140597
0.140605
0.140608
0.140607
0.140602
0.140599
0.140593
0.140582
0.140565
0.140547
0.14053
0.140509
0.140482
0.140451
0.140403
0.140384
0.140281
0.136017
0.136302
0.136576
0.136835
0.137086
0.137327
0.137553
0.137772
0.137981
0.138173
0.138358
0.138528
0.138691
0.138851
0.138965
0.139091
0.139256
0.13933
0.1394
0.139544
0.139601
0.139661
0.13978
0.13976
0.13977
0.139947
0.139959
0.139829
0.139904
0.140038
0.139994
0.139938
0.139945
0.139958
0.140017
0.140046
0.139901
0.139861
0.140062
0.140018
0.139874
0.139946
0.139981
0.140026
0.140067
0.140073
0.140162
0.140258
0.140266
0.140254
0.14028
0.14031
0.14031
0.140288
0.140286
0.1403
0.140298
0.140292
0.140292
0.140293
0.140291
0.140281
0.140265
0.14025
0.140236
0.140214
0.140189
0.140169
0.140152
0.140127
0.140093
0.140051
0.140024
0.140057
0.140207
0.140521
0.14086
0.140926
0.14054
0.140081
0.137313
0.137106
0.136848
0.136525
0.136125
0.13563
0.135015
0.134233
0.13319
0.131716
0.129592
0.126766
0.123883
0.123017
0.128046
0.143115
0.169712
0.204651
0.24077
0.269999
0.286662
0.289134
0.28011
0.264859
0.24359
0.215785
0.185339
0.159383
0.143433
0.137768
0.138385
0.1407
0.142166
0.142424
0.142085
0.141696
0.141441
0.141281
0.141152
0.141033
0.140926
0.140833
0.140752
0.140682
0.140611
0.140559
0.140489
0.140454
0.140409
0.140365
0.14034
0.140318
0.140284
0.140236
0.140269
0.140301
0.140389
0.140471
0.140498
0.140527
0.140552
0.140569
0.140585
0.140598
0.140607
0.140611
0.14061
0.140606
0.140603
0.140597
0.140586
0.14057
0.140551
0.140534
0.140514
0.140488
0.140458
0.140409
0.14039
0.140287
0.137487
0.137651
0.13781
0.137966
0.138112
0.138257
0.138398
0.138528
0.138658
0.138783
0.138894
0.139005
0.139106
0.139206
0.139311
0.139365
0.139444
0.139576
0.1396
0.139626
0.139748
0.139773
0.139797
0.139896
0.139848
0.139839
0.140018
0.140007
0.139843
0.139933
0.14007
0.139997
0.139941
0.139949
0.139953
0.140025
0.14004
0.139875
0.139876
0.140067
0.139997
0.139892
0.139965
0.14002
0.140101
0.140133
0.14014
0.140226
0.140294
0.140283
0.140268
0.140286
0.140309
0.140303
0.140281
0.140284
0.140299
0.140296
0.14029
0.14029
0.140286
0.140278
0.140265
0.140246
0.140229
0.140211
0.140186
0.140164
0.140146
0.14012
0.140084
0.140045
0.140025
0.140066
0.140235
0.140562
0.140896
0.140931
0.14052
0.140082
0.138583
0.138481
0.13834
0.138156
0.137919
0.137619
0.137242
0.136771
0.136172
0.135379
0.134252
0.132571
0.130139
0.127159
0.124977
0.126616
0.136573
0.158034
0.190238
0.227618
0.261861
0.285351
0.294022
0.288909
0.273901
0.252892
0.225652
0.194834
0.166727
0.147448
0.138799
0.137867
0.140029
0.141983
0.142668
0.142454
0.141983
0.141598
0.141354
0.141187
0.141051
0.140934
0.140836
0.140749
0.140678
0.140601
0.140541
0.140488
0.140424
0.140399
0.140361
0.140328
0.140281
0.140281
0.140232
0.140279
0.140391
0.140441
0.140491
0.140528
0.140549
0.140568
0.140585
0.140599
0.140609
0.140614
0.140614
0.14061
0.140607
0.140602
0.140592
0.140575
0.140556
0.140538
0.140519
0.140494
0.140464
0.140415
0.140397
0.140294
0.138664
0.138741
0.138809
0.138879
0.138951
0.139015
0.139081
0.13915
0.13921
0.139274
0.139339
0.139391
0.13945
0.139503
0.13956
0.139625
0.139635
0.139685
0.139795
0.139777
0.139771
0.139882
0.139881
0.139882
0.139969
0.139901
0.139882
0.140064
0.140027
0.139845
0.139958
0.140084
0.139985
0.139943
0.139948
0.139944
0.14003
0.140024
0.139859
0.139902
0.140063
0.139983
0.139934
0.140012
0.140096
0.140184
0.140189
0.140194
0.140269
0.140309
0.140289
0.140273
0.140286
0.140305
0.140295
0.140277
0.140285
0.140299
0.140293
0.140285
0.140283
0.140273
0.140261
0.140246
0.140224
0.140202
0.140182
0.140161
0.14014
0.140112
0.140075
0.140038
0.140031
0.140076
0.140264
0.140608
0.140931
0.140932
0.140498
0.140085
0.139663
0.13964
0.139596
0.139528
0.139429
0.139293
0.139112
0.138878
0.138574
0.138184
0.137667
0.136938
0.135841
0.13417
0.131855
0.129399
0.128511
0.132392
0.14484
0.167897
0.19995
0.23544
0.266716
0.287105
0.293301
0.285732
0.268167
0.243962
0.215124
0.185917
0.161863
0.14667
0.14021
0.139438
0.140796
0.142014
0.142406
0.142217
0.141854
0.141537
0.141309
0.141135
0.140987
0.140864
0.140762
0.140678
0.140611
0.140529
0.140485
0.140429
0.140382
0.14034
0.140334
0.140267
0.140226
0.140296
0.140339
0.140419
0.140491
0.140522
0.140546
0.140569
0.140588
0.140602
0.140614
0.14062
0.14062
0.140617
0.140614
0.140609
0.140599
0.140582
0.140563
0.140544
0.140526
0.140501
0.140472
0.140423
0.140406
0.140301
0.139668
0.139672
0.139676
0.139673
0.139676
0.139686
0.139686
0.139692
0.139708
0.139714
0.139728
0.139749
0.139759
0.139777
0.139795
0.139825
0.139855
0.139827
0.139863
0.139955
0.139893
0.13987
0.139981
0.139957
0.13994
0.140015
0.139929
0.139916
0.140103
0.140022
0.139832
0.139993
0.140093
0.139958
0.13994
0.139943
0.139943
0.140042
0.139994
0.139844
0.139948
0.14007
0.139998
0.140011
0.140097
0.140186
0.140252
0.140226
0.140233
0.140296
0.140313
0.140287
0.140273
0.140286
0.140302
0.140291
0.140277
0.140289
0.140299
0.140287
0.140277
0.140272
0.140257
0.14024
0.140223
0.140198
0.140173
0.140155
0.140136
0.140103
0.140065
0.140032
0.140033
0.140096
0.140301
0.14066
0.140972
0.140929
0.140473
0.140091
0.14042
0.140454
0.140483
0.140501
0.140507
0.140498
0.14047
0.140417
0.140334
0.140212
0.140044
0.139814
0.139484
0.138963
0.138067
0.136547
0.13429
0.131818
0.130835
0.134366
0.146107
0.16816
0.199256
0.234206
0.265526
0.286243
0.292728
0.284804
0.265951
0.240552
0.211762
0.184057
0.162078
0.14837
0.142278
0.141009
0.141593
0.142199
0.142276
0.142009
0.141686
0.141438
0.141256
0.141095
0.140939
0.140806
0.140692
0.140616
0.140544
0.140474
0.140426
0.140395
0.140336
0.140278
0.140285
0.140243
0.140301
0.140411
0.14047
0.140513
0.140546
0.140571
0.14059
0.140607
0.14062
0.140627
0.140629
0.140625
0.140622
0.140618
0.140609
0.140592
0.140571
0.140552
0.140532
0.140508
0.14048
0.140432
0.140415
0.140308
0.140379
0.140334
0.140293
0.140257
0.140213
0.140177
0.140153
0.140116
0.140086
0.140071
0.140046
0.140029
0.140022
0.140007
0.139997
0.139991
0.140004
0.140007
0.139948
0.139983
0.140063
0.139963
0.139932
0.140048
0.140004
0.139972
0.140039
0.139939
0.139934
0.140128
0.140007
0.139816
0.140014
0.140086
0.139936
0.139937
0.139929
0.139942
0.140054
0.139971
0.139859
0.140016
0.140118
0.140078
0.140111
0.140175
0.14026
0.140294
0.140248
0.140257
0.140307
0.140309
0.140282
0.140271
0.140286
0.140302
0.140291
0.140279
0.140291
0.140295
0.140277
0.140263
0.140255
0.140236
0.140215
0.140196
0.140168
0.140143
0.140126
0.140097
0.140056
0.140028
0.140033
0.140118
0.140356
0.140722
0.141011
0.140922
0.140444
0.140098
0.140821
0.140894
0.140965
0.141032
0.141097
0.141156
0.141208
0.141251
0.141281
0.141296
0.141292
0.141266
0.141214
0.141123
0.140947
0.140561
0.139732
0.138173
0.135805
0.133227
0.132234
0.135831
0.147795
0.170246
0.201831
0.237112
0.26828
0.28809
0.292648
0.282018
0.260527
0.233378
0.20459
0.178656
0.159352
0.148038
0.143318
0.142332
0.142526
0.142559
0.142218
0.141782
0.141472
0.141299
0.141171
0.141021
0.140863
0.140723
0.140609
0.14054
0.140482
0.140419
0.140357
0.140352
0.140269
0.140228
0.140302
0.140369
0.140445
0.140508
0.140546
0.140569
0.140592
0.140612
0.140625
0.140634
0.140637
0.140635
0.140631
0.140627
0.140619
0.140603
0.140581
0.140559
0.14054
0.140517
0.140489
0.14044
0.140422
0.140315
0.14075
0.140682
0.140612
0.140552
0.140501
0.14044
0.14039
0.140356
0.140306
0.140261
0.140237
0.140202
0.140171
0.140151
0.140127
0.140103
0.140084
0.140094
0.140079
0.140001
0.140046
0.140118
0.139985
0.139958
0.140084
0.140021
0.139977
0.140042
0.139937
0.139945
0.140136
0.139973
0.139803
0.140033
0.140064
0.139914
0.139938
0.13992
0.139961
0.140081
0.139979
0.139931
0.140123
0.140199
0.140166
0.140186
0.14023
0.140305
0.140309
0.140255
0.140269
0.140308
0.140302
0.140279
0.140273
0.14029
0.140304
0.140291
0.140278
0.140287
0.140284
0.140261
0.140246
0.140235
0.14021
0.140185
0.140165
0.140139
0.14011
0.140082
0.14005
0.14003
0.140042
0.140141
0.140415
0.140794
0.141048
0.140906
0.140414
0.140107
0.14109
0.14118
0.141266
0.141352
0.141432
0.141507
0.141577
0.141643
0.141703
0.141759
0.141809
0.141853
0.141891
0.141925
0.141953
0.141961
0.141891
0.141594
0.140812
0.139256
0.136879
0.13432
0.133487
0.137574
0.150642
0.174873
0.208439
0.245004
0.275842
0.29329
0.293822
0.278461
0.253053
0.223539
0.194615
0.170693
0.154574
0.146331
0.143609
0.143326
0.143315
0.142831
0.142099
0.141531
0.14126
0.141162
0.141072
0.140925
0.140771
0.140638
0.140538
0.140462
0.140435
0.140358
0.140281
0.140278
0.140263
0.140325
0.140427
0.140499
0.140538
0.140569
0.140597
0.140615
0.140631
0.140643
0.140647
0.140645
0.140642
0.140638
0.14063
0.140614
0.140591
0.140569
0.140548
0.140525
0.140497
0.140448
0.140431
0.140324
0.140995
0.140905
0.14082
0.140735
0.140664
0.140604
0.140531
0.140474
0.140437
0.14038
0.140327
0.140301
0.140265
0.140226
0.140198
0.140174
0.140145
0.140119
0.14013
0.140102
0.140015
0.140074
0.140139
0.139979
0.139958
0.140098
0.140023
0.139965
0.140029
0.139927
0.139949
0.140127
0.139929
0.139795
0.140048
0.140044
0.139906
0.139954
0.139947
0.140022
0.140135
0.140032
0.140044
0.14023
0.14026
0.140228
0.140229
0.140264
0.140325
0.140306
0.140257
0.140276
0.140306
0.140297
0.14028
0.140279
0.140294
0.140304
0.140288
0.140272
0.140277
0.140268
0.140241
0.140224
0.140208
0.140179
0.140152
0.140133
0.140104
0.140065
0.14004
0.140035
0.140058
0.140177
0.140474
0.140866
0.141085
0.140884
0.140381
0.140117
0.141253
0.141324
0.141391
0.141449
0.141501
0.141548
0.141593
0.141635
0.141679
0.141723
0.141771
0.141823
0.141881
0.141944
0.142016
0.142102
0.142202
0.142305
0.142341
0.142149
0.141447
0.139919
0.137504
0.134934
0.134448
0.139867
0.155787
0.184165
0.221858
0.260686
0.290663
0.30399
0.298243
0.275977
0.245133
0.212365
0.183036
0.161339
0.148877
0.144128
0.143611
0.14406
0.143834
0.142889
0.141883
0.141277
0.141067
0.141011
0.140919
0.14077
0.140624
0.140536
0.140456
0.14038
0.140362
0.14028
0.140239
0.140309
0.140399
0.140472
0.140529
0.140575
0.140596
0.140617
0.140639
0.140651
0.140657
0.140656
0.140653
0.140649
0.140642
0.140627
0.140604
0.140579
0.140557
0.140533
0.140506
0.140458
0.140441
0.140332
0.141172
0.141081
0.140992
0.140906
0.140815
0.140737
0.14067
0.140588
0.140522
0.140482
0.140419
0.140357
0.140327
0.140292
0.140246
0.14021
0.140187
0.140157
0.140126
0.140136
0.1401
0.14001
0.140081
0.140136
0.139958
0.139945
0.140098
0.140016
0.139943
0.140003
0.139913
0.139955
0.14011
0.139895
0.139811
0.140076
0.140055
0.139941
0.140002
0.140021
0.140128
0.140211
0.140107
0.140152
0.140296
0.140296
0.140261
0.14025
0.140284
0.140328
0.140295
0.140258
0.140283
0.140305
0.140295
0.140285
0.140285
0.140295
0.1403
0.140279
0.140261
0.140261
0.140247
0.140216
0.140195
0.140175
0.140145
0.140116
0.140093
0.140061
0.140032
0.140034
0.140076
0.140226
0.140547
0.140933
0.141113
0.140858
0.140352
0.140128
0.141178
0.141207
0.14123
0.141249
0.141269
0.141288
0.14131
0.141335
0.141365
0.141402
0.141446
0.1415
0.141565
0.141641
0.141731
0.141835
0.141959
0.142108
0.14229
0.142491
0.142643
0.142558
0.141898
0.140267
0.137619
0.135012
0.135509
0.144056
0.165707
0.201278
0.245087
0.286443
0.314211
0.321061
0.306427
0.275015
0.237294
0.200589
0.170887
0.151848
0.143411
0.142157
0.143549
0.144433
0.143922
0.142698
0.141682
0.141215
0.141099
0.141028
0.14088
0.140685
0.140517
0.140458
0.140377
0.14029
0.140274
0.140289
0.140349
0.140444
0.140531
0.140566
0.140594
0.140626
0.140644
0.140658
0.140667
0.140668
0.140665
0.140661
0.140655
0.140641
0.140617
0.14059
0.140566
0.140542
0.140516
0.140467
0.140449
0.140341
0.141144
0.141098
0.141039
0.140977
0.140911
0.140834
0.140765
0.140704
0.140622
0.140555
0.140514
0.140448
0.140377
0.140343
0.140312
0.140258
0.140211
0.14019
0.140162
0.140125
0.140128
0.140086
0.14
0.140078
0.140123
0.139934
0.139928
0.140092
0.140007
0.139921
0.139979
0.139915
0.139979
0.140107
0.139899
0.139871
0.140134
0.140109
0.140017
0.140076
0.140124
0.140239
0.140266
0.140165
0.140227
0.14033
0.140312
0.140272
0.140257
0.140295
0.140325
0.140285
0.140262
0.140293
0.140307
0.140296
0.14029
0.140288
0.14029
0.140289
0.140266
0.140244
0.140239
0.140221
0.140186
0.14016
0.140137
0.140109
0.140075
0.14005
0.140038
0.140036
0.140094
0.140283
0.140634
0.141004
0.141128
0.140823
0.14033
0.14014
0.140938
0.140962
0.14099
0.141021
0.141055
0.141089
0.141125
0.14116
0.141199
0.141246
0.141307
0.141383
0.141473
0.14158
0.141703
0.14184
0.141989
0.142153
0.142333
0.142544
0.142795
0.143084
0.143328
0.143279
0.142467
0.14041
0.137262
0.13493
0.137887
0.152427
0.183247
0.228593
0.279228
0.321908
0.344977
0.342398
0.316266
0.274744
0.22948
0.189069
0.159885
0.144299
0.139969
0.141456
0.143636
0.144049
0.142884
0.141458
0.140693
0.140609
0.140765
0.140809
0.140728
0.140565
0.140413
0.140355
0.140289
0.140249
0.140315
0.140432
0.140503
0.140554
0.140607
0.140628
0.140647
0.140669
0.140678
0.14068
0.140679
0.140675
0.140669
0.140656
0.140632
0.140603
0.140577
0.140552
0.140526
0.140477
0.14046
0.140351
0.140914
0.140894
0.140871
0.140841
0.140809
0.140775
0.140726
0.140682
0.140641
0.140577
0.140523
0.140493
0.140436
0.140366
0.140334
0.140312
0.140257
0.140198
0.140181
0.140162
0.140119
0.140111
0.140069
0.139993
0.140072
0.140106
0.139915
0.139917
0.140092
0.140013
0.13992
0.13998
0.139958
0.140041
0.140133
0.139952
0.139974
0.140214
0.14019
0.14011
0.140149
0.140218
0.140319
0.14029
0.140205
0.140273
0.140342
0.140315
0.140271
0.140262
0.140306
0.140322
0.140281
0.140273
0.140305
0.14031
0.140295
0.140292
0.140284
0.140278
0.140273
0.140249
0.140222
0.14021
0.140189
0.140153
0.140117
0.140093
0.140073
0.140043
0.140034
0.140049
0.14012
0.140347
0.140725
0.141078
0.141138
0.14078
0.140315
0.140151
0.140942
0.140996
0.14105
0.141102
0.141153
0.141206
0.141264
0.141329
0.141406
0.141502
0.141625
0.14177
0.141934
0.142118
0.142313
0.142515
0.142721
0.142926
0.14313
0.143331
0.143538
0.143769
0.144055
0.144394
0.144654
0.144439
0.143104
0.140203
0.136527
0.135491
0.143336
0.167276
0.210173
0.266294
0.322376
0.363108
0.377226
0.361359
0.320813
0.268146
0.216015
0.174244
0.148716
0.13933
0.140553
0.14496
0.147408
0.146687
0.144257
0.142034
0.140887
0.140628
0.140669
0.14065
0.140583
0.140456
0.140316
0.140269
0.140311
0.140374
0.140459
0.140561
0.140599
0.140621
0.140657
0.140675
0.140687
0.140693
0.140692
0.140688
0.140683
0.140671
0.140648
0.140617
0.140589
0.140562
0.140536
0.140488
0.14047
0.140359
0.140884
0.140823
0.140767
0.140715
0.140664
0.14062
0.140584
0.140543
0.140509
0.140482
0.140436
0.140398
0.140384
0.140344
0.140284
0.140261
0.140258
0.140212
0.140149
0.14014
0.140139
0.140098
0.140081
0.140047
0.139989
0.140069
0.140099
0.139917
0.139931
0.140122
0.140056
0.139959
0.140023
0.140049
0.140137
0.140185
0.140037
0.140093
0.140294
0.140265
0.140181
0.140201
0.140287
0.140358
0.140288
0.140227
0.140294
0.140339
0.140309
0.140265
0.140266
0.140314
0.140319
0.140278
0.140282
0.140313
0.140304
0.140286
0.140284
0.140271
0.140258
0.14025
0.140223
0.140188
0.14017
0.140151
0.140113
0.140069
0.140053
0.140055
0.140042
0.140059
0.140162
0.140428
0.140823
0.141145
0.141135
0.140731
0.140305
0.140161
0.141007
0.141069
0.14114
0.141225
0.141329
0.141457
0.141615
0.141804
0.142029
0.14228
0.142552
0.142839
0.143135
0.143431
0.143721
0.144004
0.144271
0.144523
0.144755
0.144965
0.14515
0.145316
0.145478
0.145677
0.145957
0.146292
0.146413
0.1457
0.143365
0.139309
0.135528
0.137509
0.153322
0.190267
0.24814
0.316654
0.378632
0.416793
0.420128
0.38794
0.328843
0.260191
0.196694
0.150196
0.126156
0.121746
0.128374
0.13696
0.142263
0.14357
0.142663
0.141444
0.140747
0.14056
0.140527
0.140446
0.140371
0.140308
0.140263
0.140316
0.140464
0.140547
0.140589
0.140645
0.140667
0.140682
0.140703
0.140709
0.140708
0.140705
0.1407
0.140688
0.140666
0.140633
0.140601
0.140573
0.140546
0.140498
0.140479
0.140368
0.14095
0.140895
0.140839
0.140785
0.140731
0.140673
0.140615
0.140564
0.140509
0.140456
0.140411
0.140356
0.140312
0.140287
0.140243
0.140186
0.140165
0.140169
0.140131
0.140067
0.140069
0.140088
0.14005
0.140031
0.140017
0.13998
0.14006
0.140099
0.13994
0.139966
0.140166
0.140122
0.140025
0.140088
0.14015
0.140232
0.140242
0.140126
0.140191
0.140351
0.140323
0.140231
0.140236
0.140334
0.140378
0.140288
0.140247
0.14031
0.140344
0.140315
0.140272
0.140281
0.140332
0.14033
0.140286
0.140295
0.140322
0.140302
0.140281
0.140279
0.140261
0.14024
0.140228
0.140198
0.140156
0.140129
0.140112
0.14008
0.140037
0.140032
0.140054
0.140077
0.140202
0.140504
0.140913
0.141204
0.141131
0.14069
0.1403
0.14017
0.141441
0.141677
0.141946
0.142241
0.142556
0.142885
0.143219
0.143557
0.143893
0.144223
0.144544
0.144853
0.145145
0.145419
0.145674
0.145908
0.146122
0.146315
0.146488
0.14664
0.146773
0.146885
0.146975
0.147047
0.14713
0.14728
0.147554
0.14789
0.147927
0.146914
0.144026
0.139379
0.13547
0.138237
0.155453
0.193245
0.250658
0.318182
0.380535
0.42219
0.432529
0.410066
0.361016
0.299275
0.238638
0.190222
0.159475
0.145073
0.141262
0.141732
0.142546
0.142491
0.141887
0.141274
0.140864
0.140666
0.140538
0.140388
0.1403
0.14033
0.140382
0.140462
0.140583
0.140639
0.140663
0.1407
0.140719
0.140728
0.140733
0.140731
0.140726
0.140717
0.140696
0.140663
0.140626
0.140593
0.140565
0.140516
0.140498
0.140388
0.141244
0.141087
0.140967
0.140873
0.140798
0.140737
0.140678
0.140622
0.140576
0.14053
0.14048
0.140436
0.140389
0.140349
0.140322
0.140284
0.140232
0.140206
0.140215
0.140183
0.140118
0.140127
0.14016
0.140121
0.140104
0.140116
0.140093
0.140159
0.140208
0.140089
0.140108
0.140283
0.14026
0.140169
0.14021
0.140276
0.140337
0.140319
0.140229
0.14027
0.14038
0.140366
0.14028
0.140262
0.140342
0.140373
0.140301
0.140268
0.140307
0.140337
0.140327
0.140289
0.14029
0.140334
0.140332
0.14029
0.140291
0.140308
0.140284
0.140261
0.140254
0.140228
0.140197
0.140178
0.140151
0.140109
0.140074
0.14007
0.140066
0.140036
0.14005
0.140137
0.140335
0.140684
0.141068
0.141262
0.141071
0.140605
0.140309
0.140172
)
;

boundaryField
{
    inlet
    {
        type            freestream;
        freestreamValue uniform 0.14;
        value           nonuniform List<scalar> 
134
(
0.14
0.14
0.14
0.14
0.14
0.14
0.14
0.14
0.14
0.14
0.140006
0.14001
0.140016
0.140022
0.140029
0.140037
0.140044
0.140052
0.14006
0.140068
0.14
0.140076
0.140084
0.140092
0.140099
0.140106
0.140113
0.140119
0.140125
0.140133
0.140138
0.140145
0.140151
0.140158
0.140165
0.140172
0.140179
0.140187
0.140195
0.140204
0.14
0.14
0.14
0.14
0.14
0.14
0.14
0.14021
0.140214
0.140218
0.140222
0.140226
0.14023
0.140234
0.140239
0.140244
0.140249
0.140253
0.140259
0.140264
0.140269
0.140276
0.140281
0.140287
0.140294
0.140301
0.140308
0.140315
0.140324
0.140332
0.140341
0.140351
0.140359
0.140368
0.140388
0.14
0.14
0.14
0.14
0.14
0.14
0.14
0.14
0.14
0.14
0.14
0.14
0.14
0.14
0.14
0.14
0.14
0.14
0.14
0.14
0.14
0.14
0.14
0.14
0.14
0.14
0.14
0.14
0.14
0.14
0.14
0.14
0.14
0.14
0.14
0.14
0.14
0.14
0.14
0.14
0.14
0.14
0.14
0.14
0.14
0.14
0.14
0.14
0.14
0.14
0.14
0.14
0.14
0.14
0.14
0.14
0.14
0.14
0.14
)
;
    }
    outlet
    {
        type            freestream;
        freestreamValue uniform 0.14;
        value           nonuniform List<scalar> 
160
(
0.141441
0.141244
0.141677
0.141087
0.141946
0.140967
0.142241
0.140873
0.142556
0.140798
0.142885
0.140737
0.143219
0.140678
0.143557
0.140622
0.143893
0.140576
0.144223
0.14053
0.144544
0.14048
0.144853
0.140436
0.145145
0.140389
0.145419
0.140349
0.145674
0.140322
0.145908
0.140284
0.146122
0.140232
0.146315
0.140206
0.146488
0.140215
0.14664
0.140183
0.146773
0.140118
0.146885
0.140127
0.146975
0.14016
0.147047
0.140121
0.14713
0.140104
0.14728
0.140116
0.147554
0.140093
0.14789
0.140159
0.147927
0.140208
0.146914
0.140089
0.144026
0.140108
0.139379
0.140283
0.13547
0.14026
0.138237
0.140169
0.155453
0.14021
0.193245
0.140276
0.250658
0.140337
0.318182
0.140319
0.380535
0.140229
0.42219
0.14027
0.432529
0.14038
0.410066
0.140366
0.361016
0.14028
0.299275
0.140262
0.238638
0.140342
0.190222
0.140373
0.159475
0.140301
0.145073
0.140268
0.141262
0.140307
0.141732
0.140337
0.142546
0.140327
0.142491
0.140289
0.141887
0.14029
0.141274
0.140334
0.140864
0.140332
0.140666
0.14029
0.140538
0.140291
0.140388
0.140308
0.1403
0.140284
0.14033
0.140261
0.140382
0.140254
0.140462
0.140228
0.140583
0.140197
0.140639
0.140178
0.140663
0.140151
0.1407
0.140109
0.140719
0.140074
0.140728
0.14007
0.140733
0.140066
0.140731
0.140036
0.140726
0.14005
0.140717
0.140137
0.140696
0.140335
0.140663
0.140684
0.140626
0.141068
0.140593
0.141262
0.140565
0.141071
0.140516
0.140605
0.140498
0.140309
0.140388
0.140172
)
;
    }
    walls
    {
        type            fixedValue;
        value           uniform 0;
    }
    frontAndBack
    {
        type            empty;
    }
}


// ************************************************************************* //
