/*--------------------------------*- C++ -*----------------------------------*\
| =========                 |                                                 |
| \\      /  F ield         | OpenFOAM: The Open Source CFD Toolbox           |
|  \\    /   O peration     | Version:  3.0.0                                 |
|   \\  /    A nd           | Web:      www.OpenFOAM.org                      |
|    \\/     M anipulation  |                                                 |
\*---------------------------------------------------------------------------*/
FoamFile
{
    version     2.0;
    format      ascii;
    class       volScalarField;
    location    "100";
    object      p;
}
// * * * * * * * * * * * * * * * * * * * * * * * * * * * * * * * * * * * * * //

dimensions      [0 2 -2 0 0 0 0];

internalField   nonuniform List<scalar> 
10720
(
-0.307421
-77.0834
-166.525
-253.072
-331.843
-411.662
-481.356
-538.845
-588.221
-625.922
-653.902
-673.562
-685.962
-692.223
-692.719
-686.92
-675.897
-658.444
-635.773
-606.574
-571.858
-530.802
-485.564
-437.055
-388.732
-345.583
-306.674
-268.529
-230.813
-193.675
-156.899
-120.33
-83.8747
-47.3242
-10.4654
27.7274
67.2869
113.642
156.963
77.5187
148.651
226.041
299.527
363.817
414.947
448.892
463.817
465.859
458.011
440.85
419.415
396.944
374.743
353.606
333.484
314.511
296.328
278.73
261.244
243.821
226.136
208.277
190.637
175.086
162.688
152.417
143.907
137.168
132.257
129.081
127.525
127.501
129.001
132.017
136.926
144.204
157.446
180.251
122.783
64.1888
-0.669277
-68.8176
-138.224
-208.725
-276.565
-339.674
-397.491
-448.259
-491.702
-527.867
-556.778
-578.485
-592.922
-600.009
-600.424
-593.786
-580.697
-560.584
-534.005
-500.67
-462.223
-419.818
-376.528
-336.629
-299.729
-263.119
-226.578
-190.352
-154.313
-118.34
-82.3646
-46.195
-9.63107
28.3367
67.7253
114.026
156.575
175.881
226.899
278.299
328.666
374.06
411.895
438.971
453.318
456.529
450.156
436.374
418.435
398.604
378.141
357.895
338.184
319.207
300.861
283.004
265.343
247.788
230.128
212.446
195.142
179.675
166.959
156.293
147.372
140.226
134.909
131.349
129.447
129.116
130.343
133.13
137.859
144.999
158.164
179.967
142.126
89.6597
31.214
-32.722
-98.469
-165.299
-231.581
-294.59
-352.779
-405.177
-450.565
-488.619
-519.148
-542.274
-558.239
-567.36
-569.848
-565.559
-554.745
-537.229
-513.32
-483.069
-447.715
-408.538
-368.085
-329.863
-294.025
-258.472
-222.858
-187.402
-152.007
-116.56
-81.0042
-45.1673
-8.86355
28.8984
68.123
114.27
156.466
189.861
236.727
283.814
329.066
369.029
402.058
425.931
439.568
443.884
439.859
429.15
413.962
396.167
377.117
357.762
338.612
319.942
301.786
284.062
266.566
249.185
231.78
214.412
197.45
182.052
169.113
158.24
149.14
141.822
136.332
132.607
130.552
130.079
131.178
133.859
138.504
145.584
158.638
179.532
170.746
126.496
76.4272
21.7739
-35.2017
-94.3723
-154.005
-212.252
-267.776
-319.444
-366.121
-407.139
-442.045
-470.635
-492.784
-508.479
-517.422
-519.451
-514.581
-502.75
-484.161
-459.039
-428.401
-393.581
-356.773
-320.969
-286.779
-252.667
-218.251
-183.766
-149.179
-114.395
-79.3727
-43.962
-7.99361
29.4967
68.4974
114.379
156.29
210.652
249.321
288.429
326.674
360.853
389.699
411.224
424.405
429.677
427.636
419.561
407.095
391.732
374.685
356.854
338.801
320.861
303.183
285.766
268.503
251.315
234.13
217.019
200.329
185.013
171.916
160.847
151.535
143.986
138.251
134.281
131.988
131.298
132.203
134.723
139.241
146.218
159.088
179.091
181.324
141.939
97.1359
47.89
-3.61349
-57.7386
-113.016
-167.772
-220.974
-271.448
-318.044
-359.969
-396.574
-427.37
-452.032
-470.29
-481.866
-486.667
-484.645
-475.837
-460.391
-438.609
-411.337
-379.834
-345.981
-312.271
-279.527
-246.685
-213.368
-179.811
-146.03
-111.936
-77.4928
-42.5626
-6.98986
30.1659
68.8758
114.399
155.877
216.937
251.255
286.033
320.019
350.384
376.282
396.065
408.879
414.895
414.496
408.688
398.701
385.681
370.653
354.446
337.623
320.574
303.527
286.563
269.66
252.783
235.91
219.127
202.758
187.598
174.42
163.193
153.703
145.957
140.012
135.832
133.341
132.467
133.209
135.59
139.992
146.862
159.524
178.619
188.623
153.67
113.675
69.7132
23.6935
-25.0603
-75.1861
-125.345
-174.764
-222.368
-267.164
-308.383
-345.294
-377.282
-403.888
-424.713
-439.475
-447.905
-449.774
-445.001
-433.634
-415.946
-392.635
-364.855
-334.242
-302.899
-271.808
-240.345
-208.205
-175.629
-142.681
-109.299
-75.4588
-41.0373
-5.8946
30.8801
69.2404
114.302
155.229
220.223
250.539
281.457
311.868
339.151
362.685
381.099
393.571
400.101
401.006
397.066
389.227
378.377
365.349
350.867
335.455
319.509
303.299
286.969
270.566
254.105
237.612
221.191
205.154
190.176
176.962
165.605
155.958
148.03
141.88
137.487
134.787
133.717
134.279
136.504
140.773
147.518
159.928
178.102
191.447
159.884
123.651
83.7945
42.1395
-2.24357
-48.1243
-94.3346
-140.35
-185.197
-228.015
-268.102
-304.696
-337.13
-364.853
-387.366
-404.21
-415.035
-419.524
-417.574
-409.221
-394.719
-374.663
-350.074
-322.359
-293.269
-263.829
-233.756
-202.821
-171.253
-139.163
-106.514
-73.2978
-39.4103
-4.72757
31.6278
69.5807
114.075
154.358
220.006
247.31
275.284
302.895
327.74
349.37
366.658
378.782
385.649
387.568
385.143
379.123
370.208
359.057
346.281
332.336
317.598
302.352
286.783
270.992
255.043
239.002
222.995
207.322
192.572
179.386
167.947
158.175
150.087
143.747
139.152
136.249
134.987
135.369
137.438
141.568
148.173
160.292
177.543
192.142
163.458
130.454
94.1692
56.3342
15.887
-26.0479
-68.4496
-110.967
-152.768
-193.101
-231.374
-266.879
-298.949
-326.99
-350.446
-368.783
-381.62
-388.586
-389.455
-384.173
-372.909
-356.135
-334.73
-309.908
-283.141
-255.456
-226.844
-197.171
-166.661
-135.467
-103.583
-71.0208
-37.6926
-3.49682
32.4053
69.8974
113.722
153.268
218.124
242.903
268.417
293.709
316.537
336.579
352.899
364.667
371.737
374.423
373.207
368.701
361.465
352.025
340.877
328.401
314.934
300.753
286.058
270.987
255.642
240.127
224.586
209.31
194.827
181.726
170.249
160.381
152.155
145.641
140.852
137.751
136.295
136.495
138.401
142.381
148.83
160.615
176.948
191.252
164.974
134.69
101.419
66.8282
29.7734
-8.71381
-47.7147
-87.0302
-125.926
-163.77
-200.077
-234.201
-265.512
-293.421
-317.338
-336.691
-351.017
-359.899
-363.014
-360.254
-351.738
-337.841
-319.311
-297.182
-272.676
-246.768
-219.645
-191.265
-161.853
-131.59
-100.507
-68.631
-35.8923
-2.20923
33.2094
70.1959
113.26
151.975
215.086
237.774
261.241
284.587
305.71
324.413
339.881
351.285
358.459
361.713
361.454
358.194
352.392
344.472
334.833
323.778
311.594
298.532
284.79
270.524
255.864
240.942
225.918
211.078
196.906
183.944
172.477
162.55
154.212
147.543
142.573
139.28
137.633
137.65
139.388
143.208
149.483
160.896
176.316
189.408
165.196
137.264
106.611
74.8343
40.765
5.35445
-30.564
-66.893
-102.989
-138.332
-172.528
-204.998
-235.19
-262.537
-286.443
-306.33
-321.692
-332.095
-337.15
-336.664
-330.684
-319.481
-303.673
-284.128
-261.856
-237.756
-212.155
-185.103
-156.823
-127.527
-97.2803
-66.125
-34.0081
-0.867157
34.0369
70.4805
112.699
150.508
211.401
232.305
254.022
275.702
295.357
312.904
327.613
338.643
345.847
349.517
350.01
347.765
343.174
336.581
328.309
318.596
307.669
295.746
283.008
269.613
255.708
241.439
226.983
212.619
198.8
186.032
174.624
164.673
156.252
149.449
144.312
140.835
139.001
138.833
140.398
144.048
150.132
161.135
175.649
186.943
164.519
138.633
110.257
80.9409
49.4901
16.8059
-16.3573
-49.9635
-83.4498
-116.392
-148.484
-179.213
-208.093
-234.606
-258.188
-278.259
-294.296
-305.834
-312.458
-313.885
-310.106
-301.308
-287.985
-270.855
-250.741
-228.448
-204.388
-178.686
-151.572
-123.278
-93.9001
-63.4994
-32.0372
0.529756
34.8849
70.7504
112.049
148.896
207.342
226.71
246.912
267.144
285.522
302.056
316.068
326.727
333.903
337.871
338.949
337.527
333.952
328.505
321.452
312.975
303.253
292.457
280.744
268.265
255.168
241.609
227.767
213.919
200.495
187.971
176.671
166.736
158.262
151.348
146.06
142.41
140.394
140.042
141.429
144.899
150.773
161.332
174.951
184.102
163.248
139.164
112.797
85.6418
56.5142
26.262
-4.41906
-35.5447
-66.6141
-97.2773
-127.302
-156.247
-183.697
-209.181
-232.173
-252.128
-268.519
-280.859
-288.734
-291.784
-289.94
-283.307
-272.267
-257.399
-239.364
-218.863
-196.352
-172.019
-146.1
-118.84
-90.3644
-60.7505
-29.9755
1.98386
35.7507
71.0011
111.311
147.161
203.108
221.132
240.007
258.964
276.218
291.846
305.215
315.508
322.61
326.783
328.315
327.559
324.827
320.362
314.384
307.03
298.434
288.73
278.043
266.502
254.253
241.448
228.263
214.97
201.981
189.75
178.606
168.726
160.231
153.233
147.812
144
141.808
141.273
142.48
145.758
151.405
161.488
174.223
181.053
161.585
139.098
114.516
89.2819
62.2188
34.1411
5.6981
-23.1734
-52.0252
-80.5576
-108.604
-135.783
-161.747
-186.085
-208.315
-227.926
-244.41
-257.27
-266.1
-270.486
-270.3
-265.58
-256.602
-243.825
-227.768
-209.026
-188.062
-165.11
-140.408
-114.212
-86.6703
-57.8752
-27.8205
3.49563
36.6318
71.226
110.487
145.315
198.82
215.665
233.36
251.182
267.433
282.248
295.019
304.95
311.943
316.248
318.128
317.908
315.875
312.246
307.206
300.859
293.302
284.635
274.952
264.356
252.975
240.955
228.464
215.763
203.248
191.355
180.415
170.631
162.147
155.092
149.559
145.6
143.239
142.524
143.546
146.623
152.025
161.604
173.469
177.906
159.676
138.62
115.632
92.1128
66.905
40.7778
14.3515
-12.4712
-39.2856
-65.8371
-92.0089
-117.475
-141.944
-165.067
-186.414
-205.505
-221.866
-235.002
-244.525
-249.988
-251.206
-248.161
-241.038
-230.184
-215.997
-198.966
-179.536
-157.968
-134.503
-109.397
-82.8162
-54.8705
-25.5699
5.06529
37.5272
71.4201
109.582
143.369
194.568
210.359
227.002
243.799
259.15
273.223
285.434
295.015
301.872
306.253
308.397
308.607
307.152
304.23
300.002
294.549
287.939
280.242
271.523
261.858
251.354
240.138
228.369
216.292
204.289
192.776
182.085
172.437
164
156.915
151.293
147.201
144.681
143.79
144.626
147.491
152.631
161.682
172.693
174.739
157.622
137.856
116.306
94.3265
70.785
46.424
21.821
-3.13879
-28.0817
-52.7975
-77.2088
-101.038
-124.044
-145.924
-166.306
-184.752
-200.821
-214.037
-224.023
-230.329
-232.714
-231.113
-225.637
-216.536
-204.099
-188.716
-170.795
-150.607
-128.389
-104.394
-78.8023
-51.7361
-23.2247
6.69091
38.4348
71.582
108.597
141.331
190.407
205.251
220.942
236.812
251.349
264.739
276.423
285.662
292.366
296.776
299.115
299.668
298.692
296.367
292.839
288.175
282.42
275.619
267.811
259.047
249.412
239.011
227.983
216.557
205.096
194.004
183.605
174.134
165.778
158.693
153.005
148.798
146.13
145.067
145.714
148.36
153.222
161.724
171.898
171.606
155.499
136.902
116.656
96.0664
74.036
51.2743
28.3269
5.06665
-18.1628
-41.1844
-63.9507
-86.2251
-107.812
-128.456
-147.828
-165.541
-181.189
-194.323
-204.571
-211.512
-214.849
-214.477
-210.448
-202.931
-192.121
-178.313
-161.866
-143.044
-122.077
-99.2098
-74.6303
-48.4738
-20.786
8.37133
39.3542
71.7122
107.543
139.212
186.374
200.36
215.185
230.21
244.003
256.76
267.949
276.856
283.394
287.798
290.279
291.103
290.518
288.697
285.772
281.797
276.808
270.826
263.87
255.967
247.179
237.59
227.314
216.557
205.667
195.032
184.965
175.711
167.471
160.416
154.686
150.382
147.578
146.35
146.807
149.225
153.794
161.732
171.088
168.546
153.358
135.825
116.77
97.445
76.7881
55.4789
34.0411
12.3337
-9.32707
-30.7863
-52.0187
-72.8272
-93.0525
-112.485
-130.833
-147.755
-162.886
-175.808
-186.157
-193.543
-197.636
-198.296
-195.525
-189.424
-180.112
-167.796
-152.776
-135.297
-115.578
-93.8503
-70.3046
-45.0858
-18.2558
10.105
40.2853
71.8129
106.428
137.023
182.49
195.696
209.729
223.977
237.088
249.255
259.976
268.562
274.924
279.295
281.874
282.91
282.647
281.249
278.84
275.468
271.158
265.919
259.751
252.663
244.69
235.896
226.372
216.298
206
195.851
186.155
177.156
169.067
162.073
156.327
151.945
149.018
147.633
147.901
150.084
154.346
161.709
170.267
165.581
151.237
134.684
116.714
98.5448
79.1438
59.1632
39.1003
18.8147
-1.4035
-21.42
-41.2318
-60.6658
-79.598
-97.8529
-115.182
-131.284
-145.826
-158.432
-168.746
-176.418
-181.091
-182.601
-180.91
-176.065
-168.119
-157.203
-143.554
-127.388
-108.907
-88.3248
-65.8307
-41.5753
-15.6351
11.8923
41.2305
71.8876
105.262
134.775
178.77
191.261
204.565
218.098
230.576
242.194
252.471
260.745
266.928
271.245
273.885
275.086
275.086
274.043
272.074
269.228
265.519
260.947
255.502
249.175
241.98
233.957
225.175
215.788
206.099
196.461
187.167
178.459
170.556
163.654
157.918
153.481
150.445
148.909
148.99
150.932
154.876
161.657
169.44
162.729
149.16
133.51
116.543
99.4322
81.182
62.4207
43.6215
24.636
5.74289
-12.9424
-31.4344
-49.5855
-67.2941
-84.418
-100.744
-116.013
-129.924
-142.134
-152.305
-160.124
-165.224
-167.419
-166.642
-162.897
-156.187
-146.574
-134.231
-119.341
-102.08
-82.6441
-61.215
-37.9458
-12.9251
13.734
42.1913
71.9392
104.053
132.48
175.222
187.055
199.685
212.554
224.444
235.547
245.402
253.374
259.375
263.622
266.296
267.624
267.838
267.091
265.499
263.106
259.927
255.955
251.167
245.544
239.082
231.8
223.742
215.038
205.967
196.86
187.995
179.61
171.928
165.149
159.451
154.979
151.85
150.174
150.069
151.766
155.381
161.579
168.612
160.002
147.15
132.332
116.293
100.158
82.968
65.3276
47.6884
29.9012
12.2269
-5.22975
-22.4973
-39.448
-56.005
-72.0519
-87.4046
-101.839
-115.093
-126.851
-136.795
-144.642
-150.038
-152.772
-152.754
-149.963
-144.36
-135.948
-124.841
-111.181
-95.116
-76.8211
-56.4655
-34.2012
-10.127
15.6303
43.17
71.9713
102.811
130.148
171.849
183.073
195.077
207.33
218.669
229.286
238.741
246.422
252.239
256.406
259.093
260.516
260.902
260.404
259.131
257.131
254.416
250.977
246.785
241.808
236.031
229.453
222.097
214.065
205.612
197.05
188.637
180.603
173.171
166.548
160.915
156.431
153.227
151.421
151.134
152.582
155.86
161.477
167.786
157.403
145.217
131.174
115.993
100.762
84.5514
67.9455
51.3753
34.6926
18.1442
1.8201
-14.3135
-30.147
-45.6213
-60.6451
-75.0619
-88.674
-101.253
-112.517
-122.174
-129.952
-135.527
-138.671
-139.277
-137.303
-132.681
-125.367
-115.419
-102.935
-88.0363
-70.8704
-51.5914
-30.347
-7.24343
17.5806
44.1677
71.9874
101.544
127.791
168.651
179.309
190.73
202.407
213.232
223.39
232.464
239.863
245.497
249.573
252.255
253.749
254.275
253.984
252.983
251.321
249.012
246.045
242.388
238.003
232.86
226.946
220.263
212.887
205.046
197.033
189.09
181.433
174.279
167.839
162.3
157.829
154.566
152.642
152.178
153.377
156.312
161.355
166.967
154.936
143.372
130.05
115.668
101.273
85.9719
70.3247
54.742
39.0812
23.5724
8.29789
-6.78641
-21.581
-36.0415
-50.0984
-63.6174
-76.4303
-88.3325
-99.0752
-108.392
-116.027
-121.684
-125.124
-126.23
-124.947
-121.187
-114.868
-105.998
-94.6331
-80.8631
-64.8082
-46.6039
-26.39
-4.27817
19.5838
45.1859
71.9918
100.264
125.424
165.627
175.757
186.632
197.77
208.111
217.836
226.547
233.672
239.124
243.105
245.769
247.312
247.951
247.832
247.063
245.693
243.737
241.186
238.008
234.159
229.602
224.308
218.263
211.522
204.285
196.821
189.356
182.095
175.245
169.014
163.595
159.16
155.86
153.831
153.196
154.146
156.736
161.215
166.16
152.604
141.618
128.97
115.335
101.717
87.2602
72.5028
57.8378
43.1219
28.5761
14.2732
0.165399
-13.6628
-27.1777
-40.3234
-52.9869
-65.0262
-76.2613
-86.468
-95.4072
-102.837
-108.496
-112.135
-113.632
-112.925
-109.914
-104.488
-96.6122
-86.3043
-73.6202
-58.6526
-41.516
-22.339
-1.23568
21.6381
46.2262
71.9894
98.9798
123.059
162.773
172.411
182.774
193.404
203.289
212.603
220.966
227.828
233.1
236.981
239.615
241.192
241.921
241.947
241.374
240.255
238.607
236.422
233.669
230.303
226.282
221.564
216.122
209.989
203.341
196.423
189.441
182.587
176.063
170.067
164.792
160.417
157.099
154.98
154.183
154.887
157.131
161.06
165.368
150.406
139.961
127.943
115.006
102.113
88.4445
74.5136
60.6998
46.8636
33.2101
19.8073
6.60515
-6.321
-18.9513
-31.2421
-43.0951
-54.3899
-64.9704
-74.6375
-83.1735
-90.3516
-95.9436
-99.6998
-101.493
-101.258
-98.8918
-94.261
-87.2965
-77.9796
-66.3332
-52.4235
-36.3412
-18.2035
1.87781
23.7419
47.2908
71.9878
97.7055
120.715
160.084
169.26
179.142
189.296
198.749
207.671
215.703
222.309
227.406
231.184
233.781
235.377
236.178
236.323
235.917
235.014
233.634
231.77
229.395
226.462
222.927
218.741
213.864
208.31
202.23
195.848
189.352
182.915
176.729
170.988
165.883
161.59
158.273
156.08
155.133
155.595
157.495
160.893
164.595
148.336
138.401
126.975
114.692
102.477
89.5432
76.3853
63.3641
50.3436
37.5209
24.9555
12.5945
0.506196
-11.2973
-22.7847
-33.8735
-44.4571
-54.4002
-63.5297
-71.6478
-78.5417
-84.0103
-87.8129
-89.8206
-89.9665
-88.148
-84.2195
-78.083
-69.6883
-59.0284
-46.1408
-31.0966
-13.9941
5.05712
25.893
48.3832
71.9937
96.4529
118.405
157.554
166.296
175.725
185.428
194.472
203.022
210.738
217.099
222.023
225.696
228.249
229.854
230.71
230.956
230.693
229.976
228.827
227.246
225.203
222.658
219.561
215.862
211.51
206.504
200.969
195.109
189.093
183.079
177.244
171.775
166.859
162.67
159.375
157.123
156.036
156.266
157.829
160.717
163.847
146.393
136.937
126.068
114.399
102.82
90.5738
78.1377
65.8563
53.5963
41.5459
29.7597
18.183
6.87457
-4.15836
-14.8913
-25.2575
-35.1661
-44.4962
-53.094
-60.7861
-67.373
-72.6766
-76.4661
-78.6178
-79.0648
-77.7064
-74.3916
-69.0014
-61.4594
-51.731
-39.8283
-25.7975
-9.72233
8.29418
28.0907
49.5054
72.0164
95.2345
116.143
155.176
163.51
172.51
181.787
190.444
198.64
206.053
212.178
216.935
220.502
223.006
224.611
225.51
225.839
225.697
225.14
224.193
222.857
221.109
218.908
216.207
212.95
209.082
204.588
199.576
194.221
188.676
183.085
177.609
172.425
167.714
163.65
160.395
158.101
156.888
156.896
158.132
160.533
163.125
144.571
135.567
125.224
114.134
103.152
91.5502
79.7891
68.1994
56.6498
45.3193
34.2576
23.4117
12.8309
2.5171
-7.51105
-17.1954
-26.462
-35.2052
-43.2851
-50.5485
-56.8123
-61.9184
-65.6494
-67.8831
-68.5598
-67.5851
-64.8041
-60.082
-53.3224
-44.4681
-33.507
-20.4631
-5.4009
11.5833
30.3308
50.6611
72.0631
94.0602
113.943
152.944
160.891
169.487
178.359
186.648
194.509
201.631
207.53
212.124
215.586
218.038
219.635
220.567
220.964
220.925
220.506
219.735
218.614
217.124
215.229
212.881
210.025
206.601
202.585
198.064
193.195
188.109
182.936
177.825
172.938
168.447
164.522
161.326
159.006
157.682
157.479
158.401
160.344
162.433
142.865
134.289
124.442
113.898
103.477
92.4833
81.3556
70.411
59.5261
48.8685
38.4822
28.3153
18.4148
8.77345
-0.595219
-9.63996
-18.2974
-26.4783
-34.0583
-40.8974
-46.8294
-51.7117
-55.3487
-57.6155
-58.4602
-57.799
-55.4773
-51.3504
-45.3049
-37.2662
-27.2
-15.1099
-1.04353
14.9155
32.6123
51.8524
72.1411
92.9423
111.817
150.85
158.432
166.643
175.132
183.071
190.612
197.458
203.14
207.575
210.934
213.332
214.916
215.871
216.325
216.373
216.073
215.454
214.522
213.259
211.633
209.6
207.106
204.088
200.513
196.453
192.045
187.405
182.643
177.894
173.311
169.054
165.284
162.161
159.832
158.412
158.013
158.635
160.149
161.773
141.27
133.098
123.721
113.694
103.802
93.3787
82.8479
72.5096
62.2451
52.2158
42.4623
32.9289
23.6603
14.6488
5.89903
-2.54676
-10.631
-18.2749
-25.3715
-31.7952
-37.3938
-42.0345
-45.546
-47.808
-48.77
-48.3599
-46.4306
-42.8294
-37.433
-30.1509
-20.9308
-9.7584
3.33705
18.2816
34.9313
53.0821
72.2601
91.89
109.779
148.886
156.122
163.969
172.092
179.7
186.936
193.517
198.99
203.274
206.532
208.873
210.441
211.412
211.912
212.034
211.836
211.349
210.581
209.518
208.13
206.377
204.208
201.558
198.39
194.759
190.786
186.571
182.211
177.823
173.546
169.531
165.931
162.897
160.572
159.071
158.492
158.833
159.948
161.145
139.779
131.991
123.06
113.522
104.13
94.2456
84.275
74.5069
64.8254
55.3832
46.2198
37.2799
28.6016
20.176
12.0059
4.12481
-3.42007
-10.5562
-17.1885
-23.2067
-28.4744
-32.8649
-36.2281
-38.45
-39.4873
-39.2767
-37.6786
-34.5397
-29.7292
-23.1453
-14.7212
-4.42663
7.72539
21.674
37.2844
54.3526
72.4261
90.9142
107.839
147.046
153.953
161.454
169.231
176.522
183.467
189.795
195.067
199.205
202.365
204.651
206.198
207.18
207.718
207.902
207.793
207.42
206.794
205.906
204.729
203.225
201.345
199.028
196.231
192.998
189.433
185.622
181.649
177.616
173.646
169.879
166.458
163.528
161.223
159.656
158.914
158.994
159.742
160.548
138.389
130.964
122.457
113.382
104.463
95.0871
85.6452
76.4128
67.2788
58.3875
49.7755
41.3898
33.2643
25.3867
17.7571
10.4058
3.37077
-3.28557
-9.47624
-15.1015
-20.041
-24.1776
-27.378
-29.5335
-30.6095
-30.5531
-29.2333
-26.4987
-22.2149
-16.2725
-8.59356
0.866182
12.1073
25.082
39.6684
55.6654
72.6467
90.023
106.009
145.324
151.919
159.09
166.537
173.526
180.193
186.279
191.36
195.357
198.421
200.651
202.177
203.165
203.734
203.97
203.936
203.663
203.161
202.425
201.433
200.15
198.529
196.511
194.052
191.185
188
184.571
180.966
177.278
173.614
170.098
166.865
164.05
161.781
160.162
159.274
159.115
159.53
159.983
137.094
130.015
121.909
113.274
104.802
95.9074
86.9646
78.236
69.6161
61.2427
53.1477
45.2796
37.6705
30.3068
23.1829
16.3261
9.77102
3.57007
-2.20113
-7.45099
-12.069
-15.9499
-18.977
-21.0473
-22.1325
-22.1913
-21.1032
-18.7204
-14.9079
-9.55266
-2.56793
6.10106
16.4681
28.4967
42.0789
57.0216
72.9286
89.2251
104.298
143.713
150.012
156.87
164.001
170.702
177.103
182.957
187.854
191.715
194.687
196.863
198.366
199.357
199.95
200.232
200.262
200.074
199.681
199.078
198.248
197.159
195.769
194.02
191.867
189.335
186.502
183.429
180.175
176.817
173.452
170.19
167.151
164.461
162.24
160.588
159.573
159.196
159.31
159.448
135.889
129.139
121.414
113.197
105.148
96.7086
88.2378
79.9858
71.8491
63.9613
56.3513
48.9686
41.8414
34.9569
28.3081
21.915
15.8089
10.0371
4.66582
-0.224693
-4.53321
-8.16044
-11.007
-12.9787
-14.0509
-14.1921
-13.2942
-11.2158
-7.82433
-3.004
3.3365
11.2609
20.7927
31.9077
44.5113
58.4232
73.2772
88.5274
102.714
142.208
148.226
154.786
161.617
168.042
174.188
179.819
184.538
188.269
191.152
193.274
194.753
195.744
196.358
196.679
196.765
196.65
196.35
195.864
195.176
194.258
193.072
191.564
189.688
187.461
184.951
182.209
179.285
176.244
173.168
170.155
167.315
164.759
162.599
160.928
159.807
159.237
159.081
158.939
134.771
128.333
120.971
113.15
105.503
97.4941
89.4689
81.6657
73.9862
66.5545
59.3991
52.4716
45.7967
39.3595
33.1536
27.1961
21.5114
16.1417
11.1489
6.60263
2.59244
-0.788236
-3.45158
-5.31304
-6.3552
-6.55344
-5.81015
-3.99408
-0.976421
3.35767
9.1031
16.3287
25.0674
35.3049
46.9606
59.8691
73.6981
87.9363
101.262
140.806
146.557
152.833
159.377
165.538
171.439
176.856
181.404
185.009
187.804
189.874
191.328
192.318
192.949
193.302
193.436
193.385
193.166
192.782
192.218
191.45
190.444
189.15
187.523
185.574
183.36
180.925
178.308
175.566
172.768
170
167.358
164.944
162.857
161.182
159.974
159.237
158.843
158.454
133.738
127.594
120.577
113.132
105.865
98.2647
90.6613
83.2821
76.0325
69.0312
62.3028
55.8012
49.5498
43.5323
37.7403
32.1897
26.9013
21.9104
17.2725
13.0527
9.33027
6.18891
3.70605
1.96101
0.963816
0.729938
1.34744
2.93845
5.62522
9.51945
14.7165
21.2895
29.2782
38.6775
49.4209
61.359
74.1938
87.4558
99.95
139.502
144.998
151.005
157.274
163.182
168.848
174.058
178.442
181.924
184.635
186.653
188.082
189.067
189.712
190.094
190.27
190.275
190.127
189.829
189.373
188.738
187.891
186.787
185.382
183.685
181.74
179.587
177.256
174.794
172.261
169.73
167.284
165.015
163.011
161.348
160.074
159.193
158.594
157.992
132.784
126.921
120.23
113.141
106.235
99.0219
91.818
84.8392
77.9948
71.3988
65.0725
58.9705
53.1153
47.4906
42.0864
36.9156
31.9978
27.3636
23.0607
19.1482
15.6994
12.7902
10.4852
8.85827
7.91538
7.66351
8.17992
9.57826
11.9727
15.4702
20.164
26.1298
33.4128
42.0162
51.886
62.8913
74.7667
87.09
98.7799
138.291
143.545
149.294
155.301
160.966
166.408
171.419
175.644
179.008
181.635
183.601
185.005
185.984
186.64
187.046
187.258
187.312
187.226
187.005
186.642
186.122
185.415
184.479
183.273
181.801
180.102
178.206
176.139
173.938
171.655
169.351
167.099
164.976
163.062
161.425
160.104
159.106
158.332
157.549
131.905
126.31
119.928
113.178
106.614
99.766
92.9402
86.3404
79.8788
73.6638
67.7157
61.9898
56.506
51.2484
46.2073
41.3924
36.8203
32.5196
28.5326
24.9104
21.72
19.0327
16.9023
15.3939
14.5103
14.2538
14.6906
15.924
18.0606
21.2008
25.4347
30.8382
37.4602
45.311
54.3497
64.4627
75.4181
86.8406
97.7546
137.167
142.191
147.693
153.45
158.884
164.11
168.93
173.001
176.25
178.796
180.711
182.088
183.061
183.724
184.15
184.394
184.49
184.457
184.304
184.023
183.603
183.018
182.23
181.202
179.932
178.453
176.791
174.966
173.008
170.959
168.871
166.806
164.83
163.013
161.412
160.065
158.974
158.055
157.12
131.097
125.756
119.67
113.241
107
100.499
94.03
87.788
81.6887
75.833
70.2399
64.8672
59.7324
54.8187
50.1163
45.6348
41.3867
37.3971
33.7055
30.3578
27.4119
24.9342
22.9719
21.5819
20.762
20.5094
20.8833
21.9761
23.8856
26.7048
30.52
35.4046
41.4102
48.5538
56.8053
66.0695
76.1467
86.7084
96.8754
136.126
140.929
146.196
151.714
156.927
161.947
166.584
170.507
173.644
176.111
177.975
179.324
180.288
180.956
181.399
181.67
181.803
181.817
181.721
181.513
181.18
180.702
180.045
179.173
178.083
176.803
175.353
173.748
172.014
170.182
168.298
166.412
164.582
162.866
161.313
159.955
158.795
157.761
156.703
130.355
125.256
119.451
113.328
107.393
101.221
95.0897
89.1855
83.427
77.9106
72.6521
67.6108
62.8034
58.2124
53.8272
49.6562
45.7112
42.0133
38.5974
35.5062
32.7919
30.5128
28.7103
27.4354
26.6817
26.4406
26.7644
27.7368
29.4462
31.9779
35.4127
39.8206
45.2543
51.736
59.2463
67.7075
76.9503
86.6918
96.1413
135.16
139.753
144.796
150.084
155.087
159.91
164.372
168.153
171.183
173.572
175.386
176.707
177.658
178.33
178.786
179.079
179.244
179.299
179.254
179.107
178.851
178.467
177.924
177.19
176.261
175.159
173.899
172.495
170.964
169.334
167.641
165.926
164.237
162.625
161.129
159.776
158.569
157.446
156.294
129.673
124.806
119.269
113.437
107.793
101.932
96.1203
90.535
85.0981
79.9008
74.9579
70.2283
65.7274
61.4388
57.3511
53.4706
49.8076
46.3823
43.2247
40.3729
37.8751
35.7836
34.1335
32.9683
32.2806
32.0573
32.342
33.2106
34.7432
37.0175
40.1076
44.0797
48.9853
54.8508
61.6666
69.3716
77.8255
86.7884
95.5506
134.264
138.656
143.485
148.555
153.356
157.991
162.286
165.931
168.858
171.172
172.936
174.228
175.166
175.837
176.304
176.616
176.807
176.897
176.896
176.804
176.614
176.312
175.87
175.258
174.471
173.526
172.437
171.213
169.868
168.423
166.907
165.355
163.803
162.295
160.864
159.53
158.295
157.109
155.886
129.046
124.4
119.119
113.565
108.198
102.632
97.1228
91.8387
86.7052
81.8081
77.1612
72.725
68.5123
64.5065
60.6971
57.0889
53.6897
50.5177
47.6012
44.9736
42.6774
40.7611
39.2553
38.1955
37.5716
37.3689
37.6239
38.4034
39.7796
41.8233
44.6016
48.1762
52.5965
57.8916
64.06
71.0564
78.7676
86.9938
95.0998
133.433
137.633
142.257
147.118
151.726
156.182
160.317
163.832
166.661
168.904
170.619
171.881
172.805
173.473
173.946
174.274
174.488
174.607
174.643
174.599
174.467
174.236
173.881
173.377
172.715
171.911
170.975
169.913
168.735
167.459
166.107
164.706
163.287
161.883
160.521
159.219
157.975
156.747
155.476
128.47
124.036
119
113.71
108.607
103.321
98.0981
93.0981
88.2506
83.6364
79.2675
75.1063
71.1642
67.4241
63.8745
60.5203
57.3681
54.4329
51.7402
49.3213
47.2139
45.4607
44.0894
43.1296
42.5677
42.3871
42.6188
43.3219
44.5598
46.3967
48.8935
52.1066
56.0828
60.8524
66.4208
72.7564
79.7713
87.3028
94.7836
132.662
136.679
141.106
145.767
150.192
154.475
158.458
161.85
164.585
166.759
168.427
169.659
170.568
171.232
171.709
172.048
172.28
172.424
172.492
172.488
172.406
172.237
171.959
171.549
170.998
170.318
169.517
168.599
167.573
166.451
165.249
163.989
162.696
161.395
160.107
158.846
157.609
156.359
155.061
127.941
123.709
118.907
113.869
109.017
103.998
99.0466
94.3154
89.7372
85.3891
81.2817
77.3781
73.6892
70.1978
66.8918
63.7747
60.8525
58.1384
55.6546
53.4293
51.4975
49.8964
48.65
47.7832
47.281
47.1237
47.3369
47.9735
49.0893
50.7409
52.9836
55.8687
59.4401
63.7279
68.7429
74.4658
80.8308
87.7091
94.596
131.947
135.789
140.028
144.498
148.746
152.865
156.702
159.976
162.621
164.729
166.352
167.557
168.449
169.107
169.586
169.932
170.179
170.344
170.439
170.468
170.429
170.313
170.103
169.775
169.322
168.751
168.069
167.28
166.389
165.405
164.341
163.212
162.038
160.837
159.627
158.415
157.197
155.945
154.637
127.457
123.418
118.838
114.041
109.428
104.662
99.9684
95.4917
91.1675
87.0694
83.2072
79.5454
76.0931
72.834
69.7559
66.8607
64.1527
61.6443
59.3553
57.3104
55.541
54.0809
52.9507
52.1699
51.7232
51.5893
51.7886
52.3668
53.3741
54.8601
56.8739
59.4621
62.6655
66.5136
71.0208
76.1782
81.9393
88.2058
94.5302
131.285
134.96
139.02
143.306
147.385
151.346
155.043
158.204
160.763
162.808
164.387
165.565
166.442
167.092
167.571
167.923
168.18
168.361
168.478
168.536
168.533
168.463
168.311
168.055
167.687
167.213
166.637
165.962
165.191
164.331
163.392
162.384
161.321
160.218
159.086
157.93
156.744
155.503
154.201
127.015
123.159
118.792
114.224
109.837
105.312
100.863
96.6276
92.5435
88.6807
85.0484
81.6129
78.382
75.3396
72.4735
69.7853
67.2773
64.9603
62.8522
60.9752
59.3565
58.0267
57.0039
56.3029
55.9073
55.7955
55.9837
56.5112
57.4218
58.7597
60.5677
62.8878
65.7575
69.2055
73.249
77.887
83.0897
88.7853
94.5785
130.673
134.188
138.077
142.187
146.104
149.914
153.476
156.527
159.003
160.988
162.526
163.678
164.539
165.182
165.658
166.014
166.28
166.473
166.607
166.689
166.717
166.686
166.583
166.389
166.096
165.706
165.223
164.649
163.986
163.237
162.41
161.512
160.554
159.544
158.49
157.395
156.251
155.035
153.752
126.612
122.93
118.765
114.415
110.244
105.948
101.731
97.7236
93.8664
90.2257
86.8093
83.5852
80.5611
77.7208
75.0522
72.5561
70.2343
68.0954
66.1551
64.4335
62.955
61.7457
60.8214
60.194
59.8457
59.7542
59.9329
60.4159
61.2408
62.4459
64.0691
66.1476
68.7157
71.8008
75.4223
79.5855
84.2744
89.4395
94.7327
130.108
133.472
137.196
141.139
144.9
148.564
151.996
154.942
157.338
159.265
160.763
161.888
162.734
163.369
163.844
164.202
164.472
164.675
164.824
164.924
164.977
164.979
164.918
164.778
164.549
164.233
163.832
163.347
162.778
162.128
161.402
160.605
159.743
158.823
157.847
156.816
155.72
154.54
153.288
126.245
122.729
118.756
114.613
110.648
106.568
102.572
98.7803
95.1375
91.7061
88.4928
85.467
82.6355
79.9834
77.4985
75.1809
73.0315
71.0579
69.2733
67.6953
66.3462
65.2486
64.4153
63.8551
63.5499
63.4773
63.6476
64.0908
64.8393
65.9257
67.383
69.2444
71.5405
74.2977
77.5365
81.2673
85.4852
90.1597
94.9842
129.589
132.808
136.376
140.158
143.77
147.294
150.6
153.444
155.762
157.632
159.091
160.191
161.022
161.649
162.121
162.479
162.754
162.964
163.123
163.238
163.312
163.34
163.315
163.221
163.048
162.796
162.466
162.059
161.574
161.012
160.377
159.671
158.898
158.061
157.162
156.197
155.156
154.019
152.809
125.913
122.555
118.764
114.817
111.046
107.173
103.385
99.7976
96.3577
93.1236
90.1014
87.2617
84.6104
82.1331
79.8188
77.6665
75.6767
73.8556
72.2152
70.7703
69.5403
68.5454
67.7959
67.2974
67.0315
66.9761
67.139
67.5463
68.2261
69.2064
70.5153
72.1817
74.2333
76.695
79.5877
82.9262
86.7143
90.9367
95.3241
129.111
132.193
135.613
139.241
142.71
146.099
149.284
152.029
154.272
156.086
157.506
158.581
159.397
160.016
160.484
160.843
161.12
161.335
161.502
161.629
161.719
161.769
161.774
161.719
161.593
161.396
161.129
160.789
160.378
159.894
159.34
158.717
158.026
157.268
156.442
155.543
154.561
153.476
152.313
125.614
122.405
118.786
115.025
111.438
107.76
104.169
100.776
97.5274
94.4796
91.6373
88.9722
86.4897
84.1755
82.0192
80.02
78.1776
76.4973
74.9895
73.6671
72.5469
71.6461
70.9733
70.5315
70.3016
70.2616
70.4179
70.7931
71.4109
72.2959
73.472
74.9639
76.7962
78.9922
81.5732
84.5567
87.9537
91.7613
95.7427
128.673
131.624
134.902
138.384
141.717
144.977
148.045
150.694
152.864
154.622
156.004
157.054
157.854
158.464
158.928
159.286
159.565
159.784
159.958
160.094
160.196
160.265
160.293
160.271
160.186
160.036
159.822
159.541
159.194
158.78
158.298
157.749
157.132
156.448
155.693
154.86
153.94
152.91
151.801
125.345
122.277
118.822
115.237
111.823
108.33
104.925
101.714
98.6471
95.775
93.1021
90.6011
88.2766
86.1149
84.1055
82.2479
80.5414
78.9908
77.6047
76.3946
75.3749
74.5605
73.9577
73.5673
73.3703
73.3446
73.495
73.841
74.4032
75.2026
76.2596
77.5954
79.2317
81.1896
83.4904
86.1537
89.1961
92.6242
96.2303
128.272
131.098
134.241
137.584
140.786
143.923
146.879
149.436
151.534
153.238
154.581
155.606
156.389
156.99
157.449
157.805
158.086
158.308
158.486
158.629
158.741
158.824
158.872
158.877
158.826
158.716
158.548
158.318
158.027
157.673
157.256
156.773
156.225
155.609
154.921
154.154
153.295
152.325
151.275
125.102
122.169
118.869
115.451
112.202
108.881
105.653
102.614
99.7172
97.0106
94.4973
92.1505
89.9741
87.9549
86.0826
84.3562
82.7751
81.3435
80.069
78.9615
78.0336
77.2978
76.7587
76.415
76.2476
76.2351
76.3803
76.7
77.2123
77.9348
78.8851
80.0815
81.5426
83.2878
85.3376
87.7129
90.4345
93.5167
96.7769
127.904
130.611
133.626
136.835
139.914
142.933
145.782
148.25
150.278
151.93
153.235
154.233
154.999
155.59
156.043
156.397
156.677
156.901
157.083
157.231
157.352
157.446
157.51
157.536
157.514
157.438
157.309
157.123
156.881
156.58
156.219
155.797
155.31
154.757
154.133
153.429
152.632
151.724
150.734
124.884
122.079
118.927
115.666
112.572
109.415
106.352
103.475
100.739
98.1877
95.8241
93.6222
91.5847
89.6987
87.9542
86.3499
84.8848
83.5626
82.3902
81.3764
80.5319
79.8674
79.3857
79.0842
78.9435
78.9426
79.0833
79.3797
79.8472
80.5008
81.3557
82.4274
83.7323
85.2878
87.1133
89.2303
91.6626
94.4303
97.3731
127.566
130.161
133.052
136.135
139.096
142.003
144.75
147.133
149.094
150.694
151.961
152.933
153.682
154.26
154.707
155.058
155.337
155.561
155.746
155.898
156.025
156.128
156.205
156.25
156.251
156.203
156.106
155.959
155.758
155.503
155.192
154.823
154.393
153.898
153.334
152.69
151.955
151.108
150.182
124.687
122.004
118.992
115.881
112.934
109.932
107.024
104.299
101.713
99.3075
97.0843
95.0181
93.1108
91.3494
89.7241
88.2333
86.8759
85.6546
84.5758
83.6474
82.8786
82.2783
81.8483
81.5844
81.4675
81.4768
81.6135
81.8891
82.3165
82.9086
83.6784
84.639
85.8047
87.1912
88.8168
90.7028
92.8748
95.3574
98.0095
127.256
129.743
132.518
135.48
138.328
141.128
143.778
146.08
147.977
149.527
150.757
151.702
152.432
152.999
153.438
153.784
154.061
154.286
154.471
154.627
154.758
154.868
154.956
155.015
155.036
155.012
154.943
154.827
154.662
154.447
154.18
153.858
153.479
153.037
152.528
151.942
151.266
150.482
149.619
124.511
121.944
119.064
116.095
113.287
110.43
107.669
105.087
102.641
100.372
98.2799
96.3404
94.5546
92.9097
91.3957
90.0106
88.7529
87.625
86.6323
85.7818
85.0816
84.5394
84.1555
83.9251
83.829
83.8473
83.98
84.2368
84.6285
85.166
85.8599
86.7217
87.7636
88.9999
90.4476
92.1274
94.0659
96.2907
98.6776
126.971
129.356
132.019
134.867
137.608
140.306
142.863
145.087
146.923
148.425
149.619
150.538
151.249
151.803
152.233
152.574
152.848
153.071
153.257
153.414
153.549
153.665
153.761
153.832
153.869
153.865
153.819
153.73
153.596
153.415
153.187
152.907
152.572
152.179
151.722
151.19
150.572
149.848
149.048
124.351
121.894
119.141
116.307
113.629
110.91
108.287
105.839
103.525
101.383
99.4132
97.5917
95.9191
94.3825
92.9721
91.6853
90.5203
89.4788
88.5655
87.7864
87.1487
86.6587
86.3162
86.1152
86.0373
86.0631
86.1919
86.4317
86.7916
87.2803
87.907
88.681
89.6131
90.716
92.0056
93.5018
95.2315
97.2238
99.3694
126.709
128.997
131.555
134.293
136.932
139.533
142.001
144.151
145.928
147.384
148.544
149.437
150.13
150.669
151.09
151.424
151.694
151.916
152.101
152.259
152.396
152.516
152.619
152.7
152.75
152.762
152.735
152.669
152.561
152.41
152.215
151.972
151.677
151.328
150.918
150.438
149.875
149.21
148.471
124.208
121.855
119.221
116.514
113.961
111.372
108.879
106.556
104.366
102.343
100.487
98.7749
97.2073
95.7713
94.457
93.2614
92.1823
91.2207
90.3807
89.6672
89.0866
88.644
88.3384
88.1635
88.1013
88.1333
88.258
88.4823
88.8135
89.2589
89.8258
90.5221
91.357
92.3418
93.4912
94.8242
96.3674
98.1507
100.078
126.469
128.665
131.123
133.757
136.299
138.807
141.19
143.269
144.99
146.402
147.528
148.396
149.07
149.596
150.007
150.334
150.599
150.817
151.001
151.159
151.297
151.42
151.528
151.617
151.678
151.704
151.693
151.646
151.56
151.435
151.268
151.057
150.799
150.489
150.122
149.689
149.178
148.57
147.891
124.08
121.825
119.304
116.716
114.28
111.814
109.444
107.239
105.165
103.253
101.503
99.8928
98.4226
97.0797
95.8542
94.7429
93.7431
92.8555
92.083
91.4299
90.9015
90.502
90.2297
90.0779
90.0293
90.0663
90.187
90.397
90.7023
91.1088
91.6227
92.2502
92.9992
93.8796
94.905
96.0933
97.4704
99.0662
100.795
126.249
128.359
130.721
133.257
135.706
138.125
140.427
142.438
144.105
145.474
146.568
147.413
148.069
148.581
148.981
149.3
149.56
149.774
149.955
150.112
150.251
150.375
150.487
150.582
150.652
150.689
150.693
150.661
150.595
150.491
150.349
150.167
149.94
149.666
149.338
148.949
148.486
147.931
147.31
123.966
121.802
119.387
116.913
114.587
112.237
109.981
107.888
105.922
104.114
102.463
100.948
99.568
98.3111
97.1676
96.134
95.2074
94.3878
93.6774
93.0799
92.5993
92.239
91.997
91.8659
91.8291
91.8701
91.9868
92.1836
92.4654
92.8373
93.3038
93.8704
94.5435
95.3319
96.2478
97.308
98.5375
99.9656
101.516
126.048
128.076
130.349
132.791
135.152
137.487
139.71
141.656
143.271
144.599
145.662
146.483
147.122
147.621
148.011
148.322
148.575
148.784
148.963
149.118
149.256
149.381
149.495
149.595
149.672
149.719
149.733
149.716
149.665
149.581
149.461
149.302
149.104
148.861
148.569
148.22
147.801
147.297
146.731
123.864
121.787
119.471
117.103
114.881
112.639
110.492
108.503
106.639
104.928
103.37
101.943
100.646
99.4689
98.401
97.439
96.5795
95.8223
95.169
94.6223
94.1856
93.8612
93.6465
93.5342
93.5079
93.5522
93.6649
93.8496
94.1103
94.451
94.8754
95.3879
95.9939
96.7011
97.5205
98.4676
99.5662
100.845
102.236
125.865
127.816
130.004
132.358
134.635
136.889
139.038
140.922
142.485
143.774
144.807
145.606
146.228
146.714
147.094
147.396
147.643
147.847
148.021
148.174
148.311
148.436
148.552
148.655
148.738
148.792
148.816
148.81
148.773
148.705
148.604
148.467
148.293
148.078
147.818
147.505
147.128
146.671
146.155
123.773
121.777
119.555
117.286
115.16
113.02
110.974
109.084
107.315
105.696
104.224
102.879
101.66
100.556
99.5579
98.6616
97.8639
97.1639
96.5628
96.0625
95.6658
95.3742
95.1844
95.089
95.0722
95.1194
95.2283
95.402
95.6438
95.9566
96.3435
96.8078
97.3545
97.99
98.7243
99.5717
100.555
101.7
102.947
125.698
127.576
129.684
131.955
134.153
136.331
138.409
140.233
141.747
142.998
144.002
144.779
145.384
145.857
146.227
146.522
146.762
146.961
147.131
147.28
147.415
147.539
147.655
147.761
147.848
147.908
147.94
147.944
147.919
147.865
147.78
147.662
147.51
147.32
147.089
146.808
146.469
146.055
145.587
123.692
121.772
119.637
117.461
115.425
113.38
111.429
109.63
107.951
106.417
105.025
103.757
102.611
101.575
100.641
99.8056
99.0646
98.417
97.8636
97.4057
97.0454
96.7835
96.6164
96.5363
96.528
96.5778
96.6834
96.8473
97.0721
97.3602
97.7136
98.1353
98.6293
99.2014
99.8606
100.62
101.501
102.528
103.648
125.545
127.355
129.388
131.581
133.705
135.811
137.821
139.588
141.054
142.268
143.244
144
144.588
145.049
145.409
145.697
145.93
146.123
146.289
146.434
146.566
146.689
146.805
146.913
147.003
147.068
147.106
147.117
147.102
147.06
146.99
146.889
146.756
146.589
146.383
146.132
145.827
145.453
145.029
123.619
121.771
119.718
117.628
115.677
113.719
111.857
110.143
108.547
107.092
105.776
104.58
103.5
102.528
101.654
100.874
100.185
99.5857
99.0759
98.6568
98.3296
98.0947
97.9481
97.8818
97.8813
97.9334
98.0362
98.1914
98.4012
98.6673
98.9912
99.3751
99.8223
100.338
100.931
101.613
102.404
103.327
104.332
125.405
127.152
129.114
131.233
133.287
135.325
137.272
138.985
140.405
141.584
142.533
143.268
143.84
144.288
144.639
144.919
145.146
145.334
145.495
145.636
145.765
145.885
146.001
146.109
146.201
146.27
146.313
146.331
146.324
146.293
146.234
146.148
146.033
145.885
145.702
145.478
145.204
144.867
144.483
123.555
121.773
119.795
117.786
115.914
114.038
112.258
110.622
109.104
107.723
106.477
105.347
104.33
103.416
102.597
101.87
101.229
100.674
100.204
99.8202
99.5233
99.313
99.1849
99.131
99.1375
99.1918
99.292
99.4397
99.6363
99.8831
100.181
100.531
100.938
101.404
101.938
102.552
103.263
104.093
104.998
125.278
126.965
128.862
130.913
132.9
134.874
136.759
138.421
139.796
140.943
141.867
142.581
143.137
143.573
143.915
144.187
144.408
144.591
144.747
144.885
145.01
145.128
145.241
145.349
145.443
145.514
145.561
145.585
145.585
145.562
145.514
145.441
145.341
145.211
145.049
144.849
144.603
144.299
143.952
123.496
121.776
119.869
117.934
116.134
114.335
112.631
111.069
109.623
108.31
107.13
106.063
105.102
104.242
103.475
102.795
102.199
101.684
101.251
100.9
100.631
100.443
100.332
100.289
100.302
100.358
100.456
100.597
100.783
101.012
101.288
101.609
101.979
102.402
102.884
103.437
104.077
104.826
105.641
125.163
126.795
128.631
130.619
132.544
134.458
136.285
137.897
139.225
140.342
141.243
141.937
142.477
142.901
143.234
143.499
143.715
143.893
144.044
144.178
144.3
144.415
144.526
144.633
144.727
144.8
144.85
144.879
144.885
144.869
144.83
144.768
144.681
144.567
144.424
144.246
144.026
143.752
143.438
123.445
121.78
119.937
118.071
116.339
114.609
112.977
111.482
110.104
108.853
107.736
106.728
105.819
105.009
104.289
103.654
103.099
102.621
102.222
101.9
101.657
101.489
101.393
101.361
101.38
101.438
101.534
101.669
101.844
102.059
102.315
102.611
102.949
103.334
103.77
104.27
104.847
105.523
106.259
125.058
126.641
128.422
130.351
132.218
134.077
135.849
137.413
138.69
139.781
140.661
141.335
141.859
142.272
142.596
142.854
143.064
143.237
143.385
143.515
143.634
143.746
143.855
143.96
144.053
144.128
144.181
144.213
144.224
144.214
144.183
144.13
144.054
143.954
143.828
143.67
143.473
143.227
142.945
123.4
121.786
120.002
118.2
116.529
114.864
113.297
111.864
110.548
109.354
108.296
107.34
106.478
105.714
105.041
104.448
103.93
103.487
103.119
102.825
102.605
102.456
102.374
102.352
102.376
102.436
102.53
102.66
102.827
103.029
103.267
103.542
103.853
104.204
104.6
105.052
105.574
106.185
106.85
124.965
126.501
128.229
130.104
131.916
133.722
135.443
136.962
138.199
139.266
140.123
140.775
141.284
141.686
142.001
142.252
142.456
142.625
142.768
142.895
143.011
143.12
143.226
143.33
143.422
143.497
143.551
143.586
143.601
143.596
143.572
143.527
143.461
143.373
143.261
143.121
142.946
142.725
142.471
123.361
121.794
120.066
118.321
116.708
115.103
113.597
112.219
110.962
109.821
108.816
107.899
107.075
106.357
105.729
105.175
104.692
104.282
103.944
103.676
103.477
103.346
103.278
103.264
103.293
103.355
103.448
103.574
103.732
103.923
104.147
104.402
104.69
105.012
105.374
105.784
106.257
106.811
107.412
124.881
126.374
128.053
129.875
131.633
133.388
135.056
136.53
137.741
138.801
139.634
140.259
140.752
141.144
141.45
141.693
141.891
142.055
142.195
142.319
142.431
142.537
142.641
142.743
142.834
142.908
142.964
143
143.019
143.018
142.999
142.961
142.903
142.826
142.727
142.602
142.446
142.249
142.021
123.33
121.797
120.107
118.408
116.843
115.292
113.851
112.536
111.36
110.274
109.38
108.474
107.645
106.948
106.342
105.803
105.333
104.935
104.609
104.352
104.163
104.04
103.979
103.97
104.002
104.064
104.156
104.279
104.433
104.616
104.831
105.075
105.347
105.65
105.989
106.371
106.81
107.322
107.879
124.818
126.28
127.923
129.703
131.41
133.113
134.704
136.093
137.213
138.342
139.187
139.801
140.291
140.685
140.991
141.234
141.431
141.594
141.734
141.857
141.969
142.076
142.18
142.281
142.373
142.447
142.504
142.542
142.563
142.565
142.549
142.515
142.463
142.392
142.301
142.187
142.044
141.862
141.653
123.305
121.799
120.141
118.48
116.957
115.457
114.079
112.829
111.743
110.706
109.955
109.039
108.18
107.49
106.896
106.358
105.887
105.491
105.168
104.914
104.727
104.606
104.546
104.539
104.572
104.634
104.724
104.846
104.996
105.173
105.384
105.62
105.882
106.173
106.496
106.858
107.273
107.755
108.278
124.768
126.204
127.816
129.557
131.212
132.859
134.364
135.669
136.673
137.902
138.778
139.39
139.884
140.286
140.599
140.844
141.043
141.209
141.35
141.475
141.589
141.696
141.802
141.905
141.998
142.074
142.131
142.171
142.193
142.198
142.185
142.153
142.104
142.038
141.952
141.845
141.71
141.54
141.344
123.28
121.8
120.172
118.547
117.064
115.611
114.29
113.099
112.091
111.091
110.47
109.557
108.679
108
107.421
106.891
106.424
106.032
105.713
105.464
105.281
105.163
105.107
105.102
105.136
105.198
105.288
105.407
105.554
105.725
105.933
106.162
106.414
106.692
107
107.344
107.734
108.188
108.678
124.72
126.131
127.715
129.418
131.027
132.623
134.048
135.288
136.178
137.478
138.386
138.994
139.488
139.896
140.212
140.46
140.661
140.827
140.97
141.096
141.211
141.32
141.426
141.531
141.625
141.701
141.76
141.801
141.825
141.831
141.82
141.792
141.746
141.683
141.603
141.502
141.375
141.216
141.033
123.256
121.799
120.199
118.607
117.16
115.75
114.48
113.34
112.398
111.428
110.915
110.022
109.14
108.475
107.914
107.396
106.936
106.552
106.241
105.998
105.82
105.708
105.656
105.655
105.69
105.753
105.841
105.959
106.104
106.269
106.473
106.695
106.937
107.204
107.498
107.824
108.193
108.62
109.077
124.674
126.063
127.62
129.289
130.856
132.407
133.761
134.952
135.736
137.074
138.009
138.616
139.107
139.516
139.836
140.084
140.286
140.453
140.596
140.722
140.838
140.948
141.056
141.161
141.256
141.334
141.393
141.434
141.46
141.468
141.459
141.434
141.391
141.332
141.256
141.161
141.042
140.892
140.721
123.233
121.797
120.221
118.658
117.244
115.871
114.644
113.549
112.66
111.713
111.282
110.426
109.557
108.91
108.369
107.868
107.42
107.046
106.745
106.51
106.341
106.236
106.189
106.191
106.229
106.293
106.38
106.497
106.639
106.799
107
107.216
107.449
107.705
107.986
108.296
108.645
109.046
109.474
124.631
125.999
127.533
129.172
130.704
132.214
133.509
134.66
135.353
136.696
137.647
138.256
138.742
139.151
139.472
139.721
139.922
140.089
140.232
140.359
140.475
140.585
140.694
140.8
140.896
140.974
141.033
141.076
141.102
141.112
141.106
141.082
141.043
140.988
140.917
140.827
140.715
140.574
140.414
123.211
121.793
120.238
118.7
117.312
115.971
114.779
113.72
112.871
111.94
111.57
110.764
109.926
109.301
108.781
108.301
107.87
107.509
107.22
106.997
106.837
106.74
106.701
106.708
106.748
106.813
106.901
107.017
107.158
107.313
107.511
107.721
107.946
108.191
108.461
108.756
109.086
109.464
109.863
124.592
125.943
127.457
129.069
130.573
132.049
133.296
134.417
135.031
136.348
137.305
137.916
138.397
138.802
139.123
139.373
139.574
139.741
139.883
140.009
140.125
140.235
140.344
140.452
140.548
140.626
140.686
140.729
140.756
140.767
140.763
140.742
140.706
140.655
140.588
140.503
140.398
140.265
140.116
123.189
121.784
120.244
118.725
117.358
116.043
114.878
113.846
113.025
112.105
111.775
111.032
110.242
109.645
109.147
108.69
108.28
107.936
107.661
107.451
107.303
107.216
107.184
107.196
107.24
107.308
107.397
107.513
107.653
107.805
108
108.205
108.423
108.66
108.918
109.201
109.515
109.873
110.247
124.559
125.898
127.398
128.99
130.473
131.919
133.129
134.223
134.768
136.033
136.983
137.598
138.075
138.475
138.793
139.043
139.244
139.41
139.552
139.677
139.792
139.902
140.011
140.119
140.217
140.296
140.356
140.399
140.427
140.439
140.436
140.418
140.385
140.337
140.274
140.194
140.095
139.969
139.829
123.168
121.768
120.235
118.728
117.373
116.075
114.929
113.919
113.115
112.203
111.896
111.229
110.5
109.935
109.462
109.03
108.644
108.32
108.063
107.868
107.734
107.659
107.635
107.655
107.704
107.775
107.866
107.983
108.121
108.271
108.462
108.662
108.873
109.102
109.351
109.622
109.921
110.26
110.61
124.533
125.867
127.361
128.941
130.411
131.831
133.013
134.08
134.562
135.75
136.682
137.302
137.778
138.173
138.488
138.736
138.936
139.102
139.243
139.367
139.48
139.589
139.699
139.807
139.906
139.986
140.046
140.09
140.119
140.132
140.131
140.114
140.084
140.039
139.98
139.905
139.811
139.692
139.56
123.148
121.747
120.215
118.71
117.359
116.069
114.93
113.934
113.14
112.235
111.938
111.354
110.697
110.169
109.723
109.318
108.958
108.656
108.417
108.239
108.119
108.056
108.043
108.071
108.126
108.203
108.298
108.419
108.559
108.709
108.899
109.097
109.303
109.526
109.768
110.03
110.318
110.644
110.979
124.513
125.846
127.34
128.915
130.382
131.783
132.95
133.987
134.408
135.499
136.399
137.022
137.499
137.893
138.208
138.456
138.656
138.822
138.963
139.087
139.199
139.307
139.415
139.523
139.622
139.703
139.764
139.809
139.838
139.852
139.852
139.837
139.809
139.767
139.711
139.641
139.551
139.438
139.313
123.129
121.726
120.191
118.684
117.331
116.042
114.901
113.91
113.109
112.203
111.911
111.414
110.832
110.344
109.925
109.55
109.218
108.941
108.724
108.565
108.463
108.413
108.412
108.448
108.51
108.591
108.689
108.811
108.952
109.1
109.287
109.481
109.682
109.898
110.133
110.386
110.662
110.973
111.283
124.496
125.831
127.328
128.905
130.375
131.767
132.938
133.941
134.297
135.28
136.142
136.763
137.236
137.625
137.939
138.191
138.395
138.564
138.708
138.835
138.95
139.058
139.166
139.274
139.374
139.457
139.52
139.565
139.595
139.61
139.61
139.596
139.569
139.529
139.475
139.407
139.321
139.212
139.089
123.111
121.69
120.137
118.616
117.252
115.955
114.807
113.817
113
112.101
111.827
111.42
110.908
110.455
110.063
109.716
109.409
109.153
108.956
108.817
108.734
108.703
108.718
108.77
108.846
108.94
109.049
109.18
109.329
109.483
109.675
109.871
110.073
110.288
110.519
110.767
111.039
111.346
111.659
124.497
125.851
127.367
128.959
130.44
131.826
133.003
133.938
134.212
135.085
135.921
136.556
137.035
137.416
137.722
137.967
138.166
138.331
138.475
138.603
138.72
138.831
138.942
139.053
139.156
139.241
139.307
139.356
139.388
139.405
139.407
139.395
139.37
139.332
139.28
139.214
139.129
139.023
138.901
123.091
121.6
119.974
118.392
116.983
115.657
114.498
113.522
112.719
111.912
111.713
111.397
110.937
110.511
110.151
109.84
109.563
109.329
109.149
109.028
108.96
108.941
108.965
109.021
109.1
109.197
109.309
109.441
109.589
109.74
109.931
110.125
110.324
110.535
110.761
111.002
111.264
111.555
111.836
124.547
125.968
127.55
129.196
130.705
132.08
133.211
133.974
134.131
134.86
135.657
136.325
136.846
137.26
137.586
137.846
138.053
138.221
138.363
138.488
138.602
138.709
138.816
138.923
139.022
139.103
139.166
139.211
139.24
139.253
139.252
139.238
139.21
139.17
139.117
139.051
138.967
138.862
138.743
123.074
121.475
119.737
118.052
116.566
115.189
114.01
113.055
112.305
111.694
111.607
111.365
110.917
110.482
110.127
109.836
109.585
109.377
109.224
109.131
109.096
109.113
109.174
109.265
109.373
109.493
109.627
109.779
109.947
110.123
110.324
110.529
110.74
110.961
111.193
111.44
111.707
112.01
112.313
124.632
126.146
127.825
129.553
131.107
132.471
133.509
134.025
134.048
134.573
135.246
135.877
136.409
136.849
137.206
137.498
137.738
137.936
138.106
138.256
138.393
138.523
138.652
138.779
138.896
138.994
139.07
139.126
139.163
139.182
139.184
139.17
139.142
139.099
139.043
138.971
138.881
138.765
138.637
236.505
234.751
232.612
230.139
227.103
223.452
219.189
214.352
209.046
203.434
197.696
191.98
186.381
180.944
175.689
170.624
165.752
161.075
156.592
152.305
148.21
144.307
140.591
137.056
133.695
130.502
127.473
124.604
121.891
119.332
116.927
114.675
112.576
110.63
108.837
107.197
105.712
104.38
103.2
102.172
101.292
100.558
99.963
99.5029
99.1709
98.9596
98.862
98.8699
98.9749
99.168
99.4398
99.7807
100.181
100.632
101.125
101.651
102.203
102.774
103.357
103.947
104.538
105.126
105.705
106.272
106.823
107.356
107.865
108.293
108.664
109.036
109.408
109.78
110.145
110.508
110.848
111.205
111.488
111.866
112.019
112.506
236.187
232.716
229.009
225.151
221.216
217.278
213.393
209.587
205.876
202.274
198.792
195.441
192.229
189.166
186.258
183.509
180.922
178.5
176.24
174.141
172.197
170.403
168.752
167.236
165.847
164.576
163.416
162.357
161.393
160.512
159.708
158.972
158.295
157.671
157.092
156.554
156.05
155.574
155.123
154.689
154.266
153.85
153.437
153.022
152.601
152.173
151.735
151.286
150.826
150.353
149.869
149.373
148.867
148.352
147.83
147.304
146.774
146.244
145.715
145.189
144.67
144.16
143.662
143.178
142.71
142.261
141.833
141.481
141.183
140.884
140.583
140.286
139.995
139.716
139.454
139.213
138.994
138.809
138.653
138.543
169.7
169.33
169.048
168.808
168.549
168.279
167.981
167.607
167.098
166.403
165.488
164.342
162.972
161.392
159.619
157.67
155.567
153.328
150.976
148.532
146.017
143.452
140.86
138.262
135.68
133.13
130.629
128.19
125.823
123.54
121.348
119.254
117.264
115.383
113.615
111.965
110.435
109.028
107.746
106.592
105.565
104.665
103.891
103.241
102.71
102.295
101.99
101.791
101.69
101.681
101.757
101.909
102.13
102.411
102.744
103.12
103.533
103.975
104.439
104.92
105.412
105.91
106.408
106.903
107.389
107.864
108.322
108.709
109.047
109.385
109.726
110.068
110.404
110.741
111.056
111.39
111.656
112.017
112.165
112.634
169.901
170.117
170.611
171.032
171.383
171.647
171.815
171.883
171.851
171.72
171.493
171.172
170.763
170.269
169.698
169.058
168.357
167.605
166.814
165.992
165.152
164.302
163.452
162.611
161.787
160.986
160.215
159.478
158.778
158.117
157.495
156.909
156.359
155.841
155.352
154.889
154.451
154.034
153.634
153.248
152.874
152.504
152.137
151.77
151.398
151.02
150.633
150.237
149.83
149.412
148.982
148.541
148.09
147.629
147.161
146.686
146.206
145.724
145.241
144.758
144.28
143.807
143.342
142.889
142.45
142.026
141.622
141.289
141.007
140.724
140.439
140.156
139.879
139.612
139.358
139.124
138.91
138.728
138.578
138.474
150.068
149.695
149.316
148.952
148.564
148.14
147.676
147.171
146.627
146.047
145.441
144.815
144.173
143.514
142.827
142.101
141.324
140.482
139.568
138.574
137.497
136.335
135.09
133.764
132.363
130.894
129.367
127.794
126.188
124.564
122.936
121.316
119.719
118.157
116.641
115.181
113.788
112.47
111.234
110.086
109.033
108.077
107.222
106.469
105.82
105.271
104.823
104.471
104.213
104.043
103.959
103.953
104.019
104.15
104.34
104.58
104.865
105.186
105.538
105.914
106.309
106.718
107.135
107.557
107.977
108.394
108.799
109.146
109.45
109.755
110.064
110.376
110.683
110.992
111.282
111.591
111.838
112.178
112.322
112.77
150.336
150.581
150.84
151.088
151.367
151.667
151.987
152.322
152.668
153.021
153.376
153.726
154.066
154.391
154.693
154.969
155.212
155.418
155.583
155.704
155.78
155.808
155.788
155.722
155.613
155.462
155.275
155.058
154.815
154.553
154.277
153.989
153.695
153.396
153.095
152.793
152.491
152.191
151.894
151.598
151.304
151.009
150.712
150.41
150.102
149.786
149.46
149.124
148.776
148.417
148.045
147.662
147.268
146.863
146.449
146.027
145.599
145.166
144.73
144.293
143.857
143.423
142.996
142.576
142.167
141.771
141.391
141.079
140.814
140.547
140.279
140.013
139.751
139.497
139.255
139.029
138.823
138.647
138.503
138.401
150.369
150.135
149.885
149.631
149.362
149.058
148.701
148.274
147.764
147.159
146.461
145.678
144.826
143.92
142.974
141.995
140.985
139.949
138.888
137.803
136.697
135.568
134.417
133.243
132.045
130.821
129.573
128.3
127.004
125.69
124.361
123.024
121.685
120.353
119.037
117.744
116.484
115.266
114.099
112.989
111.945
110.973
110.078
109.265
108.538
107.897
107.343
106.877
106.496
106.199
105.982
105.844
105.778
105.78
105.844
105.964
106.133
106.344
106.593
106.873
107.178
107.503
107.844
108.195
108.552
108.911
109.266
109.574
109.845
110.12
110.401
110.685
110.965
111.249
111.515
111.801
112.029
112.349
112.486
112.918
150.56
150.729
150.877
151.013
151.138
151.247
151.343
151.426
151.496
151.555
151.603
151.643
151.675
151.701
151.722
151.738
151.753
151.765
151.775
151.784
151.79
151.792
151.789
151.779
151.758
151.726
151.681
151.622
151.548
151.459
151.356
151.24
151.111
150.969
150.814
150.649
150.472
150.286
150.092
149.891
149.684
149.47
149.249
149.02
148.782
148.533
148.273
148
147.715
147.416
147.104
146.78
146.443
146.094
145.734
145.365
144.988
144.604
144.216
143.824
143.43
143.037
142.646
142.26
141.882
141.514
141.159
140.866
140.617
140.366
140.113
139.863
139.616
139.376
139.146
138.931
138.734
138.566
138.427
138.324
146.64
146.411
146.175
145.949
145.728
145.507
145.276
145.025
144.743
144.419
144.042
143.604
143.102
142.538
141.916
141.238
140.505
139.719
138.881
137.99
137.052
136.068
135.042
133.98
132.884
131.761
130.613
129.444
128.26
127.062
125.856
124.645
123.433
122.226
121.029
119.848
118.688
117.555
116.456
115.397
114.384
113.424
112.523
111.686
110.917
110.221
109.599
109.052
108.582
108.188
107.868
107.622
107.446
107.338
107.293
107.305
107.371
107.483
107.637
107.826
108.047
108.292
108.558
108.841
109.135
109.438
109.741
110.009
110.248
110.493
110.745
111.003
111.258
111.518
111.761
112.025
112.233
112.534
112.661
113.079
146.811
146.948
147.091
147.238
147.385
147.533
147.679
147.824
147.966
148.103
148.235
148.359
148.474
148.58
148.675
148.759
148.83
148.89
148.939
148.977
149.005
149.023
149.034
149.036
149.032
149.021
149.003
148.979
148.949
148.913
148.872
148.826
148.774
148.715
148.648
148.572
148.486
148.39
148.283
148.166
148.039
147.903
147.756
147.6
147.432
147.251
147.058
146.851
146.629
146.393
146.142
145.877
145.598
145.305
145
144.684
144.358
144.024
143.682
143.336
142.986
142.634
142.282
141.931
141.586
141.246
140.918
140.644
140.41
140.175
139.938
139.703
139.471
139.245
139.028
138.825
138.639
138.479
138.345
138.239
141.986
141.781
141.566
141.356
141.146
140.937
140.728
140.513
140.284
140.035
139.76
139.45
139.104
138.719
138.297
137.84
137.349
136.825
136.265
135.668
135.032
134.355
133.638
132.879
132.08
131.242
130.367
129.456
128.512
127.54
126.542
125.524
124.492
123.449
122.403
121.358
120.321
119.297
118.292
117.312
116.361
115.447
114.574
113.748
112.975
112.259
111.604
111.012
110.485
110.024
109.629
109.301
109.038
108.839
108.701
108.621
108.594
108.617
108.683
108.79
108.93
109.099
109.294
109.509
109.741
109.986
110.237
110.464
110.67
110.883
111.105
111.335
111.564
111.8
112.022
112.265
112.454
112.734
112.851
113.254
142.134
142.254
142.384
142.519
142.659
142.804
142.955
143.111
143.272
143.438
143.608
143.782
143.959
144.138
144.319
144.498
144.677
144.852
145.023
145.189
145.348
145.5
145.644
145.777
145.901
146.012
146.112
146.2
146.275
146.339
146.393
146.436
146.471
146.496
146.512
146.519
146.515
146.499
146.472
146.432
146.381
146.317
146.242
146.155
146.055
145.941
145.814
145.671
145.513
145.339
145.15
144.944
144.723
144.487
144.237
143.974
143.699
143.414
143.121
142.82
142.514
142.204
141.891
141.579
141.267
140.959
140.658
140.406
140.189
139.969
139.748
139.529
139.312
139.102
138.899
138.709
138.534
138.382
138.254
138.147
139.115
138.945
138.766
138.586
138.401
138.211
138.022
137.831
137.635
137.427
137.201
136.951
136.67
136.354
136.005
135.623
135.211
134.772
134.308
133.819
133.304
132.763
132.196
131.602
130.981
130.331
129.652
128.944
128.205
127.438
126.642
125.822
124.979
124.117
123.241
122.353
121.46
120.565
119.676
118.796
117.931
117.086
116.268
115.481
114.732
114.024
113.363
112.753
112.196
111.695
111.251
110.864
110.536
110.265
110.052
109.893
109.788
109.731
109.72
109.75
109.817
109.916
110.043
110.194
110.365
110.553
110.752
110.937
111.108
111.288
111.478
111.679
111.882
112.094
112.295
112.517
112.689
112.949
113.056
113.442
139.245
139.359
139.481
139.606
139.736
139.87
140.008
140.15
140.296
140.447
140.602
140.76
140.923
141.089
141.259
141.433
141.609
141.787
141.967
142.149
142.331
142.514
142.697
142.879
143.057
143.232
143.401
143.563
143.716
143.86
143.994
144.118
144.232
144.337
144.431
144.514
144.585
144.644
144.69
144.722
144.74
144.744
144.735
144.712
144.676
144.625
144.559
144.478
144.381
144.268
144.137
143.99
143.826
143.645
143.45
143.239
143.016
142.78
142.534
142.279
142.017
141.749
141.477
141.202
140.926
140.651
140.381
140.151
139.952
139.75
139.545
139.341
139.14
138.945
138.757
138.581
138.418
138.275
138.155
138.049
137.149
137.005
136.853
136.698
136.537
136.369
136.198
136.026
135.854
135.678
135.495
135.298
135.081
134.839
134.567
134.263
133.93
133.567
133.18
132.769
132.336
131.882
131.405
130.907
130.385
129.838
129.267
128.67
128.048
127.401
126.731
126.039
125.327
124.596
123.848
123.087
122.314
121.535
120.751
119.969
119.191
118.424
117.67
116.935
116.225
115.543
114.895
114.286
113.72
113.199
112.725
112.3
111.926
111.602
111.33
111.108
110.936
110.811
110.732
110.694
110.695
110.73
110.794
110.885
110.999
111.133
111.281
111.424
111.559
111.705
111.863
112.033
112.208
112.396
112.574
112.778
112.933
113.174
113.271
113.641
137.263
137.368
137.479
137.594
137.713
137.836
137.964
138.096
138.232
138.372
138.516
138.664
138.817
138.973
139.133
139.296
139.462
139.631
139.802
139.976
140.151
140.328
140.507
140.687
140.868
141.049
141.23
141.408
141.583
141.754
141.92
142.08
142.233
142.381
142.521
142.654
142.777
142.891
142.993
143.083
143.158
143.22
143.268
143.302
143.321
143.327
143.317
143.292
143.251
143.194
143.119
143.027
142.918
142.791
142.648
142.489
142.316
142.128
141.929
141.719
141.5
141.274
141.042
140.805
140.565
140.325
140.086
139.88
139.701
139.517
139.33
139.143
138.958
138.778
138.605
138.442
138.292
138.16
138.049
137.946
135.476
135.352
135.22
135.085
134.943
134.794
134.638
134.479
134.318
134.157
133.996
133.83
133.655
133.464
133.254
133.018
132.755
132.466
132.153
131.82
131.467
131.098
130.712
130.306
129.878
129.428
128.952
128.452
127.928
127.379
126.809
126.218
125.608
124.979
124.333
123.671
122.996
122.311
121.617
120.92
120.222
119.527
118.838
118.159
117.495
116.85
116.228
115.633
115.071
114.545
114.057
113.61
113.206
112.845
112.529
112.258
112.032
111.851
111.713
111.616
111.558
111.534
111.542
111.578
111.638
111.72
111.819
111.922
112.023
112.135
112.259
112.396
112.542
112.702
112.858
113.041
113.181
113.404
113.491
113.844
135.577
135.67
135.769
135.872
135.979
136.09
136.206
136.327
136.451
136.581
136.715
136.853
136.996
137.143
137.295
137.452
137.612
137.777
137.945
138.116
138.291
138.468
138.648
138.831
139.015
139.202
139.389
139.576
139.762
139.946
140.127
140.305
140.479
140.648
140.813
140.974
141.128
141.276
141.416
141.546
141.665
141.772
141.866
141.946
142.013
142.066
142.105
142.129
142.137
142.13
142.107
142.066
142.007
141.932
141.839
141.73
141.604
141.464
141.31
141.144
140.968
140.782
140.589
140.391
140.187
139.981
139.774
139.595
139.437
139.274
139.105
138.936
138.767
138.603
138.444
138.296
138.159
138.038
137.936
137.835
134.076
133.968
133.853
133.735
133.61
133.478
133.34
133.195
133.046
132.895
132.744
132.594
132.441
132.282
132.111
131.924
131.717
131.487
131.235
130.964
130.675
130.372
130.054
129.719
129.365
128.989
128.591
128.171
127.729
127.266
126.784
126.284
125.765
125.228
124.674
124.103
123.516
122.916
122.306
121.687
121.063
120.436
119.811
119.189
118.575
117.972
117.383
116.814
116.267
115.747
115.257
114.8
114.379
113.994
113.647
113.34
113.073
112.846
112.659
112.511
112.4
112.325
112.281
112.267
112.278
112.312
112.366
112.429
112.497
112.575
112.666
112.77
112.883
113.014
113.145
113.306
113.429
113.635
113.711
114.046
134.165
134.249
134.337
134.429
134.525
134.626
134.73
134.839
134.952
135.07
135.193
135.32
135.451
135.588
135.728
135.874
136.024
136.179
136.338
136.501
136.669
136.84
137.015
137.195
137.378
137.564
137.753
137.945
138.138
138.331
138.523
138.714
138.902
139.087
139.269
139.448
139.624
139.795
139.96
140.119
140.269
140.41
140.539
140.657
140.763
140.855
140.934
141
141.052
141.088
141.109
141.115
141.103
141.075
141.029
140.966
140.887
140.792
140.682
140.559
140.424
140.278
140.123
139.961
139.794
139.621
139.448
139.296
139.16
139.019
138.871
138.721
138.569
138.421
138.278
138.143
138.019
137.908
137.815
137.715
132.927
132.833
132.734
132.632
132.523
132.408
132.287
132.159
132.027
131.89
131.751
131.611
131.472
131.332
131.187
131.035
130.871
130.691
130.493
130.276
130.042
129.792
129.526
129.243
128.942
128.62
128.278
127.915
127.535
127.138
126.725
126.297
125.853
125.392
124.914
124.42
123.91
123.386
122.85
122.303
121.747
121.185
120.621
120.055
119.492
118.934
118.384
117.845
117.322
116.817
116.334
115.877
115.449
115.051
114.686
114.353
114.055
113.793
113.566
113.375
113.22
113.098
113.009
112.948
112.914
112.905
112.916
112.944
112.98
113.026
113.083
113.155
113.236
113.335
113.437
113.573
113.677
113.864
113.93
114.246
133.005
133.081
133.16
133.242
133.329
133.419
133.514
133.612
133.715
133.822
133.934
134.05
134.171
134.297
134.428
134.563
134.703
134.847
134.996
135.149
135.307
135.468
135.634
135.804
135.979
136.158
136.341
136.528
136.718
136.911
137.105
137.3
137.494
137.687
137.879
138.069
138.257
138.442
138.624
138.802
138.974
139.139
139.296
139.443
139.579
139.703
139.816
139.916
140.003
140.077
140.137
140.183
140.213
140.226
140.223
140.204
140.168
140.115
140.048
139.966
139.87
139.763
139.645
139.519
139.387
139.248
139.107
138.982
138.87
138.751
138.626
138.496
138.364
138.233
138.105
137.984
137.872
137.771
137.687
137.587
131.979
131.897
131.811
131.722
131.629
131.529
131.424
131.314
131.2
131.081
130.957
130.83
130.701
130.572
130.443
130.312
130.175
130.03
129.874
129.703
129.515
129.309
129.086
128.844
128.584
128.306
128.009
127.696
127.367
127.026
126.671
126.302
125.918
125.519
125.104
124.673
124.227
123.766
123.293
122.808
122.313
121.81
121.301
120.788
120.274
119.76
119.25
118.746
118.25
117.767
117.299
116.85
116.423
116.02
115.644
115.296
114.977
114.689
114.431
114.206
114.012
113.851
113.72
113.619
113.544
113.495
113.467
113.462
113.469
113.485
113.512
113.551
113.6
113.667
113.738
113.845
113.928
114.093
114.146
114.441
132.047
132.114
132.185
132.259
132.336
132.417
132.502
132.59
132.683
132.779
132.88
132.986
133.096
133.211
133.33
133.455
133.585
133.719
133.858
134.002
134.15
134.302
134.459
134.619
134.785
134.954
135.129
135.308
135.491
135.678
135.868
136.06
136.254
136.448
136.642
136.836
137.028
137.22
137.411
137.599
137.784
137.965
138.14
138.308
138.467
138.617
138.756
138.885
139.001
139.106
139.199
139.278
139.343
139.394
139.429
139.448
139.452
139.439
139.411
139.368
139.31
139.24
139.159
139.067
138.968
138.862
138.752
138.653
138.564
138.469
138.367
138.26
138.148
138.036
137.925
137.818
137.719
137.627
137.55
137.451
131.19
131.12
131.045
130.967
130.886
130.8
130.711
130.617
130.518
130.416
130.309
130.197
130.08
129.96
129.839
129.717
129.595
129.47
129.338
129.197
129.042
128.87
128.68
128.472
128.246
128.004
127.747
127.479
127.199
126.908
126.606
126.29
125.96
125.614
125.253
124.875
124.484
124.078
123.66
123.23
122.789
122.339
121.88
121.415
120.945
120.474
120.003
119.533
119.069
118.611
118.162
117.727
117.307
116.906
116.526
116.17
115.837
115.531
115.251
114.999
114.775
114.58
114.414
114.276
114.164
114.079
114.015
113.979
113.96
113.949
113.948
113.958
113.976
114.012
114.052
114.128
114.185
114.326
114.365
114.635
131.251
131.31
131.372
131.438
131.507
131.579
131.655
131.735
131.818
131.905
131.995
132.09
132.189
132.293
132.401
132.514
132.632
132.755
132.884
133.017
133.154
133.297
133.444
133.595
133.751
133.911
134.076
134.247
134.421
134.601
134.784
134.971
135.16
135.352
135.544
135.737
135.93
136.123
136.316
136.509
136.7
136.89
137.076
137.258
137.433
137.601
137.761
137.911
138.051
138.181
138.3
138.407
138.501
138.583
138.652
138.705
138.744
138.768
138.776
138.769
138.748
138.713
138.666
138.608
138.541
138.466
138.386
138.313
138.246
138.174
138.095
138.011
137.922
137.829
137.736
137.645
137.558
137.476
137.407
137.309
130.551
130.489
130.423
130.355
130.284
130.21
130.132
130.051
129.965
129.875
129.779
129.679
129.573
129.463
129.348
129.232
129.116
129
128.881
128.755
128.62
128.472
128.308
128.127
127.93
127.72
127.499
127.269
127.032
126.786
126.529
126.26
125.975
125.675
125.36
125.03
124.686
124.33
123.961
123.58
123.188
122.785
122.372
121.952
121.524
121.093
120.659
120.224
119.79
119.359
118.934
118.516
118.108
117.714
117.336
116.976
116.637
116.319
116.023
115.751
115.503
115.282
115.086
114.916
114.772
114.653
114.556
114.493
114.449
114.413
114.386
114.37
114.362
114.369
114.379
114.425
114.454
114.567
114.589
114.833
130.605
130.658
130.714
130.773
130.834
130.898
130.966
131.037
131.112
131.189
131.271
131.356
131.445
131.537
131.634
131.735
131.841
131.952
132.067
132.188
132.314
132.444
132.579
132.719
132.864
133.013
133.167
133.327
133.491
133.661
133.835
134.014
134.196
134.382
134.57
134.759
134.95
135.141
135.333
135.526
135.719
135.912
136.103
136.292
136.477
136.658
136.832
136.999
137.157
137.306
137.446
137.576
137.694
137.802
137.898
137.981
138.05
138.106
138.148
138.174
138.187
138.185
138.171
138.145
138.109
138.063
138.012
137.963
137.917
137.866
137.811
137.75
137.683
137.612
137.538
137.463
137.39
137.318
137.258
137.162
130.036
129.981
129.923
129.864
129.802
129.737
129.668
129.595
129.517
129.435
129.348
129.255
129.158
129.057
128.951
128.841
128.729
128.616
128.502
128.385
128.261
128.13
127.988
127.832
127.663
127.483
127.292
127.094
126.89
126.678
126.456
126.223
125.975
125.712
125.435
125.145
124.843
124.529
124.204
123.868
123.52
123.16
122.79
122.411
122.024
121.63
121.231
120.829
120.426
120.023
119.622
119.224
118.832
118.449
118.077
117.718
117.376
117.052
116.746
116.461
116.196
115.953
115.733
115.537
115.365
115.216
115.089
115
114.934
114.874
114.824
114.784
114.752
114.733
114.718
114.734
114.737
114.821
114.824
115.042
130.084
130.132
130.183
130.236
130.291
130.349
130.409
130.472
130.539
130.608
130.681
130.758
130.837
130.921
131.008
131.098
131.193
131.292
131.395
131.503
131.616
131.733
131.855
131.982
132.114
132.25
132.392
132.539
132.691
132.848
133.011
133.179
133.352
133.529
133.71
133.893
134.079
134.266
134.454
134.644
134.835
135.027
135.218
135.41
135.6
135.787
135.971
136.149
136.32
136.484
136.64
136.787
136.926
137.054
137.172
137.279
137.375
137.458
137.529
137.586
137.629
137.659
137.676
137.68
137.674
137.657
137.634
137.607
137.58
137.55
137.516
137.477
137.433
137.384
137.33
137.273
137.215
137.154
137.104
137.01
129.583
129.535
129.485
129.433
129.378
129.32
129.258
129.192
129.122
129.047
128.968
128.884
128.796
128.705
128.61
128.511
128.407
128.299
128.188
128.076
127.961
127.843
127.72
127.589
127.449
127.297
127.136
126.965
126.786
126.599
126.402
126.194
125.973
125.739
125.493
125.235
124.968
124.691
124.403
124.105
123.795
123.474
123.143
122.802
122.451
122.092
121.727
121.357
120.983
120.607
120.23
119.854
119.481
119.112
118.75
118.398
118.057
117.731
117.42
117.126
116.85
116.593
116.355
116.137
115.941
115.766
115.612
115.499
115.411
115.33
115.258
115.196
115.142
115.101
115.062
115.053
115.031
115.087
115.072
115.262
129.626
129.669
129.714
129.762
129.813
129.866
129.921
129.979
130.039
130.103
130.17
130.24
130.313
130.39
130.47
130.554
130.641
130.732
130.827
130.926
131.029
131.136
131.247
131.363
131.483
131.607
131.736
131.87
132.01
132.154
132.304
132.46
132.621
132.787
132.958
133.132
133.31
133.491
133.673
133.858
134.044
134.231
134.42
134.61
134.8
134.989
135.177
135.362
135.542
135.716
135.884
136.045
136.198
136.343
136.479
136.606
136.723
136.829
136.925
137.008
137.079
137.138
137.184
137.217
137.238
137.249
137.253
137.247
137.238
137.228
137.213
137.195
137.172
137.145
137.112
137.074
137.032
136.984
136.942
136.851
129.206
129.163
129.118
129.07
129.019
128.965
128.907
128.846
128.781
128.713
128.642
128.567
128.488
128.406
128.321
128.23
128.135
128.035
127.93
127.822
127.714
127.608
127.501
127.391
127.275
127.151
127.016
126.869
126.712
126.545
126.366
126.177
125.977
125.767
125.546
125.316
125.077
124.829
124.572
124.305
124.027
123.739
123.441
123.133
122.815
122.489
122.155
121.814
121.468
121.118
120.766
120.412
120.059
119.707
119.359
119.017
118.682
118.358
118.047
117.749
117.466
117.198
116.947
116.714
116.498
116.302
116.124
115.988
115.881
115.779
115.686
115.603
115.528
115.467
115.409
115.377
115.334
115.364
115.332
115.495
129.245
129.283
129.324
129.367
129.412
129.46
129.51
129.562
129.617
129.675
129.735
129.798
129.864
129.934
130.007
130.084
130.164
130.248
130.336
130.427
130.522
130.621
130.724
130.831
130.942
131.056
131.175
131.298
131.426
131.559
131.696
131.839
131.988
132.142
132.301
132.465
132.634
132.805
132.98
133.157
133.337
133.519
133.702
133.888
134.074
134.262
134.449
134.636
134.82
135.001
135.177
135.348
135.512
135.67
135.82
135.963
136.097
136.223
136.339
136.445
136.54
136.624
136.696
136.756
136.805
136.842
136.87
136.886
136.895
136.901
136.905
136.906
136.903
136.896
136.883
136.865
136.84
136.805
136.775
136.687
128.905
128.865
128.823
128.779
128.732
128.682
128.63
128.575
128.518
128.458
128.395
128.33
128.261
128.188
128.112
128.031
127.945
127.854
127.754
127.644
127.526
127.402
127.278
127.157
127.042
126.934
126.834
126.734
126.624
126.496
126.346
126.176
125.991
125.798
125.597
125.391
125.176
124.953
124.72
124.477
124.225
123.964
123.693
123.413
123.124
122.826
122.52
122.207
121.887
121.562
121.233
120.902
120.569
120.237
119.905
119.576
119.252
118.935
118.626
118.328
118.041
117.768
117.508
117.263
117.033
116.819
116.622
116.467
116.341
116.22
116.106
116.003
115.908
115.828
115.752
115.701
115.641
115.648
115.601
115.739
128.94
128.975
129.011
129.049
129.089
129.132
129.176
129.223
129.272
129.324
129.378
129.434
129.494
129.556
129.621
129.689
129.761
129.837
129.917
130
130.087
130.179
130.274
130.373
130.476
130.582
130.692
130.806
130.924
131.047
131.173
131.305
131.442
131.584
131.732
131.884
132.042
132.204
132.369
132.538
132.71
132.884
133.061
133.24
133.421
133.604
133.788
133.974
134.158
134.342
134.522
134.699
134.872
135.039
135.2
135.355
135.502
135.643
135.776
135.901
136.016
136.122
136.217
136.302
136.375
136.438
136.49
136.526
136.552
136.575
136.596
136.614
136.63
136.641
136.647
136.647
136.639
136.62
136.601
136.519
128.518
128.483
128.446
128.407
128.367
128.325
128.281
128.235
128.186
128.135
128.081
128.024
127.964
127.9
127.832
127.759
127.683
127.603
127.52
127.435
127.349
127.26
127.169
127.077
126.983
126.886
126.784
126.676
126.561
126.438
126.305
126.162
126.007
125.843
125.669
125.488
125.299
125.102
124.896
124.681
124.456
124.223
123.981
123.73
123.471
123.204
122.929
122.646
122.355
122.058
121.756
121.45
121.141
120.83
120.517
120.205
119.893
119.584
119.28
118.981
118.691
118.41
118.14
117.881
117.634
117.401
117.181
117.004
116.857
116.713
116.574
116.444
116.323
116.217
116.117
116.043
115.962
115.944
115.882
115.99
128.55
128.582
128.615
128.649
128.685
128.722
128.761
128.803
128.846
128.892
128.939
128.99
129.042
129.097
129.155
129.215
129.278
129.345
129.415
129.488
129.565
129.647
129.732
129.821
129.914
130.011
130.112
130.217
130.325
130.438
130.555
130.676
130.801
130.932
131.067
131.208
131.353
131.503
131.658
131.817
131.979
132.145
132.314
132.486
132.661
132.838
133.018
133.2
133.384
133.569
133.753
133.936
134.116
134.294
134.467
134.636
134.8
134.958
135.11
135.256
135.395
135.526
135.649
135.762
135.865
135.958
136.04
136.101
136.149
136.195
136.237
136.277
136.315
136.348
136.377
136.399
136.412
136.412
136.408
136.337
128.145
128.118
128.09
128.06
128.029
127.997
127.962
127.925
127.885
127.843
127.799
127.752
127.702
127.649
127.592
127.533
127.471
127.407
127.343
127.279
127.216
127.154
127.088
127.015
126.934
126.844
126.745
126.638
126.526
126.41
126.292
126.169
126.04
125.902
125.756
125.602
125.439
125.27
125.092
124.905
124.71
124.507
124.294
124.074
123.845
123.608
123.364
123.111
122.851
122.584
122.31
122.03
121.745
121.455
121.162
120.867
120.569
120.27
119.971
119.674
119.381
119.094
118.813
118.54
118.276
118.023
117.78
117.58
117.411
117.242
117.075
116.916
116.763
116.626
116.496
116.393
116.288
116.244
116.163
116.242
128.17
128.196
128.223
128.252
128.283
128.315
128.348
128.382
128.419
128.458
128.498
128.541
128.586
128.633
128.683
128.735
128.789
128.846
128.906
128.969
129.036
129.105
129.178
129.255
129.335
129.42
129.509
129.601
129.698
129.799
129.904
130.013
130.127
130.246
130.369
130.497
130.63
130.768
130.911
131.059
131.211
131.367
131.527
131.69
131.858
132.028
132.203
132.38
132.56
132.743
132.928
133.114
133.301
133.486
133.671
133.853
134.032
134.207
134.379
134.546
134.708
134.865
135.016
135.159
135.294
135.419
135.536
135.626
135.699
135.77
135.839
135.904
135.967
136.027
136.081
136.128
136.164
136.185
136.2
136.144
127.877
127.857
127.834
127.811
127.785
127.758
127.728
127.696
127.663
127.626
127.588
127.547
127.504
127.459
127.412
127.362
127.309
127.254
127.196
127.134
127.069
127
126.927
126.851
126.769
126.684
126.595
126.505
126.414
126.322
126.227
126.128
126.023
125.911
125.792
125.665
125.529
125.385
125.234
125.075
124.908
124.731
124.546
124.353
124.151
123.942
123.724
123.498
123.265
123.023
122.774
122.517
122.254
121.984
121.709
121.429
121.146
120.859
120.569
120.278
119.986
119.697
119.411
119.13
118.855
118.587
118.328
118.111
117.925
117.737
117.548
117.362
117.182
117.015
116.857
116.726
116.597
116.528
116.43
116.482
127.896
127.916
127.938
127.962
127.987
128.014
128.043
128.073
128.105
128.138
128.173
128.21
128.249
128.291
128.334
128.38
128.428
128.479
128.532
128.588
128.647
128.709
128.774
128.842
128.914
128.988
129.066
129.148
129.233
129.323
129.416
129.514
129.616
129.723
129.835
129.951
130.072
130.198
130.33
130.466
130.607
130.753
130.902
131.057
131.215
131.377
131.542
131.712
131.886
132.063
132.244
132.427
132.613
132.801
132.989
133.177
133.364
133.55
133.734
133.915
134.094
134.269
134.439
134.605
134.765
134.917
135.062
135.178
135.272
135.366
135.459
135.549
135.635
135.718
135.795
135.865
135.922
135.963
135.995
135.952
127.635
127.616
127.596
127.574
127.551
127.525
127.497
127.468
127.438
127.406
127.373
127.338
127.301
127.262
127.222
127.179
127.134
127.087
127.037
126.984
126.927
126.867
126.804
126.739
126.67
126.599
126.523
126.444
126.361
126.278
126.193
126.107
126.018
125.925
125.828
125.724
125.613
125.493
125.365
125.228
125.083
124.93
124.769
124.598
124.42
124.233
124.038
123.835
123.624
123.404
123.175
122.938
122.693
122.441
122.181
121.916
121.644
121.368
121.088
120.804
120.517
120.229
119.941
119.655
119.373
119.096
118.825
118.595
118.397
118.193
117.987
117.781
117.577
117.383
117.198
117.04
116.887
116.793
116.68
116.705
127.652
127.67
127.689
127.71
127.732
127.756
127.782
127.809
127.838
127.869
127.901
127.936
127.972
128.01
128.05
128.091
128.136
128.182
128.231
128.283
128.337
128.395
128.455
128.518
128.585
128.654
128.726
128.801
128.879
128.96
129.045
129.134
129.226
129.322
129.423
129.528
129.638
129.753
129.873
129.997
130.127
130.262
130.402
130.546
130.694
130.847
131.004
131.166
131.331
131.501
131.675
131.853
132.035
132.22
132.408
132.598
132.789
132.98
133.171
133.361
133.55
133.738
133.923
134.105
134.284
134.457
134.624
134.761
134.875
134.989
135.102
135.213
135.322
135.426
135.524
135.613
135.69
135.748
135.796
135.765
127.507
127.485
127.462
127.439
127.415
127.39
127.364
127.337
127.311
127.284
127.256
127.227
127.196
127.164
127.13
127.093
127.055
127.013
126.97
126.923
126.875
126.823
126.77
126.713
126.654
126.593
126.528
126.46
126.388
126.311
126.232
126.152
126.072
125.991
125.907
125.819
125.725
125.624
125.515
125.396
125.268
125.132
124.988
124.836
124.676
124.508
124.332
124.147
123.953
123.751
123.539
123.318
123.089
122.85
122.604
122.35
122.089
121.822
121.549
121.271
120.989
120.703
120.416
120.127
119.84
119.555
119.274
119.035
118.826
118.611
118.391
118.168
117.945
117.728
117.519
117.334
117.158
117.04
116.911
116.909
127.527
127.548
127.568
127.59
127.613
127.636
127.661
127.687
127.714
127.743
127.773
127.804
127.837
127.872
127.908
127.945
127.984
128.025
128.067
128.111
128.158
128.208
128.26
128.315
128.374
128.435
128.499
128.566
128.636
128.708
128.784
128.863
128.945
129.03
129.119
129.212
129.309
129.411
129.518
129.629
129.746
129.867
129.994
130.127
130.264
130.407
130.554
130.706
130.863
131.024
131.19
131.362
131.538
131.719
131.904
132.093
132.285
132.479
132.674
132.871
133.068
133.264
133.461
133.656
133.848
134.038
134.224
134.377
134.507
134.638
134.77
134.9
135.029
135.152
135.269
135.377
135.471
135.545
135.606
135.588
127.499
127.476
127.453
127.43
127.408
127.386
127.365
127.344
127.322
127.301
127.278
127.254
127.228
127.2
127.17
127.138
127.104
127.067
127.029
126.989
126.947
126.903
126.857
126.808
126.756
126.701
126.643
126.582
126.518
126.449
126.375
126.298
126.22
126.141
126.062
125.98
125.895
125.803
125.705
125.599
125.483
125.357
125.223
125.082
124.934
124.778
124.615
124.443
124.262
124.073
123.874
123.665
123.447
123.22
122.984
122.739
122.486
122.226
121.96
121.687
121.409
121.125
120.838
120.548
120.257
119.966
119.678
119.43
119.213
118.988
118.756
118.52
118.281
118.046
117.816
117.608
117.409
117.266
117.121
117.092
127.52
127.541
127.561
127.582
127.603
127.624
127.646
127.668
127.692
127.716
127.742
127.768
127.796
127.825
127.856
127.887
127.92
127.954
127.989
128.026
128.063
128.103
128.145
128.189
128.235
128.285
128.337
128.393
128.451
128.513
128.578
128.646
128.718
128.793
128.871
128.954
129.04
129.13
129.225
129.324
129.428
129.537
129.652
129.773
129.899
130.031
130.169
130.312
130.461
130.615
130.774
130.938
131.109
131.285
131.467
131.653
131.845
132.04
132.239
132.44
132.643
132.847
133.051
133.257
133.461
133.663
133.863
134.031
134.173
134.32
134.468
134.615
134.761
134.903
135.038
135.162
135.271
135.359
135.432
135.426
127.504
127.492
127.479
127.466
127.454
127.442
127.43
127.416
127.4
127.383
127.363
127.342
127.318
127.293
127.266
127.237
127.206
127.175
127.141
127.106
127.069
127.029
126.987
126.942
126.893
126.841
126.785
126.726
126.663
126.597
126.528
126.454
126.377
126.296
126.214
126.131
126.046
125.958
125.865
125.766
125.66
125.548
125.427
125.298
125.163
125.021
124.872
124.714
124.547
124.369
124.181
123.983
123.775
123.556
123.328
123.09
122.843
122.588
122.325
122.055
121.778
121.496
121.209
120.917
120.622
120.327
120.031
119.776
119.551
119.318
119.077
118.83
118.579
118.329
118.082
117.854
117.635
117.469
117.308
117.253
127.517
127.53
127.543
127.556
127.57
127.584
127.598
127.613
127.629
127.645
127.663
127.682
127.702
127.724
127.747
127.772
127.798
127.826
127.855
127.886
127.918
127.951
127.986
128.023
128.062
128.104
128.147
128.194
128.243
128.296
128.352
128.412
128.475
128.542
128.614
128.689
128.769
128.852
128.94
129.033
129.13
129.232
129.34
129.453
129.572
129.697
129.829
129.966
130.109
130.258
130.413
130.574
130.74
130.913
131.092
131.277
131.468
131.664
131.865
132.07
132.278
132.488
132.699
132.912
133.126
133.339
133.551
133.73
133.883
134.041
134.203
134.365
134.526
134.683
134.833
134.973
135.096
135.196
135.282
135.286
127.715
127.722
127.727
127.73
127.732
127.733
127.731
127.726
127.718
127.706
127.693
127.677
127.659
127.64
127.619
127.596
127.572
127.545
127.516
127.484
127.449
127.411
127.368
127.323
127.273
127.22
127.163
127.102
127.038
126.97
126.899
126.825
126.746
126.663
126.575
126.484
126.39
126.295
126.196
126.093
125.984
125.868
125.744
125.611
125.469
125.32
125.164
125.001
124.83
124.651
124.462
124.263
124.056
123.84
123.615
123.381
123.139
122.887
122.627
122.359
122.084
121.802
121.515
121.222
120.926
120.627
120.327
120.065
119.834
119.594
119.345
119.089
118.829
118.568
118.308
118.064
117.829
117.643
117.469
117.39
127.708
127.702
127.698
127.695
127.692
127.69
127.689
127.688
127.687
127.688
127.69
127.693
127.698
127.704
127.712
127.722
127.734
127.748
127.763
127.782
127.802
127.824
127.848
127.875
127.904
127.936
127.969
128.006
128.045
128.087
128.133
128.182
128.235
128.293
128.356
128.423
128.495
128.573
128.655
128.743
128.836
128.934
129.038
129.148
129.264
129.386
129.515
129.65
129.792
129.94
130.095
130.255
130.422
130.594
130.773
130.959
131.15
131.348
131.552
131.76
131.973
132.189
132.408
132.628
132.849
133.071
133.292
133.48
133.642
133.81
133.982
134.158
134.333
134.504
134.668
134.821
134.953
135.062
135.154
135.17
127.195
127.222
127.246
127.266
127.282
127.294
127.302
127.307
127.309
127.308
127.305
127.301
127.294
127.286
127.275
127.262
127.245
127.226
127.202
127.174
127.143
127.108
127.069
127.026
126.98
126.93
126.877
126.82
126.76
126.695
126.625
126.55
126.468
126.379
126.282
126.178
126.071
125.971
125.885
125.818
125.769
125.735
125.706
125.672
125.618
125.535
125.421
125.278
125.113
124.933
124.741
124.539
124.328
124.108
123.88
123.643
123.398
123.144
122.881
122.611
122.334
122.05
121.761
121.466
121.167
120.864
120.56
120.293
120.057
119.81
119.555
119.292
119.024
118.756
118.487
118.231
117.984
117.781
117.598
117.497
127.169
127.145
127.126
127.111
127.099
127.089
127.082
127.076
127.073
127.071
127.071
127.073
127.079
127.087
127.098
127.111
127.128
127.148
127.171
127.197
127.227
127.26
127.295
127.335
127.377
127.423
127.472
127.524
127.579
127.637
127.697
127.761
127.828
127.899
127.974
128.053
128.137
128.225
128.319
128.417
128.52
128.628
128.741
128.858
128.981
129.11
129.244
129.384
129.53
129.682
129.84
130.004
130.173
130.348
130.529
130.716
130.91
131.109
131.315
131.527
131.743
131.964
132.188
132.414
132.642
132.87
133.099
133.294
133.462
133.638
133.819
134.002
134.186
134.366
134.537
134.697
134.841
134.964
135.07
135.092
127.698
127.725
127.75
127.771
127.79
127.808
127.825
127.841
127.858
127.874
127.889
127.903
127.915
127.925
127.932
127.937
127.938
127.937
127.934
127.929
127.922
127.913
127.903
127.89
127.876
127.86
127.841
127.819
127.795
127.766
127.734
127.699
127.664
127.632
127.608
127.594
127.584
127.567
127.524
127.437
127.291
127.081
126.812
126.502
126.182
125.877
125.604
125.364
125.147
124.941
124.738
124.534
124.327
124.118
123.903
123.682
123.453
123.215
122.967
122.709
122.443
122.167
121.885
121.595
121.3
120.999
120.696
120.429
120.191
119.942
119.683
119.417
119.145
118.872
118.599
118.338
118.086
117.874
117.688
117.571
127.669
127.64
127.612
127.586
127.563
127.542
127.524
127.509
127.495
127.482
127.47
127.46
127.45
127.441
127.434
127.429
127.427
127.426
127.428
127.433
127.44
127.451
127.464
127.481
127.501
127.525
127.553
127.584
127.619
127.657
127.699
127.744
127.792
127.845
127.901
127.962
128.027
128.098
128.175
128.258
128.347
128.443
128.546
128.654
128.77
128.893
129.023
129.16
129.305
129.458
129.618
129.785
129.958
130.138
130.323
130.514
130.712
130.916
131.126
131.342
131.564
131.79
132.02
132.253
132.487
132.722
132.957
133.156
133.329
133.511
133.701
133.898
134.1
134.304
134.499
134.672
134.806
134.897
134.973
135.008
)
;

boundaryField
{
    inlet
    {
        type            freestreamPressure;
    }
    outlet
    {
        type            freestreamPressure;
    }
    walls
    {
        type            zeroGradient;
    }
    frontAndBack
    {
        type            empty;
    }
}


// ************************************************************************* //
