/*--------------------------------*- C++ -*----------------------------------*\
| =========                 |                                                 |
| \\      /  F ield         | OpenFOAM: The Open Source CFD Toolbox           |
|  \\    /   O peration     | Version:  3.0.0                                 |
|   \\  /    A nd           | Web:      www.OpenFOAM.org                      |
|    \\/     M anipulation  |                                                 |
\*---------------------------------------------------------------------------*/
FoamFile
{
    version     2.0;
    format      ascii;
    class       volScalarField;
    location    "10";
    object      p;
}
// * * * * * * * * * * * * * * * * * * * * * * * * * * * * * * * * * * * * * //

dimensions      [0 2 -2 0 0 0 0];

internalField   nonuniform List<scalar> 
4096
(
0.025927
0.0275402
0.0311415
0.0341843
0.0357596
0.0347974
0.0302367
0.0220901
0.0120784
0.00312862
-0.00195626
-0.00185727
0.00257962
0.00901761
0.0151313
0.0222649
0.0282295
0.0313818
0.033621
0.0339719
0.0320194
0.0272587
0.0193785
0.00909914
-0.00144868
-0.00929868
-0.0120143
-0.00893162
-0.00141446
0.00773964
0.0162815
0.0240908
0.0286777
0.0306813
0.0305477
0.0279818
0.0231447
0.0159437
0.00644649
-0.00430468
-0.0140197
-0.0198913
-0.0199283
-0.0140208
-0.00404772
0.00703381
0.0169436
0.0253424
0.0247153
0.0239298
0.0210617
0.0161521
0.00976067
0.00195854
-0.00720306
-0.0166929
-0.0242871
-0.0274627
-0.0247451
-0.0165966
-0.00529759
0.00615564
0.0156128
0.0229653
0.0164094
0.0121632
0.00681106
0.000741325
-0.0054056
-0.0117748
-0.018712
-0.0255084
-0.0301574
-0.0304689
-0.0254756
-0.0161605
-0.00504546
0.00500507
0.0121408
0.0165698
0.00549007
-0.0024051
-0.00936382
-0.015077
-0.0191499
-0.0222998
-0.0255877
-0.0288197
-0.030304
-0.0281561
-0.0218279
-0.0126825
-0.0033103
0.00374424
0.00705726
0.00740279
-0.00604558
-0.016862
-0.0241814
-0.028113
-0.0287104
-0.0274983
-0.026469
-0.026
-0.0247146
-0.020966
-0.0144808
-0.00679816
-0.000382189
0.00262567
0.00129072
-0.0021839
-0.014908
-0.0284936
-0.034638
-0.035721
-0.0323048
-0.0265896
-0.0214309
-0.0178201
-0.0146452
-0.0104055
-0.00491303
0.000368355
0.00326485
0.00206966
-0.00387606
-0.00909353
-0.0189403
-0.0351859
-0.0388709
-0.0368447
-0.0297984
-0.0203017
-0.0119504
-0.00623656
-0.00228292
0.0013565
0.00498438
0.00745698
0.0071331
0.00245552
-0.00711971
-0.0110116
-0.0176205
-0.036257
-0.0368409
-0.0321673
-0.0226034
-0.0106457
-0.000403184
0.00623282
0.00992413
0.0121332
0.0134667
0.0133064
0.0105983
0.00385929
-0.0077463
-0.00742435
-0.0122573
-0.032584
-0.0303071
-0.0238403
-0.0130627
-2.66934e-05
0.0108199
0.0173527
0.0200164
0.0203422
0.0193609
0.0171246
0.0131114
0.00580602
-0.00612726
-0.000370654
-0.00524367
-0.0257478
-0.0215669
-0.0141421
-0.00310809
0.00979334
0.0201869
0.0258194
0.0269607
0.0252728
0.0222741
0.018631
0.0142509
0.00752252
-0.00334588
0.00662545
0.00144991
-0.0168789
-0.0118882
-0.00414557
0.0064809
0.018309
0.0273339
0.0313339
0.0305472
0.0268463
0.0222318
0.0178566
0.0138438
0.00848722
-0.00024741
0.0110617
0.00725667
-0.00643739
-0.0012689
0.00635541
0.0159401
0.0257095
0.0323367
0.0338668
0.0307343
0.0250918
0.0193028
0.0149502
0.0119934
0.00868317
0.00295741
0.0129889
0.0127833
0.00513792
0.0102691
0.0172891
0.0250332
0.0317555
0.0348723
0.0331337
0.0273909
0.0200963
0.0138726
0.0102354
0.00907553
0.00849644
0.00645096
0.0143096
0.0198484
0.0177832
0.0225037
0.0281718
0.0333744
0.0364724
0.0356467
0.0303637
0.0219762
0.0132255
0.00690991
0.00460009
0.00593597
0.00884688
0.0111212
0.0179987
0.0227635
0.023566
0.0263583
0.0293741
0.0317662
0.0322184
0.0291689
0.0220688
0.0122911
0.00283512
-0.00309267
-0.00371329
0.000518096
0.00709732
0.0133179
0.0195742
0.0270798
0.0296591
0.031633
0.0321338
0.0306632
0.0265581
0.0192661
0.00926765
-0.00140136
-0.00968387
-0.012895
-0.0101056
-0.00262869
0.00670458
0.0153124
0.022645
0.0297174
0.0318768
0.0321265
0.0300856
0.0256017
0.018392
0.00846325
-0.00302195
-0.0135618
-0.0201222
-0.0205376
-0.0146274
-0.00435747
0.00715309
0.017288
0.0253809
0.0281742
0.028382
0.0263643
0.0220033
0.0154941
0.00679343
-0.00382279
-0.0149184
-0.0238417
-0.027801
-0.0252595
-0.0167852
-0.00486272
0.00730235
0.0173495
0.0248598
0.0218803
0.0192742
0.0151185
0.00945289
0.00260084
-0.00552035
-0.0148054
-0.0238415
-0.0300765
-0.0310863
-0.0259873
-0.0160209
-0.0040033
0.00701249
0.015085
0.0203668
0.0118334
0.00605379
0.00062526
-0.00476318
-0.00991648
-0.0154066
-0.0216294
-0.0274641
-0.0305735
-0.0289331
-0.0222397
-0.0122332
-0.00183718
0.00625168
0.0106386
0.012727
-3.76742e-05
-0.00881401
-0.0141156
-0.0175234
-0.0192539
-0.0206146
-0.0227489
-0.0249442
-0.0251276
-0.0216511
-0.0146505
-0.00611842
0.00118959
0.00501477
0.0045983
0.00369059
-0.0111203
-0.0225482
-0.0261901
-0.0263099
-0.0236372
-0.020286
-0.0181825
-0.0170296
-0.0150173
-0.0108253
-0.00483969
0.000983395
0.00431282
0.00342548
-0.00202385
-0.00442791
-0.0191135
-0.0327175
-0.0335487
-0.029883
-0.022836
-0.0151765
-0.00949191
-0.00581046
-0.00262367
0.00114332
0.00507265
0.00755205
0.0068395
0.00168658
-0.00792392
-0.00964566
-0.022699
-0.0378672
-0.0355438
-0.0285294
-0.0180929
-0.007304
0.000825446
0.00599404
0.0093661
0.0118326
0.0131593
0.0123154
0.00831363
0.000207693
-0.0120443
-0.0111457
-0.0218495
-0.0377199
-0.0328665
-0.0236882
-0.0114258
0.000956844
0.0103272
0.0160412
0.0188617
0.0195658
0.0183022
0.0147677
0.00869278
-0.000682249
-0.0137045
-0.00949706
-0.0175854
-0.0328968
-0.0268013
-0.0169345
-0.00444485
0.00807887
0.0176225
0.0231263
0.0249074
0.0237373
0.0202917
0.0150179
0.00822355
-0.000808911
-0.0127735
-0.0061228
-0.0112036
-0.0244143
-0.0183604
-0.00904072
0.00247473
0.0139907
0.022773
0.0273278
0.027608
0.024551
0.0194708
0.0134621
0.00717949
-0.000182579
-0.009613
-0.00227647
-0.00369294
-0.0133932
-0.00807883
-9.32691e-06
0.00967516
0.0193099
0.0263198
0.0289985
0.0272169
0.0222903
0.0162139
0.0104118
0.0056939
0.00099746
-0.00493249
0.00163899
0.00446652
-0.000961189
0.00359445
0.0101367
0.0175267
0.0242622
0.0281631
0.0278451
0.0235112
0.0169523
0.0105595
0.00603812
0.00379343
0.0024843
0.000524419
0.0060286
0.0136201
0.0121422
0.016312
0.021751
0.0271
0.0307396
0.0308454
0.0266181
0.0190123
0.0105163
0.00397022
0.00112214
0.00196769
0.00461132
0.00687982
0.0121809
0.0180513
0.0190004
0.0217516
0.0254026
0.029
0.030705
0.0283337
0.0209213
0.00984758
-0.00142291
-0.00897077
-0.0104313
-0.00603225
0.00148401
0.00875553
0.0149387
0.0239618
0.0270425
0.0295431
0.0304289
0.0290001
0.0245373
0.0165904
0.00578653
-0.00570821
-0.0147123
-0.0183927
-0.015705
-0.00791826
0.00197063
0.0111364
0.0188357
0.0297095
0.0323463
0.0332417
0.0315874
0.0269741
0.0190789
0.00808067
-0.00461329
-0.016257
-0.0236153
-0.0243702
-0.0182776
-0.00738929
0.00490795
0.0157648
0.0244404
0.0309363
0.0319022
0.0307901
0.0268216
0.0198823
0.00998963
-0.00228858
-0.0150374
-0.0252394
-0.0298947
-0.0274119
-0.0183999
-0.00558961
0.00752904
0.018346
0.0266089
0.0267671
0.0253183
0.0224486
0.0171402
0.00943479
-0.000567192
-0.0120993
-0.0231184
-0.0306143
-0.0320404
-0.0266247
-0.015835
-0.00278204
0.00919235
0.0180148
0.0244105
0.0179539
0.0138054
0.00997254
0.0048832
-0.00153179
-0.00941965
-0.0182879
-0.0261849
-0.0303521
-0.0288094
-0.0215432
-0.0106299
0.000736343
0.00967032
0.014814
0.0184295
0.00627964
-0.000324258
-0.0039036
-0.00718074
-0.0104832
-0.0145011
-0.0192923
-0.0232887
-0.0241552
-0.0205062
-0.0129026
-0.00366615
0.00430343
0.00879196
0.00926253
0.0101017
-0.00579608
-0.0143481
-0.0164856
-0.016731
-0.015755
-0.0149473
-0.015089
-0.0151583
-0.0133725
-0.00887389
-0.00251818
0.00355311
0.0070872
0.00664455
0.00240351
0.00148119
-0.0158532
-0.0257806
-0.025708
-0.0224637
-0.0170143
-0.0114079
-0.00718853
-0.00398329
-0.000607106
0.0034158
0.00727665
0.00940164
0.0084224
0.0036104
-0.00440012
-0.00549238
-0.0222703
-0.0330523
-0.0307149
-0.0243869
-0.0152114
-0.00568921
0.00194766
0.00737192
0.011182
0.0136749
0.014434
0.0127284
0.00810306
0.000323342
-0.00990245
-0.0097567
-0.0246234
-0.0356969
-0.0317562
-0.0234068
-0.0118685
0.00017411
0.00995686
0.0164439
0.0197334
0.020159
0.0179375
0.0132586
0.00642829
-0.00257951
-0.0132915
-0.011462
-0.0234447
-0.0340049
-0.0294505
-0.0203585
-0.00797942
0.00503736
0.0156
0.0220565
0.0241363
0.0224094
0.0178319
0.0114101
0.00392822
-0.00468059
-0.0143654
-0.0114522
-0.0195264
-0.0285093
-0.0240881
-0.0152838
-0.00335477
0.00921633
0.0192168
0.0245678
0.0248467
0.0210346
0.0148405
0.00788331
0.00110595
-0.00584332
-0.0133535
-0.0103133
-0.0134586
-0.0197876
-0.015681
-0.00779334
0.00262564
0.0133885
0.0213916
0.0244954
0.0224117
0.0166725
0.00964001
0.00323504
-0.00174815
-0.00614167
-0.010727
-0.00798333
-0.00547848
-0.00847151
-0.00440988
0.00222599
0.0101439
0.0174448
0.0216704
0.0212768
0.0165347
0.00945224
0.00261785
-0.00214224
-0.00450042
-0.00558891
-0.00677329
-0.00388161
0.00595326
0.0054257
0.00944359
0.0154216
0.0218137
0.0264257
0.026911
0.0222909
0.0136718
0.00395225
-0.00359883
-0.00688042
-0.00585778
-0.0025316
0.000647268
0.00479922
0.012857
0.014676
0.0177716
0.021923
0.0261301
0.0281948
0.0255377
0.0169137
0.00379137
-0.00982592
-0.0191984
-0.0211625
-0.0159118
-0.00662722
0.00247491
0.00950737
0.0189941
0.0233185
0.0268475
0.0281696
0.0262859
0.0205488
0.0109525
-0.00138334
-0.014003
-0.0236522
-0.0275104
-0.024536
-0.0161124
-0.00537285
0.00459385
0.0131022
0.0276379
0.0310116
0.0327548
0.031505
0.0265608
0.017647
0.00528095
-0.0087755
-0.0215193
-0.0295679
-0.0304992
-0.0240437
-0.0123578
0.000773781
0.0123437
0.0217631
0.0314027
0.0329543
0.0327318
0.0292412
0.0220036
0.0110919
-0.00252257
-0.0166346
-0.0278576
-0.0330555
-0.0306147
-0.0209994
-0.00743459
0.00642928
0.017774
0.0266334
0.0293633
0.0286082
0.0267016
0.0218716
0.013765
0.00255572
-0.0105245
-0.0228844
-0.0312008
-0.0328708
-0.0271655
-0.0157356
-0.00192015
0.0106724
0.0198875
0.0267466
0.0222069
0.0190349
0.0160912
0.011299
0.00422331
-0.00510258
-0.0155766
-0.0246636
-0.0293466
-0.0276981
-0.0199248
-0.00834606
0.00367274
0.0131412
0.0187125
0.0225846
0.0113919
0.00615051
0.00309822
-0.000228097
-0.00444711
-0.00998677
-0.0162176
-0.0210291
-0.0219875
-0.017929
-0.00974286
4.05853e-05
0.00848386
0.0134587
0.0145478
0.0151867
-0.000984368
-0.00767088
-0.00989317
-0.0106244
-0.0107304
-0.0112853
-0.0124049
-0.0127134
-0.0105415
-0.00544384
0.00138427
0.00773225
0.0114911
0.0114935
0.00814282
0.00619673
-0.0127082
-0.020164
-0.0209077
-0.0185218
-0.0141123
-0.00944041
-0.00551954
-0.00189808
0.00221957
0.0068415
0.0109106
0.0129546
0.0119246
0.007513
0.00068812
-0.00270547
-0.0219968
-0.029672
-0.0287918
-0.0234889
-0.0150655
-0.005873
0.00216031
0.00848771
0.0131801
0.0160842
0.0166982
0.014572
0.00965133
0.00220783
-0.00658453
-0.0102287
-0.0278659
-0.0353109
-0.0331354
-0.0257017
-0.014459
-0.00215965
0.00848326
0.0160333
0.0200394
0.0205336
0.0178284
0.0124978
0.0052304
-0.00349838
-0.0126808
-0.0158222
-0.0300589
-0.0367391
-0.0337729
-0.0252454
-0.0127034
0.000919541
0.0123914
0.0196369
0.0219963
0.0199351
0.0146372
0.00749888
-0.000409756
-0.00875017
-0.0169666
-0.0193816
-0.0286724
-0.0338643
-0.0304185
-0.0217079
-0.00930395
0.00388607
0.0144437
0.0199686
0.0199151
0.0153664
0.00833205
0.00074882
-0.00630923
-0.0129112
-0.0191281
-0.0207248
-0.0240266
-0.0268926
-0.0229325
-0.0147384
-0.00382833
0.00718074
0.0150811
0.0176007
0.0145837
0.00785183
6.52034e-05
-0.00670101
-0.0117321
-0.0156774
-0.0192029
-0.0196197
-0.0163052
-0.0162686
-0.0116275
-0.00455476
0.00337997
0.0100604
0.0131931
0.011508
0.00563281
-0.00215007
-0.00918686
-0.0138499
-0.0159604
-0.01663
-0.0169948
-0.0155907
-0.00144159
-0.000498067
0.00358286
0.00984226
0.016643
0.0213688
0.0214125
0.0156163
0.00532502
-0.00609021
-0.0147688
-0.0182198
-0.0164285
-0.0116863
-0.00694901
-0.00271654
0.0080003
0.0108865
0.0145227
0.0189188
0.0229789
0.0244346
0.0206683
0.0103985
-0.00481329
-0.020523
-0.0312344
-0.0331428
-0.0264629
-0.0149746
-0.00386518
0.00432614
0.0135522
0.0191109
0.0236099
0.0252979
0.0227726
0.0154165
0.0037844
-0.0103077
-0.0239892
-0.0339588
-0.0375434
-0.0339076
-0.0245455
-0.012938
-0.00211898
0.00709144
0.0242397
0.0281741
0.0305098
0.029602
0.0244045
0.014622
0.00110767
-0.0139739
-0.027414
-0.035762
-0.0365622
-0.0295839
-0.0172365
-0.00346631
0.00852749
0.0181477
0.0300094
0.0317557
0.0319295
0.0288516
0.0216998
0.0104361
-0.00376622
-0.018375
-0.0299665
-0.0353336
-0.0327603
-0.0229119
-0.00891375
0.0052412
0.0166332
0.025236
0.0300668
0.0293774
0.0276678
0.0232303
0.0153291
0.00401425
-0.00933001
-0.0219
-0.0302963
-0.0319
-0.0260355
-0.0144234
-0.000478417
0.0121535
0.0212387
0.0274712
0.0250481
0.0219213
0.0188273
0.0141856
0.00722659
-0.0021395
-0.0126774
-0.0216996
-0.0261745
-0.0242654
-0.0162844
-0.0046088
0.00741751
0.0168706
0.0223718
0.0252693
0.0159528
0.0107599
0.00706942
0.00348936
-0.00086631
-0.00648066
-0.0125903
-0.0170278
-0.0174677
-0.0129481
-0.00451016
0.00532235
0.0137463
0.018799
0.0200025
0.0192228
0.00427842
-0.00230947
-0.00568715
-0.007098
-0.00760643
-0.00825897
-0.00903819
-0.00863434
-0.00565749
6.53048e-05
0.00717615
0.0135367
0.0172946
0.0174987
0.0144497
0.010414
-0.00818823
-0.0153693
-0.0176498
-0.0162169
-0.0123451
-0.00771824
-0.00323658
0.00135805
0.00648275
0.0117821
0.0160958
0.0181291
0.0171006
0.0129383
0.00647327
0.000214769
-0.0196372
-0.0266746
-0.0274027
-0.0230564
-0.0151207
-0.00588065
0.00283045
0.0102098
0.0158857
0.0193715
0.0201321
0.0179325
0.0129654
0.00571949
-0.00277641
-0.0099669
-0.0285354
-0.0348107
-0.0339137
-0.0271679
-0.0162397
-0.00386993
0.00732506
0.015687
0.0203814
0.0211977
0.0184731
0.0129854
0.00560756
-0.00300235
-0.0119608
-0.0188756
-0.0337865
-0.038725
-0.036365
-0.0280959
-0.0157058
-0.00217646
0.00939837
0.0168716
0.0193755
0.0172499
0.0117359
0.00438706
-0.00362206
-0.0118285
-0.0197811
-0.0254648
-0.0347838
-0.0377745
-0.0341258
-0.0252443
-0.0129398
-0.000188338
0.00977449
0.0147255
0.0141082
0.00903352
0.0016044
-0.00614809
-0.0131485
-0.0194424
-0.0251881
-0.0288969
-0.0316636
-0.0320239
-0.0271456
-0.0184991
-0.00782021
0.00223407
0.00872377
0.00977694
0.00549131
-0.00210201
-0.0102427
-0.0169346
-0.0216142
-0.0249951
-0.0277591
-0.028922
-0.0245831
-0.0219565
-0.0160357
-0.00852469
-0.0012516
0.00369196
0.00451273
0.000608135
-0.00678834
-0.0151302
-0.0219006
-0.0260793
-0.0275494
-0.0275072
-0.0268987
-0.0251491
-0.00704745
-0.00471127
-0.000250797
0.0059671
0.0123571
0.0162929
0.015124
0.00778918
-0.00417773
-0.0170563
-0.0265518
-0.0298117
-0.0268607
-0.0203902
-0.0138666
-0.00872858
0.00400997
0.00756981
0.0116519
0.0159901
0.0192807
0.0194334
0.0141934
0.00253542
-0.013956
-0.0306956
-0.0417714
-0.0430317
-0.0345042
-0.021132
-0.0086593
0.000304284
0.00930074
0.0153454
0.0201794
0.021938
0.0188772
0.0102927
-0.00289453
-0.0182805
-0.0325868
-0.0424388
-0.0453266
-0.0406739
-0.0303544
-0.0180115
-0.00669423
0.00270457
0.0210065
0.024917
0.0272313
0.0264097
0.0211488
0.011044
-0.00289932
-0.0182688
-0.0317325
-0.0398461
-0.0401895
-0.032643
-0.0198347
-0.00587517
0.00601548
0.015095
0.0281698
0.0295724
0.0294793
0.026556
0.0197883
0.00897822
-0.00475003
-0.0188746
-0.0300562
-0.0351478
-0.0324063
-0.0225266
-0.00864158
0.00520085
0.0160985
0.0237147
0.0301777
0.0289349
0.0267269
0.0224151
0.0151513
0.00479258
-0.007479
-0.0190774
-0.0268137
-0.0281714
-0.0224485
-0.0112421
0.0021384
0.0141921
0.0226943
0.0277836
0.0275498
0.0236343
0.0197638
0.0150648
0.00873521
0.000507267
-0.00866961
-0.0164782
-0.0201954
-0.0181145
-0.0104936
0.00050969
0.0118249
0.0207507
0.0258341
0.0276273
0.0207853
0.0144607
0.00970372
0.00577664
0.00182251
-0.00274779
-0.00748749
-0.0106717
-0.0103392
-0.00568016
0.0023581
0.01152
0.0193949
0.0241767
0.0251853
0.0234181
0.0107055
0.00259029
-0.00205022
-0.00408182
-0.00450856
-0.0043929
-0.00399334
-0.0024346
0.00129859
0.00721053
0.0140629
0.0200044
0.0235206
0.023742
0.0206124
0.015657
-0.00147377
-0.0104012
-0.0139479
-0.0132734
-0.00960952
-0.00457104
0.000769015
0.00631478
0.0121483
0.0177537
0.022052
0.024006
0.0230459
0.0190592
0.0124453
0.00528568
-0.014023
-0.0227357
-0.0244321
-0.0207778
-0.0132416
-0.00397163
0.00517537
0.0131946
0.0194633
0.0233356
0.0243107
0.0223033
0.0175871
0.0105134
0.0016949
-0.00630206
-0.0250286
-0.0325394
-0.0320502
-0.0257456
-0.0153207
-0.00332254
0.00778681
0.0163413
0.0213782
0.0225378
0.0201224
0.0149495
0.00786977
-0.000631371
-0.0100067
-0.0174125
-0.0327303
-0.0381891
-0.0355556
-0.0274036
-0.0155846
-0.0028565
0.00800892
0.0150939
0.0175294
0.0155352
0.0102669
0.0032415
-0.00444781
-0.0125116
-0.0207364
-0.0263189
-0.0359578
-0.0386476
-0.0341314
-0.0250935
-0.0134476
-0.00194389
0.00666128
0.0105666
0.00935288
0.00407304
-0.00325219
-0.0106641
-0.0172239
-0.0231626
-0.028787
-0.0316743
-0.0345496
-0.0339116
-0.0278151
-0.0188812
-0.00900502
-0.000641042
0.00384494
0.00317577
-0.00223648
-0.0102964
-0.0183347
-0.0244788
-0.0284568
-0.0311742
-0.0333414
-0.0330924
-0.0285274
-0.0245593
-0.0174213
-0.0097119
-0.00342238
-0.00052199
-0.00223001
-0.00834809
-0.0170762
-0.0257413
-0.0322029
-0.0353806
-0.0359076
-0.0350246
-0.0334951
-0.0301064
-0.0103928
-0.00721535
-0.00220914
0.00377459
0.00924
0.0118018
0.00916975
0.00056373
-0.0123984
-0.0259516
-0.0356203
-0.0382136
-0.0341663
-0.0263657
-0.0187019
-0.012433
0.00136255
0.00478576
0.00899901
0.0129636
0.0151041
0.0136371
0.00705468
-0.00513562
-0.02141
-0.037533
-0.0477272
-0.047908
-0.0377268
-0.0234375
-0.0109023
-0.00213866
0.00732774
0.0127941
0.0171385
0.0185155
0.0150958
0.00611839
-0.00743806
-0.0230001
-0.037132
-0.0464044
-0.048385
-0.0427481
-0.0316742
-0.0190428
-0.00785529
0.00113298
0.019173
0.0223384
0.0240172
0.0228902
0.0176448
0.00782903
-0.00560246
-0.0202899
-0.0329876
-0.0403484
-0.0400274
-0.0320186
-0.0191245
-0.00550174
0.00573563
0.0138503
0.0270822
0.027634
0.0268264
0.0237355
0.0173865
0.00756656
-0.00482971
-0.0175953
-0.0276975
-0.0321709
-0.0292871
-0.0196781
-0.00638981
0.00666368
0.0167079
0.0232516
0.0306096
0.0283752
0.0254282
0.0210012
0.0144955
0.0056472
-0.00473685
-0.0146164
-0.0212686
-0.022376
-0.0171433
-0.00689073
0.00541675
0.0165522
0.02434
0.0286672
0.0300908
0.0249669
0.0203341
0.0155268
0.0100164
0.00346131
-0.0036853
-0.00979236
-0.0126657
-0.0107545
-0.00410068
0.00559616
0.0157737
0.0240076
0.0287242
0.030332
0.025631
0.0177062
0.0121661
0.00803764
0.00475965
0.00167612
-0.00128891
-0.00310724
-0.00229043
0.00191437
0.00885176
0.0168139
0.0238883
0.0284189
0.0294028
0.0280672
0.0174439
0.0072507
0.00185205
-0.000491121
-0.000540775
0.00061985
0.0022594
0.00467925
0.00857224
0.0139821
0.0199878
0.0252303
0.0285098
0.0288914
0.0258852
0.0218638
0.00622476
-0.00521172
-0.00934196
-0.00902866
-0.00533505
0.000175441
0.00609935
0.0119896
0.0177967
0.0230962
0.027063
0.0289442
0.0282719
0.0246661
0.0180758
0.0121894
-0.00655519
-0.0178923
-0.0198423
-0.0165004
-0.00923509
-7.61729e-05
0.00901538
0.0169451
0.0231397
0.0270179
0.0281857
0.0266156
0.0224903
0.0157822
0.00674156
0.000242978
-0.0188079
-0.0286538
-0.027967
-0.0218288
-0.0119031
-0.000519542
0.010009
0.0181352
0.0230819
0.0244964
0.02261
0.0181256
0.0116909
0.00341358
-0.00638416
-0.012103
-0.0283265
-0.0354921
-0.0322132
-0.0240588
-0.0128674
-0.00114506
0.00870026
0.0150984
0.0173778
0.0157028
0.0110464
0.00472781
-0.00238577
-0.0103229
-0.0189685
-0.0226983
-0.0334365
-0.0370911
-0.0316316
-0.0224746
-0.0115687
-0.00136197
0.00588215
0.00885822
0.00735775
0.00232271
-0.00444901
-0.0112054
-0.0172227
-0.0229793
-0.0288016
-0.029756
-0.0335972
-0.0333132
-0.0262683
-0.0172231
-0.00817117
-0.00131425
0.0015401
-0.000295684
-0.00612849
-0.0140015
-0.0214775
-0.0269478
-0.0302963
-0.0326453
-0.0346745
-0.032569
-0.0286476
-0.0247267
-0.0169222
-0.00920876
-0.00366542
-0.00212905
-0.0054092
-0.0127599
-0.0220276
-0.0305264
-0.0363196
-0.0390057
-0.0387295
-0.0373681
-0.0354667
-0.030513
-0.011926
-0.00860721
-0.00311207
0.00267595
0.00714628
0.00830361
0.00451019
-0.00455328
-0.0172847
-0.0302615
-0.0392095
-0.0406786
-0.0363989
-0.0283555
-0.0207889
-0.0140203
-2.55442e-05
0.00278322
0.00689954
0.0103073
0.0112174
0.00824392
0.000721811
-0.0110577
-0.0255898
-0.0394204
-0.047531
-0.0460913
-0.0354691
-0.0217316
-0.0105659
-0.00283473
0.00763111
0.0117171
0.0150393
0.0156743
0.0120035
0.003374
-0.00932386
-0.0237489
-0.0367264
-0.0449736
-0.0460708
-0.039756
-0.0285065
-0.0162376
-0.0058519
0.00234986
0.0190851
0.0209604
0.0216359
0.0198441
0.0145202
0.00532733
-0.00689228
-0.0200781
-0.0313388
-0.037582
-0.0365654
-0.028339
-0.0157454
-0.00285848
0.00740474
0.014675
0.0270997
0.0264463
0.0247512
0.0211535
0.015056
0.00630289
-0.0044452
-0.0154597
-0.0241857
-0.0279252
-0.0249721
-0.0158247
-0.00332153
0.00884982
0.0180745
0.0241349
0.0313767
0.0279984
0.024351
0.0196672
0.013693
0.00628604
-0.00217654
-0.0103293
-0.0160052
-0.0170732
-0.0125742
-0.00343573
0.00782087
0.0182275
0.0256191
0.0301831
0.0322132
0.0258478
0.0207336
0.0158329
0.011002
0.00596634
0.000637007
-0.0041118
-0.0066072
-0.00534136
5.58126e-06
0.0082956
0.0175396
0.0254668
0.0303058
0.03299
0.0294588
0.0200592
0.0141959
0.010013
0.00737602
0.00557856
0.00398451
0.00291794
0.00349794
0.0066156
0.0121101
0.018857
0.0254968
0.0302551
0.0317789
0.0322265
0.0229006
0.0109228
0.00530538
0.00289595
0.00324657
0.00522562
0.00759304
0.0101147
0.0133432
0.017624
0.0225315
0.0272229
0.0306318
0.0316628
0.0293617
0.0275165
0.0127685
-0.000717892
-0.00496708
-0.00476312
-0.000966711
0.00482131
0.0108288
0.0163205
0.0213379
0.0258234
0.0293295
0.0313382
0.0313493
0.0285679
0.0225465
0.0188774
0.000219645
-0.0132366
-0.015155
-0.0119134
-0.00480232
0.00417618
0.0128642
0.0201603
0.0257179
0.0292979
0.0306621
0.029758
0.0265448
0.0205329
0.0117001
0.00719231
-0.0126679
-0.0244374
-0.0234992
-0.0173751
-0.00772729
0.00317913
0.0130309
0.0205282
0.0251608
0.026767
0.0255288
0.0219347
0.0163258
0.00840864
-0.00160604
-0.0056956
-0.0234149
-0.0320996
-0.0283535
-0.0200589
-0.00917827
0.00195516
0.0110843
0.0170002
0.019288
0.0181332
0.0142996
0.00881202
0.00224692
-0.00570594
-0.0149026
-0.0173964
-0.0299103
-0.0346486
-0.0286274
-0.0192678
-0.00864804
0.000929227
0.00752272
0.010229
0.00902703
0.00472217
-0.00120784
-0.00730019
-0.0130615
-0.0191015
-0.0256389
-0.0257263
-0.0311434
-0.0316945
-0.0242079
-0.0150195
-0.00626029
1.5419e-07
0.00233755
0.000482107
-0.00480476
-0.0118016
-0.0184782
-0.0234236
-0.0267795
-0.0294718
-0.0321945
-0.0295343
-0.0267882
-0.0237033
-0.0157912
-0.00806637
-0.00261115
-0.00120549
-0.00444264
-0.0114273
-0.0200731
-0.0279379
-0.0332488
-0.0356561
-0.0355398
-0.034581
-0.0332981
-0.0280636
-0.0123783
-0.00934025
-0.00349365
0.00218669
0.00590473
0.00607005
0.00175575
-0.00678691
-0.0180191
-0.0291652
-0.0366985
-0.0378217
-0.0334908
-0.0264958
-0.0203755
-0.0141271
-0.000412963
0.00184212
0.00584814
0.0087647
0.00870303
0.00464804
-0.00330003
-0.0140958
-0.026067
-0.0365986
-0.0419863
-0.0391906
-0.0291377
-0.01732
-0.00855389
-0.00235149
0.00931035
0.0118386
0.0140684
0.0138483
0.00992224
0.00190348
-0.0093547
-0.0218654
-0.0329711
-0.0398223
-0.0401481
-0.0336489
-0.0227899
-0.0114117
-0.00220479
0.00520913
0.0201592
0.0205473
0.0201627
0.0174646
0.0118256
0.00318519
-0.0076958
-0.0191344
-0.0287272
-0.0337663
-0.0321603
-0.0239451
-0.0118123
0.000305339
0.00972847
0.0167816
0.0277257
0.025645
0.0230599
0.0187005
0.0124661
0.00442697
-0.00496107
-0.014465
-0.02203
-0.0252097
-0.0222718
-0.0135281
-0.00152
0.0102063
0.0191119
0.0257011
0.0319005
0.0271549
0.0228904
0.0177153
0.0118726
0.00537173
-0.00176961
-0.00880344
-0.0140447
-0.0154201
-0.0116752
-0.00331657
0.00755083
0.0179533
0.0256115
0.0315481
0.0330259
0.0253627
0.01992
0.0147732
0.0102597
0.00612946
0.00184968
-0.00234355
-0.00514944
-0.00490921
-0.000796122
0.00662932
0.0157371
0.0241733
0.0297863
0.0345142
0.0309714
0.0203511
0.0143483
0.0100831
0.00774726
0.00664995
0.00566178
0.0045485
0.00423751
0.00596196
0.0101762
0.0163473
0.0232566
0.0289394
0.0315621
0.0343686
0.0253414
0.0122415
0.00651296
0.00402079
0.00455923
0.00692311
0.00942097
0.0114169
0.0134798
0.0164297
0.0203997
0.0249505
0.0291397
0.0313619
0.0302312
0.030591
0.0160274
0.00153892
-0.00286436
-0.00278529
0.00104764
0.00692093
0.0127177
0.0174469
0.0213697
0.0249264
0.0280941
0.0305285
0.0315813
0.0299913
0.0249248
0.0228696
0.00387354
-0.0103994
-0.0125137
-0.00939456
-0.00230412
0.00658978
0.0149436
0.0215565
0.026404
0.0296344
0.0312517
0.0311363
0.0289654
0.0238426
0.0154894
0.0117334
-0.00918821
-0.0215456
-0.0207536
-0.0146272
-0.00492153
0.00593722
0.0155355
0.0226743
0.0271314
0.0289909
0.0284347
0.0257126
0.0208518
0.0132699
0.00309558
-0.0011572
-0.0205453
-0.0295915
-0.0258544
-0.0173673
-0.00624727
0.00500119
0.0141452
0.0201502
0.0228357
0.0224315
0.0194933
0.0147133
0.00839339
0.000111298
-0.0099042
-0.0133262
-0.0277427
-0.0327319
-0.0265998
-0.0168774
-0.00588274
0.00397014
0.0108554
0.0141204
0.0138802
0.0107424
0.00579785
0.000145051
-0.00588168
-0.012872
-0.0207741
-0.022278
-0.0293229
-0.0302566
-0.0226973
-0.0131488
-0.00394406
0.00274531
0.00570073
0.00491252
0.0011371
-0.00443953
-0.0102266
-0.015098
-0.0190097
-0.0231082
-0.0274914
-0.0264167
-0.024847
-0.0224859
-0.0147358
-0.00683986
-0.000754711
0.00153862
-0.000399315
-0.00569262
-0.012608
-0.0193048
-0.0242454
-0.0269324
-0.0278219
-0.0282834
-0.0286854
-0.024907
-0.0123896
-0.00954907
-0.00350513
0.00219684
0.00545269
0.00518452
0.00100271
-0.00632602
-0.015276
-0.0237883
-0.0293818
-0.0302041
-0.0268838
-0.0221159
-0.018384
-0.0135593
-0.000120284
0.00217173
0.00621826
0.00883992
0.00825746
0.00374701
-0.00412398
-0.0138174
-0.0234321
-0.0308773
-0.0337851
-0.0301048
-0.0214744
-0.012326
-0.00614651
-0.00142952
0.0112297
0.0127067
0.0141288
0.0131278
0.00884544
0.00121897
-0.00885711
-0.019646
-0.0289419
-0.0343651
-0.034008
-0.027618
-0.0174248
-0.00701716
0.00118133
0.00819668
0.0213621
0.0204967
0.0192059
0.0155099
0.00930003
0.000853184
-0.00910975
-0.0192356
-0.0275481
-0.0317005
-0.0297322
-0.0216111
-0.00979674
0.00198468
0.0111794
0.018909
0.027979
0.0244368
0.0210139
0.0157101
0.00895578
0.00108923
-0.00759173
-0.016257
-0.0232395
-0.0262416
-0.0234105
-0.0148088
-0.00271438
0.00934648
0.0186904
0.0268447
0.0311781
0.0248513
0.0199386
0.014045
0.00788602
0.00162576
-0.00499892
-0.0116773
-0.0170376
-0.0189458
-0.0157644
-0.00758486
0.0037069
0.01503
0.0236187
0.0316721
0.0314875
0.0223208
0.0164454
0.0108303
0.00619517
0.00231389
-0.0016716
-0.00595218
-0.00941093
-0.0101503
-0.00681043
0.000524911
0.0103957
0.0200467
0.0267565
0.0337618
0.0290254
0.0172071
0.0108687
0.00630466
0.00395413
0.00306645
0.00215496
0.00064091
-0.000598393
2.90529e-05
0.00353865
0.00983906
0.0176858
0.0246918
0.0284749
0.0331713
0.0234945
0.00967934
0.00356036
0.000802785
0.00136439
0.00387925
0.00632083
0.00778957
0.00892033
0.010993
0.0145032
0.0194246
0.0246823
0.0281848
0.0280951
0.0295269
0.0146692
2.28724e-05
-0.00494001
-0.00514622
-0.00125687
0.00475905
0.0104662
0.0147705
0.0179613
0.0210208
0.024162
0.0272133
0.0293039
0.028801
0.0245038
0.022414
0.00310666
-0.01085
-0.0136349
-0.0107465
-0.00349112
0.00566469
0.0140888
0.0205284
0.0251419
0.0282769
0.0302654
0.0308659
0.0295209
0.0250819
0.0170294
0.0120443
-0.00954802
-0.0212569
-0.0211089
-0.0150047
-0.00490042
0.00643535
0.0163721
0.0237027
0.0284022
0.0307291
0.0308665
0.0288261
0.0243822
0.0168541
0.00630594
-0.000256298
-0.0207027
-0.0289425
-0.0256534
-0.0169094
-0.00511073
0.00686526
0.0166441
0.0232707
0.0267473
0.0273262
0.0253162
0.0210431
0.0145786
0.00555152
-0.00561698
-0.0121124
-0.0277478
-0.0319835
-0.0260501
-0.0158103
-0.00393784
0.00681378
0.0145789
0.0188795
0.0199795
0.0183126
0.01446
0.00906789
0.0022487
-0.00623592
-0.0159783
-0.0208891
-0.0289224
-0.0293891
-0.021876
-0.0117025
-0.00157652
0.00611314
0.0102003
0.0108872
0.00893899
0.00515262
0.000402463
-0.00463189
-0.00978966
-0.0158183
-0.02244
-0.0246569
-0.023719
-0.0213568
-0.0137013
-0.00524554
0.00161452
0.00507568
0.00469431
0.00141902
-0.00342775
-0.00851863
-0.0128865
-0.016077
-0.0184403
-0.0209056
-0.0234857
-0.0225173
-0.0121669
-0.00903508
-0.00292372
0.00268669
0.00594802
0.00576743
0.00218876
-0.00371501
-0.0104363
-0.0164155
-0.0201301
-0.0209942
-0.0192961
-0.0171972
-0.0159238
-0.0128899
0.00093336
0.00403014
0.00830856
0.0108529
0.0101255
0.00566864
-0.00176048
-0.0105388
-0.0186865
-0.0242897
-0.0256563
-0.0220733
-0.0151962
-0.00853312
-0.00420937
-0.000347527
0.0127678
0.0141207
0.0151846
0.0135983
0.00886013
0.0012035
-0.00840721
-0.0183583
-0.0266636
-0.0312451
-0.030473
-0.0242236
-0.0145588
-0.00475322
0.00309481
0.0103535
0.021916
0.0204075
0.0185061
0.0139163
0.00702329
-0.00160661
-0.0112879
-0.0208998
-0.0287271
-0.0325764
-0.0305649
-0.0225617
-0.0107775
0.00123333
0.01097
0.0201292
0.0270284
0.0222694
0.0181407
0.0119005
0.00445402
-0.00364911
-0.0122323
-0.0207224
-0.0276623
-0.0307975
-0.0281243
-0.0194487
-0.00682711
0.00609712
0.0164301
0.0267193
0.0284122
0.0204468
0.0148341
0.00814326
0.00145796
-0.00497435
-0.011586
-0.0183212
-0.0239357
-0.0262151
-0.0232244
-0.0147362
-0.00252578
0.0099882
0.0196511
0.0298181
0.0269047
0.0160289
0.00948685
0.00328864
-0.00162365
-0.00552573
-0.00948073
-0.0138842
-0.0176712
-0.0187842
-0.0155199
-0.00768806
0.00321572
0.0140254
0.0215915
0.0301058
0.0230617
0.00988767
0.00285714
-0.00211648
-0.00451957
-0.00522538
-0.00597904
-0.00752923
-0.00899935
-0.00861265
-0.00499464
0.0018878
0.0107059
0.0186677
0.0229067
0.0280695
0.0169722
0.00247105
-0.00445737
-0.00754881
-0.00684488
-0.00395913
-0.0011924
0.000406828
0.0014815
0.00340141
0.00728946
0.0128424
0.0189113
0.0230673
0.0231458
0.023795
0.00852717
-0.00606717
-0.011958
-0.0124777
-0.00828409
-0.00171229
0.00452425
0.00912644
0.0125159
0.0157028
0.0191817
0.0228856
0.0255479
0.0254274
0.0210785
0.0170497
-0.00196228
-0.0152753
-0.0190778
-0.0163686
-0.00863948
0.00123534
0.0103117
0.0172128
0.0221552
0.0257735
0.0283771
0.0294486
0.0284127
0.024028
0.0156436
0.00780691
-0.0132307
-0.0239594
-0.024708
-0.0185941
-0.00782159
0.00436846
0.0150611
0.0229993
0.0282977
0.031351
0.0322368
0.0306664
0.0262221
0.0182837
0.00695911
-0.00307863
-0.0230763
-0.0302508
-0.0275615
-0.0185101
-0.00583715
0.00709644
0.0177028
0.0250732
0.0294131
0.0310389
0.0299762
0.0260927
0.0192333
0.00920514
-0.00334097
-0.0136471
-0.0289923
-0.0321834
-0.0265062
-0.0156981
-0.00280831
0.00892607
0.0175588
0.0227441
0.0249803
0.0246824
0.021944
0.0167684
0.0091431
-0.000981411
-0.0126593
-0.0213726
-0.0291006
-0.0286694
-0.0211263
-0.0102537
0.000844964
0.00948761
0.0144968
0.0162401
0.0156641
0.0134306
0.00978805
0.00483772
-0.0015503
-0.00960542
-0.0184825
-0.0241741
-0.0228872
-0.0198692
-0.0120952
-0.0030632
0.0045397
0.00882695
0.00943994
0.007384
0.0040311
0.000368268
-0.00316274
-0.00655543
-0.0101895
-0.0146039
-0.0192734
-0.021098
-0.0112068
-0.00727651
-0.00111785
0.00450997
0.00791785
0.00817041
0.00540904
0.000685724
-0.00459949
-0.00917537
-0.0121367
-0.0132503
-0.0131921
-0.0133025
-0.0137045
-0.0120405
0.00337517
0.00770116
0.0122909
0.0148478
0.0141592
0.00999938
0.00310588
-0.00510462
-0.0128294
-0.0181681
-0.0196022
-0.0168236
-0.01148
-0.00634299
-0.00260732
0.00142904
0.0141484
0.0162641
0.0173968
0.0154914
0.0103509
0.00239817
-0.00735514
-0.0173621
-0.0256723
-0.0302432
-0.0295362
-0.0235147
-0.0141479
-0.00446035
0.00374994
0.0117784
0.0217837
0.0203821
0.0182381
0.0130675
0.00564085
-0.00331079
-0.0131425
-0.0228603
-0.0308278
-0.0348842
-0.0331458
-0.0253683
-0.013545
-0.00107841
0.00953333
0.0204146
0.024735
0.0193113
0.0147236
0.00781269
-0.000173782
-0.00857529
-0.017297
-0.0258839
-0.0329272
-0.0361873
-0.0336114
-0.0248508
-0.0118175
0.00184589
0.013118
0.0251508
0.0235702
0.0142871
0.0080445
0.000736735
-0.00633588
-0.0128784
-0.0194643
-0.026116
-0.0316064
-0.0337243
-0.0304708
-0.0215352
-0.00867853
0.00447192
0.0146089
0.0259805
0.0194824
0.00703903
-0.000277465
-0.00693941
-0.0119472
-0.0156075
-0.0192071
-0.0231968
-0.0265077
-0.0270908
-0.0232278
-0.0147413
-0.003253
0.00781437
0.0152315
0.0237697
0.0135934
-0.000916866
-0.00885316
-0.0140959
-0.0162072
-0.0162898
-0.0163094
-0.0170992
-0.0177791
-0.0165733
-0.0121766
-0.00462778
0.00454502
0.0123209
0.015812
0.0195632
0.00660745
-0.00869998
-0.016653
-0.0197968
-0.0184766
-0.0146364
-0.0108469
-0.00826301
-0.00623144
-0.00335005
0.00128613
0.00736219
0.0134836
0.0171541
0.0161409
0.014123
-0.00120237
-0.0160707
-0.0230789
-0.0234722
-0.0184761
-0.0107835
-0.00343755
0.00216614
0.00648312
0.0105438
0.0148156
0.0188405
0.0213634
0.0205895
0.0150652
0.00773207
-0.00974126
-0.0230197
-0.0277663
-0.0249044
-0.0163277
-0.00534763
0.00471036
0.0124553
0.0181651
0.02256
0.0257947
0.0272619
0.0260046
0.0208936
0.0113517
0.000206854
-0.0183879
-0.0290376
-0.0304582
-0.0240803
-0.012474
0.000647899
0.0121085
0.0206531
0.0265508
0.0303282
0.0319272
0.0307312
0.0260307
0.0172801
0.00473709
-0.00825377
-0.0255239
-0.0328911
-0.0303951
-0.0209469
-0.0074807
0.00620085
0.0173547
0.0251251
0.0299445
0.0322927
0.0320246
0.0285603
0.0213874
0.0103792
-0.00356318
-0.0164194
-0.0293138
-0.0325201
-0.026824
-0.0155592
-0.00176929
0.0104956
0.0195209
0.0249987
0.0276628
0.0280942
0.0261806
0.0213973
0.0133483
0.00203507
-0.0112694
-0.0221611
-0.027888
-0.0271909
-0.0194096
-0.00797283
0.00374285
0.0128553
0.0181937
0.0202074
0.0200444
0.0185055
0.0156233
0.0109333
0.00395151
-0.00545137
-0.015966
-0.0235259
-0.0207469
-0.0171709
-0.00904282
0.000448961
0.00842273
0.0129896
0.0138428
0.0120272
0.00902666
0.00589075
0.0028742
-0.000415279
-0.00461975
-0.0101833
-0.0161899
-0.0194989
-0.00838037
-0.0036376
0.00257577
0.00824587
0.0118875
0.0126817
0.0106641
0.00659314
0.00163692
-0.00298698
-0.00637289
-0.00833075
-0.00947923
-0.010661
-0.0114984
-0.0100924
0.0078682
0.0131246
0.017896
0.0203909
0.0197279
0.015858
0.00935376
0.00131631
-0.00668555
-0.0127457
-0.0152214
-0.0136586
-0.00938066
-0.00465387
-0.000414337
0.0046969
0.0161183
0.0193624
0.0208058
0.018868
0.0135828
0.00544597
-0.00456945
-0.0149684
-0.0237848
-0.0288809
-0.0286821
-0.0231343
-0.0140898
-0.00437151
0.00441338
0.0133607
0.0215903
0.0208593
0.0188119
0.013505
0.00592979
-0.00315329
-0.0131651
-0.023144
-0.0314176
-0.0358021
-0.0344425
-0.0270507
-0.0154394
-0.00284813
0.00822903
0.0205768
0.0218147
0.0164375
0.0117179
0.00459481
-0.00351486
-0.0119513
-0.020678
-0.029228
-0.0361467
-0.0392558
-0.0366037
-0.0278972
-0.0149643
-0.00132274
0.0101518
0.022872
0.0176479
0.0078077
0.00116738
-0.00634908
-0.0133729
-0.0196842
-0.0259181
-0.0320744
-0.0368589
-0.0382962
-0.0344208
-0.0251959
-0.0124335
0.000301861
0.00991686
0.0210011
0.0106311
-0.00267668
-0.0106384
-0.0173884
-0.0220045
-0.0249963
-0.027756
-0.0307376
-0.0328694
-0.0322542
-0.0274266
-0.0184874
-0.00724572
0.00293183
0.0090448
0.0159372
0.00247399
-0.0128617
-0.0215844
-0.0266919
-0.0279926
-0.0269355
-0.0256841
-0.0251013
-0.0243215
-0.0217208
-0.01627
-0.00827473
0.000414549
0.00688233
0.00851416
0.00923226
-0.00534412
-0.0213255
-0.0300634
-0.0328196
-0.0303498
-0.025055
-0.0198099
-0.015792
-0.0123253
-0.00814567
-0.00252811
0.00383573
0.00926738
0.0114259
0.00830315
0.00253331
-0.0120683
-0.0276743
-0.0352417
-0.0350835
-0.0288384
-0.0196273
-0.0110093
-0.00423648
0.00118856
0.00628807
0.0113454
0.0155279
0.0173401
0.0150762
0.00750668
-0.00332221
-0.0178021
-0.0321132
-0.0371568
-0.0336274
-0.0239227
-0.0118088
-0.000852493
0.00758245
0.0139369
0.0190158
0.0228337
0.0244705
0.022668
0.0163167
0.00499027
-0.00849855
-0.0227121
-0.034769
-0.0361961
-0.0291831
-0.0168008
-0.00299705
0.00884621
0.0175709
0.0236643
0.0278048
0.0298634
0.0289194
0.0239627
0.0143288
0.00029999
-0.0134881
-0.0261417
-0.0350314
-0.0324482
-0.0224786
-0.00860007
0.00534094
0.0164712
0.024057
0.0287454
0.0312041
0.031291
0.0281593
0.0210063
0.00944651
-0.0057217
-0.0181564
-0.0267777
-0.0316729
-0.0256442
-0.0139374
-0.000193425
0.0121314
0.0209568
0.0261008
0.0284562
0.0287975
0.0270944
0.0226264
0.0147195
0.00307765
-0.0112129
-0.0211004
-0.0233643
-0.0240137
-0.0158257
-0.0041398
0.0075299
0.0165201
0.0216317
0.0233041
0.0227502
0.0209534
0.0180842
0.0135655
0.00669393
-0.00289354
-0.0141476
-0.0206602
-0.0155526
-0.0125606
-0.00401391
0.00563532
0.0135116
0.0179215
0.0185659
0.016397
0.0129078
0.00931749
0.00608079
0.00279428
-0.00134157
-0.00697183
-0.0133465
-0.015869
-0.00269308
0.00207551
0.0083099
0.0139072
0.0176611
0.018848
0.0172696
0.0132918
0.0078151
0.00213585
-0.00249574
-0.00548626
-0.00711387
-0.00810292
-0.00828148
-0.00571706
0.0141576
0.0194122
0.0240431
0.0262721
0.0255142
0.0218503
0.0156222
0.0075937
-0.000853085
-0.00778447
-0.0113437
-0.0107818
-0.00699963
-0.00198924
0.00321618
0.00986579
0.0191011
0.0231623
0.0249002
0.0231707
0.0181333
0.0102594
0.000364644
-0.010186
-0.0194213
-0.0251159
-0.0256072
-0.0207505
-0.012223
-0.00264545
0.00645138
0.0158417
0.021958
0.0221511
0.0204289
0.0154357
0.00819668
-0.000622036
-0.0105376
-0.0205874
-0.0290142
-0.0335947
-0.0325495
-0.025637
-0.0145639
-0.00233644
0.00887652
0.0207526
0.0194213
0.0147773
0.010252
0.00341178
-0.00434864
-0.0124743
-0.0209645
-0.0292756
-0.0358588
-0.0385783
-0.0357437
-0.0272539
-0.0149241
-0.00205184
0.00885295
0.0207679
0.0124012
0.00302659
-0.00368461
-0.010957
-0.0175153
-0.0232936
-0.028962
-0.0344337
-0.0383708
-0.0388165
-0.0343329
-0.02509
-0.0130404
-0.00150355
0.00691683
0.0162474
0.00271414
-0.0103451
-0.0186384
-0.0250644
-0.0289271
-0.0310086
-0.0327996
-0.0346902
-0.0355613
-0.0336684
-0.0279464
-0.018894
-0.00851933
8.4028e-05
0.0044461
0.00850377
-0.00743176
-0.0227233
-0.031872
-0.0363876
-0.0365376
-0.0341861
-0.0316824
-0.0298345
-0.0277051
-0.0237899
-0.0173898
-0.00937472
-0.00169809
0.0029419
0.00241748
-0.000401273
-0.0158772
-0.032214
-0.0411369
-0.0429634
-0.039008
-0.0322297
-0.025741
-0.0206228
-0.0160585
-0.0107825
-0.00444798
0.00187069
0.00624209
0.00648812
0.00102474
-0.00820651
-0.0214267
-0.0380216
-0.0453421
-0.0439427
-0.036102
-0.0256184
-0.0160872
-0.00867541
-0.00262238
0.00313863
0.00866071
0.0127384
0.0136102
0.00959499
-0.000273902
-0.0133795
-0.0241525
-0.0404088
-0.0446648
-0.0397695
-0.0287734
-0.0158229
-0.00458411
0.00387181
0.0103033
0.0155985
0.0196199
0.0211761
0.0187449
0.011078
-0.00229653
-0.0159141
-0.0247845
-0.0399037
-0.0401008
-0.0317934
-0.0187737
-0.00480194
0.00669178
0.0149065
0.0206269
0.0246144
0.0266702
0.0257053
0.0205508
0.0102482
-0.00537611
-0.0170852
-0.0238057
-0.0365007
-0.0326092
-0.0218453
-0.007885
0.00564474
0.016023
0.0228349
0.0269055
0.0289492
0.0288498
0.0257429
0.0187965
0.00723886
-0.00896361
-0.0176779
-0.0208156
-0.0296738
-0.0225755
-0.0105682
0.00271306
0.014322
0.0223454
0.0267564
0.0284468
0.0281972
0.0261168
0.0216337
0.0141664
0.00303719
-0.0117007
-0.0172225
-0.0152649
-0.0192942
-0.0104798
0.00108737
0.0120785
0.0203779
0.024925
0.0260888
0.0249201
0.0224001
0.0189526
0.0142819
0.00787405
-0.0009803
-0.0121833
-0.0146738
-0.00710582
-0.00633787
0.00246155
0.0118353
0.0191654
0.0231789
0.0235935
0.0211262
0.0170293
0.0125787
0.00856993
0.00496599
0.00116832
-0.00372823
-0.00974373
-0.00929856
0.00552732
0.00903529
0.0151458
0.0203976
0.0239516
0.0252079
0.0237462
0.0195613
0.01334
0.00648669
0.000705971
-0.00290518
-0.00425985
-0.00422718
-0.0034047
0.00123148
0.020667
0.0249256
0.0290053
0.0308052
0.0298921
0.0265446
0.0207747
0.01299
0.00440697
-0.00298548
-0.00715114
-0.00709904
-0.00342767
0.00200188
0.00786203
0.0157672
0.0227717
0.0268534
0.0286231
0.027222
0.0228383
0.0158159
0.00665018
-0.00355236
-0.0128843
-0.0190377
-0.0202213
-0.01614
-0.00824742
0.000965249
0.00991599
0.0191688
0.0233026
0.0242113
0.022867
0.018505
0.0120073
0.00383021
-0.00569503
-0.0156129
-0.0240617
-0.0287474
-0.0279609
-0.0215214
-0.0111211
0.000423543
0.0110552
0.0218165
0.0186834
0.0152069
0.0110991
0.00489481
-0.0022248
-0.0099038
-0.0181636
-0.0263211
-0.0326668
-0.0350672
-0.0320744
-0.0238576
-0.012264
-0.00039885
0.0095949
0.0197429
0.00970816
0.00171993
-0.00474214
-0.01147
-0.0174429
-0.0228094
-0.0282157
-0.0333774
-0.0367945
-0.0365696
-0.0316121
-0.0224786
-0.0112556
-0.000954812
0.00628966
0.0132024
-0.00177403
-0.0134868
-0.0216717
-0.027526
-0.0306877
-0.0322363
-0.0336593
-0.0351189
-0.0353172
-0.0326069
-0.0262949
-0.0172942
-0.00781917
-0.000652527
0.00234927
0.00358924
-0.01324
-0.0276191
-0.0365221
-0.0402079
-0.0393674
-0.036312
-0.0334192
-0.0311983
-0.028476
-0.0238277
-0.0169318
-0.00902486
-0.00232798
0.000755241
-0.00136
-0.00684264
-0.0222407
-0.0384201
-0.0465881
-0.0470956
-0.0418477
-0.0342902
-0.0276172
-0.0224241
-0.0175726
-0.0118366
-0.00521799
0.000830512
0.00417194
0.00278069
-0.00447045
-0.015376
-0.0271411
-0.0445911
-0.0503561
-0.0471134
-0.0378714
-0.0268589
-0.0175714
-0.0105606
-0.00464822
0.00119653
0.00671232
0.0104028
0.010276
0.00468693
-0.00715526
-0.0199805
-0.0275985
-0.046113
-0.0479332
-0.0409622
-0.0287758
-0.0158176
-0.00541697
0.00214187
0.00803088
0.0130599
0.0167769
0.0178992
0.0146646
0.00572432
-0.00967223
-0.020645
-0.0247178
-0.043432
-0.0406867
-0.0307208
-0.0169058
-0.00360411
0.00654396
0.013565
0.018525
0.0220219
0.0236299
0.0221628
0.0165073
0.00545376
-0.0120025
-0.0187471
-0.0197388
-0.0369363
-0.0302208
-0.0183057
-0.0045566
0.00770219
0.0165643
0.0222366
0.0255799
0.0270501
0.0263903
0.0228029
0.0156992
0.00401743
-0.0135253
-0.0157046
-0.0133035
-0.0268598
-0.0177598
-0.00544407
0.00681923
0.0169629
0.0237523
0.0274159
0.0286023
0.0277857
0.025064
0.020128
0.0127869
0.00209487
-0.0132559
-0.0118895
-0.00575726
-0.0139402
-0.00428163
0.00682409
0.0165063
0.0236639
0.027623
0.0285982
0.0271875
0.0241015
0.0199135
0.0147586
0.00858915
0.000494177
-0.0106046
-0.00709133
0.00254224
0.000186472
0.00896071
0.0175062
0.0238619
0.0274498
0.0280035
0.0258002
0.0215977
0.0165229
0.0116632
0.00748937
0.00386549
-0.000252603
-0.00577346
-0.00108951
0.0140335
0.0154995
0.0211638
0.0257659
0.028849
0.0299837
0.0286164
0.0244115
0.0178592
0.0104611
0.00420535
0.000533333
-0.000263836
0.00070928
0.00214044
0.00902517
0.0256037
0.0284292
0.0318726
0.0335596
0.0333718
0.031084
0.0261542
0.0186298
0.00977896
0.00187866
-0.00280467
-0.00310952
0.000469441
0.00611421
0.0122175
0.0206774
0.0266517
0.0300886
0.0316598
0.0307311
0.0274432
0.0217544
0.0136584
0.00393033
-0.00555117
-0.0122961
-0.0143074
-0.0110711
-0.00382142
0.00508379
0.0138504
0.022685
0.0261419
0.0272995
0.0261424
0.0224525
0.0168385
0.00942767
0.000336405
-0.0094974
-0.0180816
-0.0229918
-0.0224846
-0.016456
-0.00655158
0.00451399
0.0146699
0.0240665
0.0207926
0.0183394
0.0145414
0.00895363
0.00238582
-0.00506276
-0.0133941
-0.0217125
-0.028092
-0.0303498
-0.0271765
-0.0189337
-0.00773465
0.00359315
0.0129188
0.021046
0.0110842
0.00476974
-0.00128567
-0.0075022
-0.0132638
-0.0188639
-0.0247122
-0.0301533
-0.0334609
-0.0327979
-0.0273703
-0.0180603
-0.00717177
0.00246753
0.00895532
0.0135693
-0.0011234
-0.0107644
-0.0182537
-0.0236111
-0.0268587
-0.0290266
-0.031163
-0.0329562
-0.0329454
-0.0296751
-0.022851
-0.0137723
-0.00482167
0.00152354
0.00367657
0.00302291
-0.012498
-0.0252187
-0.0328712
-0.0359589
-0.0354675
-0.0334056
-0.0314457
-0.0296061
-0.0266888
-0.0216046
-0.0144764
-0.00686339
-0.00106076
0.000914118
-0.00194524
-0.00810674
-0.021264
-0.0357589
-0.0420223
-0.0418369
-0.0372919
-0.0311991
-0.0256578
-0.0209215
-0.0160296
-0.0102204
-0.0038928
0.00134892
0.00348197
0.000942954
-0.00678647
-0.0158056
-0.0241714
-0.0408107
-0.0439552
-0.0401711
-0.0322316
-0.0232159
-0.0152851
-0.00881903
-0.00312757
0.00227931
0.00691215
0.00933023
0.00798981
0.00165783
-0.0101042
-0.0180959
-0.0211968
-0.0401872
-0.0390623
-0.0321066
-0.022115
-0.0116773
-0.00272241
0.00425854
0.00964172
0.0137273
0.0161737
0.0157917
0.0117824
0.0029302
-0.0115868
-0.0144634
-0.0142472
-0.0350763
-0.0297598
-0.0206188
-0.00994414
0.000620469
0.00952279
0.0160744
0.0203223
0.0224987
0.0225368
0.0198992
0.0142421
0.00429487
-0.0115195
-0.00739134
-0.00615849
-0.0269909
-0.0188406
-0.00869877
0.00156509
0.0115227
0.0197078
0.0251829
0.0277576
0.0277812
0.0256294
0.0213379
0.0149872
0.00520284
-0.0102586
-0.000527333
0.00105722
-0.0168768
-0.00778726
0.00206058
0.0114034
0.0202842
0.0271891
0.0310057
0.0315049
0.0293305
0.0253619
0.0201374
0.0139534
0.00542765
-0.00779845
0.00411875
0.00703785
-0.00530928
0.00332058
0.0119712
0.0199065
0.0270042
0.0318144
0.0332489
0.031299
0.0270311
0.0217938
0.0164948
0.0113832
0.00517768
-0.00408529
0.00696848
0.0125428
0.00683094
0.01415
0.0211174
0.027104
0.0316095
0.033433
0.031817
0.0271921
0.0210994
0.0152734
0.0107793
0.00778193
0.00492121
0.00069023
0.00971082
0.0205832
0.0199409
0.024891
0.0293008
0.0326438
0.0345361
0.0336832
0.0293689
0.0222567
0.0143156
0.00784847
0.00441615
0.00420068
0.00578703
0.00756264
0.0160355
)
;

boundaryField
{
    patch0_half0
    {
        type            cyclic;
    }
    patch0_half1
    {
        type            cyclic;
    }
    patch1_half0
    {
        type            cyclic;
    }
    patch1_half1
    {
        type            cyclic;
    }
    patch2_half0
    {
        type            cyclic;
    }
    patch2_half1
    {
        type            cyclic;
    }
}


// ************************************************************************* //
