/*--------------------------------*- C++ -*----------------------------------*\
| =========                 |                                                 |
| \\      /  F ield         | OpenFOAM: The Open Source CFD Toolbox           |
|  \\    /   O peration     | Version:  3.0.0                                 |
|   \\  /    A nd           | Web:      www.OpenFOAM.org                      |
|    \\/     M anipulation  |                                                 |
\*---------------------------------------------------------------------------*/
FoamFile
{
    version     2.0;
    format      ascii;
    class       volScalarField;
    location    "250";
    object      p;
}
// * * * * * * * * * * * * * * * * * * * * * * * * * * * * * * * * * * * * * //

dimensions      [0 2 -2 0 0 0 0];

internalField   nonuniform List<scalar> 
10720
(
1.74508e-05
-80.6916
-175.261
-265.715
-346.318
-427.504
-497.138
-553.144
-600.26
-634.854
-659.063
-675.138
-684.323
-687.188
-684.161
-674.766
-660.213
-639.195
-612.949
-580.1
-541.748
-497.092
-448.441
-396.743
-345.539
-299.949
-258.881
-218.64
-178.91
-139.898
-101.396
-63.2401
-25.3078
12.6537
50.9074
90.5958
131.894
180.757
227.28
83.5909
160.104
245.34
327.647
401.129
461.491
504.797
528.559
535.917
532.698
519.935
500.752
479.466
458.035
437.213
417.062
397.867
379.401
361.477
343.661
325.914
307.942
289.824
271.923
256.018
243.153
232.385
223.371
216.122
210.702
207.036
205.011
204.542
205.628
208.271
212.855
219.878
232.907
255.66
148.137
86.0309
17.5946
-53.749
-125.854
-198.61
-268.009
-331.926
-389.893
-440.153
-482.798
-517.907
-545.314
-565.197
-577.478
-582.312
-580.359
-571.143
-555.274
-532.159
-502.446
-465.906
-424.337
-378.952
-332.929
-290.668
-251.656
-212.992
-174.477
-136.41
-98.6732
-61.1375
-23.7058
13.8574
51.8031
91.2562
132.376
181.166
226.95
204.697
259.351
314.983
370.392
421.314
465.021
498.292
518.658
526.79
524.761
514.277
498.342
479.779
460.188
440.419
420.858
401.833
383.337
365.265
347.355
329.538
311.628
293.705
276.148
260.347
247.201
236.072
226.676
219.046
213.245
209.213
206.857
206.094
206.92
209.344
213.754
220.641
233.59
255.35
171.564
115.869
54.2222
-12.9825
-81.5629
-150.703
-218.815
-283.01
-341.68
-393.95
-438.664
-475.396
-504.221
-525.602
-539.683
-546.755
-546.994
-540.287
-526.902
-506.661
-479.936
-446.828
-408.673
-366.807
-323.846
-283.404
-245.555
-208.045
-170.534
-133.29
-96.2347
-59.2509
-22.2594
14.9553
52.6303
91.8697
132.816
181.433
226.798
222.543
273.164
324.627
374.744
419.78
458.05
487.285
505.826
514.333
514.048
506.235
493.107
476.727
458.637
439.858
420.962
402.324
384.068
366.162
348.435
330.802
313.145
295.53
278.308
262.586
249.239
237.92
228.359
220.57
214.606
210.416
207.913
207.017
207.72
210.042
214.373
221.2
234.036
254.862
208.803
161.934
109.137
51.7929
-7.65004
-69.0105
-130.5
-190.198
-246.694
-298.87
-345.619
-386.296
-420.588
-448.378
-469.533
-483.882
-491.18
-491.315
-484.333
-470.195
-449.154
-421.493
-388.312
-351.013
-311.863
-273.948
-237.834
-201.863
-165.637
-129.431
-93.2323
-56.9478
-20.5186
16.2483
53.5738
92.53
133.238
181.556
226.536
251.242
292.693
335.034
377.022
415.192
448.277
474.241
491.489
500.354
501.578
496.077
485.542
471.561
455.475
438.265
420.541
402.716
385.012
367.477
350.036
332.637
315.23
297.891
280.955
265.337
251.86
240.37
230.62
222.621
216.43
212.011
209.286
208.183
208.702
210.87
215.078
221.803
234.455
254.359
223.6
181.841
134.566
82.802
28.9529
-27.3316
-84.5515
-140.928
-195.361
-246.675
-293.705
-335.672
-371.966
-402.15
-425.914
-442.932
-453.045
-456.17
-452.287
-441.449
-423.825
-399.765
-370.174
-336.381
-300.343
-264.635
-230.062
-195.46
-160.423
-125.218
-89.8771
-54.3235
-18.5063
17.7541
54.6663
93.2727
133.671
181.583
226.032
261.538
298.396
336.097
373.382
407.206
436.769
460.361
476.66
485.795
488.231
484.727
476.533
464.861
450.811
435.272
418.853
401.998
384.994
367.969
350.932
333.876
316.8
299.799
283.19
267.741
254.206
242.579
232.67
224.492
218.107
213.492
210.578
209.301
209.663
211.698
215.794
222.415
234.856
253.825
235.002
197.99
155.813
109.64
61.5274
10.7924
-41.1465
-92.8766
-143.577
-192.151
-237.589
-279.122
-316.037
-347.754
-373.831
-393.881
-407.629
-414.811
-415.202
-408.746
-395.515
-375.822
-350.423
-320.544
-287.901
-254.676
-221.848
-188.716
-154.937
-120.773
-86.3136
-51.5104
-16.3271
19.3989
55.8624
94.0698
134.094
181.485
225.287
268.596
301.069
334.479
367.727
397.991
424.726
446.419
461.922
471.209
474.585
472.712
466.529
456.964
444.901
431.108
416.147
400.454
384.347
368.009
351.518
334.915
318.245
301.625
285.361
270.112
256.567
244.835
234.791
226.449
219.877
215.065
211.955
210.493
210.684
212.57
216.539
223.035
235.223
253.244
240.795
207.376
169.17
127.291
83.7139
37.4806
-10.1364
-57.8952
-105.233
-151.155
-194.774
-235.38
-272.216
-304.625
-332.065
-354.042
-370.075
-379.856
-383.072
-379.657
-369.66
-353.367
-331.42
-304.91
-275.32
-244.466
-213.384
-181.728
-149.231
-116.136
-82.5803
-48.546
-14.0157
21.1531
57.1386
94.9068
134.494
181.247
224.312
271.152
300.381
330.572
360.7
388.18
412.65
432.806
447.604
456.928
461.022
460.457
455.96
448.256
438.045
425.967
412.507
398.072
382.984
367.459
351.625
335.571
319.382
303.195
287.31
272.304
258.81
247.02
236.871
228.39
221.646
216.646
213.347
211.703
211.724
213.46
217.295
223.653
235.547
252.62
243.99
213.646
178.859
140.748
101.174
59.024
15.4761
-28.387
-72.19
-115.078
-156.271
-195.168
-231.056
-263.269
-291.216
-314.341
-332.11
-344.166
-350.125
-349.787
-343.107
-330.283
-311.832
-288.696
-262.159
-233.753
-204.521
-174.411
-143.252
-111.279
-78.6685
-45.4372
-11.5876
23.0015
58.4833
95.7772
134.871
180.876
223.111
271.583
298.074
325.565
353.099
378.28
400.861
419.725
433.877
443.144
447.772
448.235
445.127
439.027
430.489
420.034
408.063
394.936
380.957
366.352
351.282
335.87
320.236
304.537
289.066
274.348
260.961
249.156
238.934
230.334
223.435
218.258
214.774
212.948
212.797
214.377
218.067
224.269
235.828
251.958
245.131
217.345
185.437
150.497
114.313
75.6908
35.6986
-4.6852
-45.2419
-85.2186
-123.958
-160.963
-195.578
-227.165
-255.134
-278.894
-297.868
-311.603
-319.665
-321.759
-317.791
-307.908
-292.52
-272.432
-248.738
-222.709
-195.342
-166.799
-137.009
-106.197
-74.5693
-42.1783
-9.04319
24.9354
59.887
96.6754
135.228
180.389
221.703
270.427
294.661
319.911
345.281
368.53
389.514
407.265
420.818
429.96
434.966
436.231
434.254
429.514
422.454
413.491
402.95
391.132
378.308
364.696
350.47
335.78
320.77
305.613
290.599
276.211
262.987
251.216
240.955
232.263
225.228
219.886
216.225
214.221
213.896
215.316
218.851
224.881
236.065
251.259
244.992
219.406
189.988
157.808
124.576
89.0614
52.2594
15.0515
-22.4566
-59.5987
-95.8326
-130.755
-163.775
-194.331
-221.846
-245.723
-265.379
-280.316
-290.085
-294.304
-292.805
-285.652
-273.143
-255.946
-234.981
-211.301
-185.83
-158.887
-130.496
-100.882
-70.2757
-38.7609
-6.37603
26.9577
61.3461
97.5947
135.57
179.801
220.121
268.32
290.628
313.966
337.486
359.082
378.688
395.461
408.444
417.42
422.679
424.561
423.496
419.894
414.117
406.501
397.299
386.754
375.096
362.521
349.202
335.301
320.976
306.413
291.898
277.885
264.877
253.188
242.925
234.17
227.02
221.527
217.697
215.519
215.021
216.276
219.646
225.485
236.258
250.525
243.967
220.283
193.028
163.25
132.595
99.8125
65.8382
31.4723
-3.24385
-37.7318
-71.5475
-104.374
-135.689
-164.993
-191.759
-215.416
-235.38
-251.13
-262.191
-268.133
-268.709
-263.921
-253.981
-239.421
-221.005
-199.593
-176.017
-150.69
-123.721
-95.3377
-65.7864
-35.1821
-3.58208
29.0718
62.8613
98.5318
135.893
179.121
218.399
265.593
286.244
307.931
329.85
350.005
368.411
384.303
396.744
405.528
410.944
413.293
412.959
410.303
405.627
399.206
391.233
381.899
371.387
359.865
347.492
334.43
320.845
306.924
292.949
279.354
266.614
255.057
244.831
236.043
228.801
223.175
219.186
216.839
216.168
217.254
220.449
226.08
236.406
249.758
242.359
220.344
194.994
167.332
138.947
108.587
77.1396
45.341
13.1753
-18.842
-50.346
-81.0967
-110.639
-138.548
-164.344
-187.491
-207.434
-223.647
-235.645
-242.98
-245.325
-242.623
-234.999
-222.866
-206.84
-187.614
-165.919
-142.217
-116.688
-89.5639
-61.1007
-31.4405
-0.659519
31.2792
64.4339
99.4849
136.196
178.356
216.556
262.497
281.701
301.942
322.452
341.342
358.686
373.776
385.7
394.271
399.768
402.468
402.716
400.84
397.101
391.727
384.865
376.659
367.251
356.773
345.366
333.179
320.375
307.138
293.743
280.607
268.185
256.808
246.66
237.871
230.563
224.822
220.687
218.176
217.334
218.249
221.258
226.663
236.511
248.962
240.373
219.83
196.172
170.389
144.016
115.814
86.6277
57.1441
27.3006
-2.44377
-31.7771
-60.5287
-88.3051
-114.747
-139.434
-161.878
-181.556
-197.954
-210.579
-218.995
-222.803
-221.89
-216.312
-206.372
-192.557
-175.415
-155.566
-133.487
-109.408
-83.5642
-56.2185
-27.5345
2.39304
33.5811
66.0636
100.453
136.473
177.508
214.605
259.19
277.124
296.081
315.341
333.104
349.499
363.853
375.282
383.626
389.147
392.103
392.811
391.575
388.628
384.163
378.293
371.124
362.759
353.3
342.856
331.562
319.568
307.05
294.272
281.636
269.577
258.428
248.399
239.643
232.296
226.46
222.193
219.528
218.517
219.256
222.07
227.232
236.574
248.139
238.151
218.921
196.777
172.675
148.1
121.833
94.677
67.2844
39.5523
11.8993
-15.41
-42.2574
-68.3085
-93.2613
-116.758
-138.359
-157.575
-173.926
-186.915
-196.132
-201.128
-201.738
-197.955
-189.989
-178.21
-163.038
-144.987
-124.517
-101.889
-77.3437
-51.1414
-23.4639
5.5771
35.9787
67.7507
101.436
136.722
176.584
212.556
255.789
272.59
290.404
308.541
325.292
340.825
354.499
365.461
373.565
379.068
382.206
383.274
382.561
380.279
376.596
371.602
365.374
357.983
349.498
340
329.602
318.436
306.663
294.534
282.433
270.779
259.904
250.035
241.347
233.99
228.082
223.698
220.887
219.712
220.273
222.882
227.784
236.596
247.293
235.794
217.746
196.964
174.377
151.417
126.891
101.571
76.0681
50.2604
24.5308
-0.900155
-25.9547
-50.3485
-73.8333
-96.0997
-116.763
-135.378
-151.497
-164.638
-174.41
-180.345
-182.226
-179.996
-173.784
-163.861
-150.536
-134.217
-115.329
-94.1475
-70.9095
-45.8723
-19.2293
8.89323
38.4723
69.4954
102.433
136.942
175.586
210.417
252.372
268.155
284.938
302.059
317.896
332.641
345.684
356.201
364.06
369.509
372.769
374.118
373.831
372.105
369.092
364.868
359.485
352.989
345.422
336.839
327.326
316.993
305.984
294.527
282.992
271.783
261.224
251.557
242.972
235.635
229.679
225.195
222.249
220.915
221.296
223.691
228.317
236.579
246.428
233.374
216.398
196.851
175.637
154.136
131.186
107.531
83.7441
59.692
35.7266
12.0316
-11.3451
-34.1607
-56.214
-77.2455
-96.9163
-114.829
-130.571
-143.688
-153.802
-160.456
-163.379
-162.475
-157.808
-149.564
-137.954
-123.292
-105.95
-86.199
-64.2715
-40.4163
-14.8326
12.3406
41.0626
71.2981
103.445
137.131
174.521
208.199
248.992
263.856
279.702
295.898
310.901
324.92
337.374
347.468
355.08
360.45
363.786
365.349
365.407
364.144
361.704
358.149
353.519
347.838
341.127
333.416
324.763
315.258
305.019
294.254
283.311
272.582
262.379
252.952
244.506
237.22
231.24
226.676
223.608
222.12
222.321
224.495
228.83
236.526
245.548
230.945
214.943
196.522
176.56
156.383
134.87
112.727
90.505
68.0572
45.7076
23.6164
1.80701
-19.518
-40.1945
-60.0077
-78.6627
-95.8066
-111.066
-124.016
-134.291
-141.467
-145.226
-145.438
-142.115
-135.374
-125.346
-112.252
-96.4067
-78.0633
-57.4424
-34.7804
-10.2775
15.9183
43.7491
73.1586
104.472
137.292
173.397
205.911
245.687
259.715
274.704
290.051
304.292
317.637
329.538
339.232
346.595
351.867
355.242
356.967
357.301
356.425
354.471
351.497
347.532
342.588
336.666
329.774
321.95
313.256
303.785
293.721
283.392
273.17
263.36
254.21
245.938
238.734
232.758
228.133
224.956
223.323
223.344
225.289
229.319
236.438
244.657
228.543
213.433
196.046
177.228
158.263
138.059
117.299
96.5057
75.5269
54.6627
34.0532
13.6981
-6.22627
-25.5923
-44.2197
-61.855
-78.1903
-92.8867
-105.557
-115.845
-123.37
-127.779
-128.915
-126.751
-121.344
-112.759
-101.138
-86.7306
-69.7626
-50.437
-28.9737
-5.56888
19.6236
46.5308
75.0763
105.515
137.426
172.222
203.565
242.483
255.745
269.947
284.512
298.05
310.768
322.149
331.459
338.578
343.737
347.121
348.965
349.523
348.967
347.424
344.951
341.571
337.287
332.085
325.958
318.921
311.012
302.3
292.94
283.237
273.547
264.16
255.322
247.258
240.168
234.221
229.557
226.287
224.516
224.359
226.07
229.783
236.32
243.759
226.194
211.906
195.47
177.706
159.849
140.848
121.356
101.874
82.2411
62.743
43.5003
24.4969
5.88227
-12.2404
-29.7257
-46.3551
-61.8618
-75.9424
-88.2448
-98.4289
-106.154
-111.05
-112.937
-111.756
-107.52
-100.241
-89.9907
-76.9544
-61.3215
-43.2722
-23.007
-0.713403
23.453
49.4059
77.0512
106.575
137.536
171.005
201.172
239.395
251.952
265.428
279.27
292.153
304.288
315.177
324.121
330.998
336.035
339.406
341.335
342.07
341.779
340.585
338.544
335.676
331.978
327.43
322.009
315.711
308.553
300.581
291.921
282.853
273.713
264.774
256.28
248.457
241.51
235.621
230.94
227.593
225.695
225.362
226.835
230.221
236.173
242.858
223.918
210.389
194.831
178.041
161.206
143.311
124.987
106.707
88.3135
70.0739
52.095
34.3454
16.9566
0.00645873
-16.3876
-32.0378
-46.7128
-60.1451
-72.0144
-82.0008
-89.7987
-95.0395
-97.5226
-97.164
-93.9464
-87.8388
-78.8526
-67.1126
-52.7665
-35.9677
-16.8938
4.2806
27.4016
52.3724
79.0824
107.653
137.625
169.755
198.747
236.434
248.341
261.143
274.312
286.587
298.173
308.599
317.193
323.833
328.74
332.081
334.068
334.942
334.87
333.971
332.3
329.879
326.701
322.74
317.964
312.356
305.911
298.653
290.681
282.249
273.669
265.202
257.078
249.525
242.751
236.947
232.273
228.865
226.851
226.347
227.578
230.631
236.001
241.96
221.727
208.901
194.16
178.272
162.38
145.507
128.26
111.09
93.8385
76.7601
59.9476
43.3615
27.1139
11.2662
-4.08899
-18.7938
-32.6455
-45.4095
-56.7984
-66.5161
-74.2812
-79.7448
-82.6862
-83.0048
-80.6621
-75.5947
-67.7651
-57.2409
-44.1263
-28.5451
-10.6493
9.40307
31.4634
55.427
81.169
108.75
137.698
168.484
196.301
233.607
244.91
257.085
269.627
281.332
292.403
302.391
310.65
317.058
321.831
325.127
327.15
328.134
328.242
327.591
326.238
324.205
321.486
318.05
313.862
308.889
303.115
296.539
289.238
281.436
273.423
265.441
257.711
250.455
243.883
238.19
233.545
230.096
227.977
227.308
228.297
231.011
235.807
241.069
219.629
207.459
193.476
178.427
163.411
147.485
131.234
115.089
98.896
82.8899
67.157
51.6489
36.4651
21.6504
7.27664
-6.51909
-19.5662
-31.6564
-42.5335
-51.9272
-59.574
-65.156
-68.436
-69.3005
-67.7002
-63.5485
-56.7676
-47.3748
-35.4307
-21.028
-4.29086
14.6423
35.6312
58.5655
83.31
109.869
137.759
167.202
193.85
230.917
241.657
253.246
265.201
276.371
286.957
296.53
304.467
310.65
315.287
318.53
320.57
321.638
321.894
321.452
320.372
318.676
316.359
313.392
309.733
305.344
300.193
294.265
287.611
280.427
272.98
265.494
258.177
251.241
244.897
239.34
234.749
231.277
229.067
228.24
228.988
231.36
235.593
240.19
217.63
206.071
192.798
178.532
164.327
149.283
133.956
118.762
103.547
88.5356
73.8023
59.2959
45.1026
31.2543
17.8067
4.87677
-7.38949
-18.8107
-29.1579
-38.1863
-45.6479
-51.2592
-54.7738
-56.0707
-55.0908
-51.7359
-45.8978
-37.5496
-26.7109
-13.4414
2.16272
19.9846
39.8959
61.7838
85.5039
111.011
137.815
165.92
191.408
228.363
238.578
249.617
261.021
271.69
281.817
290.997
298.626
304.588
309.089
312.269
314.314
315.446
315.824
315.558
314.71
313.306
311.342
308.79
305.606
301.749
297.176
291.856
285.82
279.238
272.352
265.367
258.474
251.879
245.785
240.39
235.874
232.399
230.112
229.135
229.646
231.677
235.363
239.326
215.732
204.745
192.136
178.602
165.156
150.931
136.465
122.154
107.847
93.7563
79.951
66.3745
53.1042
40.1606
27.5851
15.477
3.96157
-6.80125
-16.6101
-25.2437
-32.4694
-38.0373
-41.6972
-43.3249
-42.8562
-40.1887
-35.1918
-27.8007
-17.9988
-5.81183
8.69062
25.416
44.2476
65.0756
87.7494
112.179
137.873
164.651
188.988
225.946
235.668
246.191
257.078
267.273
276.965
285.77
293.104
298.855
303.219
306.332
308.369
309.549
310.025
309.907
309.259
308.108
306.452
304.266
301.508
298.132
294.089
289.337
283.888
277.886
271.549
265.063
258.605
252.365
246.543
241.331
236.913
233.453
231.104
229.988
230.267
231.961
235.119
238.481
213.935
203.486
191.5
178.653
165.915
152.456
138.793
125.303
111.841
98.6061
85.6627
72.9516
60.5399
48.4402
36.6845
25.3546
14.5586
4.43636
-4.83448
-13.0537
-20.0061
-25.471
-29.201
-31.0708
-31.0169
-28.9356
-24.682
-18.1613
-9.32455
1.83329
15.2719
30.9184
48.6754
68.4355
90.0439
113.376
137.94
163.406
186.608
223.661
232.922
242.959
253.357
263.104
272.384
280.834
287.886
293.431
297.659
300.701
302.722
303.937
304.493
304.499
304.021
303.088
301.701
299.838
297.459
294.516
290.957
286.732
281.834
276.387
270.584
264.592
258.572
252.7
247.165
242.157
237.857
234.432
232.036
230.792
230.847
232.21
234.863
237.66
212.24
202.297
190.897
178.694
166.62
153.878
140.965
128.242
115.566
103.128
90.9858
79.0801
67.4694
56.1579
45.1707
34.5765
24.4665
14.9626
6.22391
-1.57143
-8.22282
-13.5382
-17.2758
-19.3133
-19.5883
-18.0006
-14.398
-8.6626
-0.718385
9.46784
21.8818
36.4757
53.1671
71.8548
92.3867
114.605
138.024
162.197
184.281
221.507
230.333
239.911
249.847
259.171
268.06
276.17
282.952
288.299
292.394
295.362
297.361
298.598
299.219
299.33
298.997
298.253
297.1
295.521
293.477
290.923
287.804
284.062
279.68
274.76
269.471
263.964
258.379
252.882
247.649
242.862
238.699
235.327
232.901
231.542
231.382
232.425
234.597
236.865
210.646
201.178
190.331
178.734
167.284
155.214
143.003
130.996
119.054
107.36
95.9639
84.8075
73.9424
63.3684
53.1009
43.1997
33.7419
24.8332
16.6154
9.24672
2.91426
-2.2141
-5.90903
-8.04947
-8.57849
-7.40265
-4.36675
0.664709
7.78935
17.0639
28.4986
42.0681
57.7092
75.3278
94.7731
115.868
138.133
161.035
182.022
219.479
227.894
237.039
246.538
255.46
263.978
271.764
278.288
283.443
287.408
290.3
292.271
293.522
294.195
294.395
294.186
293.604
292.655
291.325
289.578
287.371
284.648
281.349
277.447
273.022
268.226
263.188
258.035
252.915
247.993
243.442
239.433
236.132
233.691
232.23
231.868
232.603
234.322
236.098
209.149
200.131
189.805
178.78
167.916
156.478
144.925
133.588
122.333
111.332
100.632
90.1737
80.0048
70.1184
60.5261
51.2773
42.4371
34.0983
26.3864
19.4428
13.4385
8.5257
4.91308
2.72269
2.00432
2.84188
5.39018
9.79426
16.1703
24.5938
35.0979
47.6779
62.2873
78.8445
97.2021
117.167
138.274
159.931
179.843
217.572
225.6
234.335
243.42
251.96
260.125
267.602
273.878
278.848
282.685
285.502
287.442
288.7
289.414
289.687
289.584
289.142
288.371
287.258
285.774
283.875
281.51
278.614
275.154
271.193
266.863
262.276
257.545
252.801
248.197
243.893
240.054
236.84
234.4
232.852
232.302
232.745
234.04
235.362
207.747
199.154
189.321
178.837
168.524
157.679
146.746
136.037
125.424
115.072
105.022
95.2152
85.6952
76.4522
67.4916
58.8551
50.5988
42.8033
35.5798
29.0555
23.3841
18.7059
15.2085
13.01
12.157
12.7218
14.8524
18.7025
24.3981
32.0317
41.6558
53.2839
66.888
82.3955
99.6694
118.506
138.458
158.896
177.757
215.782
223.444
231.79
240.481
248.659
256.488
263.669
269.707
274.5
278.214
280.954
282.86
284.12
284.867
285.2
285.188
284.867
284.25
283.327
282.073
280.449
278.403
275.872
272.817
269.288
265.397
261.242
256.92
252.547
248.262
244.213
240.556
237.444
235.022
233.402
232.68
232.848
233.752
234.656
206.437
198.247
188.88
178.906
169.113
158.829
148.478
138.359
128.349
118.603
109.16
99.9628
91.0487
82.4065
74.0371
65.976
58.2703
50.9914
44.2366
38.1208
32.7821
28.351
24.9926
22.8229
21.8808
22.2279
24.0051
27.3675
32.449
39.3537
48.1496
58.8673
71.4948
85.9724
102.171
119.887
138.69
157.941
175.776
214.104
221.418
229.395
237.712
245.546
253.055
259.954
265.764
270.386
273.979
276.645
278.515
279.77
280.543
280.928
280.992
280.776
280.292
279.535
278.484
277.102
275.341
273.14
270.455
267.324
263.844
260.098
256.168
252.158
248.191
244.403
240.938
237.941
235.551
233.876
232.999
232.913
233.456
233.982
205.215
197.406
188.481
178.991
169.69
159.934
150.131
140.567
131.122
121.944
113.07
104.442
96.0942
88.0138
80.1979
72.6763
65.4891
58.6994
52.3933
46.6732
41.6638
37.4864
34.2848
32.171
31.1781
31.3562
32.8361
35.7718
40.301
46.5362
54.5569
64.4085
76.093
89.5638
104.704
121.311
138.979
157.074
173.91
212.533
219.518
227.144
235.105
242.611
249.814
256.443
262.036
266.493
269.969
272.561
274.393
275.642
276.433
276.861
276.992
276.865
276.496
275.885
275.011
273.842
272.335
270.43
268.081
265.316
262.218
258.856
255.301
251.643
247.989
244.462
241.197
238.328
235.983
234.268
233.255
232.937
233.153
233.338
204.078
196.631
188.125
179.093
170.256
160.999
151.713
142.671
133.757
125.113
116.771
108.676
100.858
93.3026
86.0045
78.9888
72.2898
65.9624
60.0835
54.7441
50.0577
46.1352
43.1035
41.0675
40.0544
40.104
41.3363
43.9006
47.9358
53.5583
60.8567
69.8878
80.6674
93.1601
107.262
122.779
139.331
156.303
172.169
211.064
217.736
225.029
232.651
239.844
246.755
253.127
258.51
262.809
266.173
268.692
270.486
271.725
272.53
272.992
273.179
273.13
272.862
272.376
271.657
270.677
269.394
267.754
265.709
263.279
260.533
257.531
254.33
251.009
247.66
244.395
241.334
238.6
236.315
234.576
233.446
232.92
232.843
232.724
203.022
195.918
187.81
179.213
170.815
162.03
153.232
144.681
136.267
128.124
120.281
112.684
105.362
98.2977
91.4845
84.943
78.7028
72.8114
67.3378
62.3639
57.991
54.3221
51.4673
49.5248
48.5162
48.4715
49.4993
51.7424
55.3367
60.4011
67.0295
75.2879
85.2025
96.7507
109.841
124.292
139.751
155.635
170.561
209.693
216.067
223.042
230.341
237.236
243.869
249.994
255.177
259.324
262.579
265.027
266.782
268.008
268.823
269.314
269.549
269.566
269.384
269.008
268.425
267.61
266.526
265.122
263.351
261.225
258.802
256.133
253.266
250.265
247.212
244.204
241.349
238.759
236.545
234.796
233.57
232.861
232.523
232.137
202.042
195.265
187.536
179.35
171.369
163.03
154.694
146.606
138.663
130.99
123.615
116.486
109.627
103.023
96.6627
90.5652
84.7554
79.2746
74.1851
69.5594
65.4894
62.0695
59.3954
57.5581
56.573
56.4614
57.3217
59.2875
62.4904
67.048
73.0578
80.5912
89.6844
100.325
112.436
125.849
140.245
155.077
169.092
208.413
214.504
221.177
228.168
234.778
241.145
247.034
252.025
256.026
259.176
261.555
263.271
264.482
265.303
265.818
266.093
266.167
266.06
265.779
265.314
264.644
263.736
262.541
261.015
259.165
257.038
254.677
252.12
249.422
246.652
243.894
241.245
238.804
236.671
234.928
233.626
232.758
232.193
231.574
201.136
194.669
187.3
179.506
171.919
164.003
156.102
148.452
140.951
133.721
126.786
120.095
113.671
107.496
101.561
95.8789
90.4727
85.3783
80.6511
76.3563
72.5769
69.3992
66.9057
65.1807
64.2343
64.0792
64.8026
66.5297
69.386
73.4855
78.9257
85.7824
94.0988
103.872
115.04
127.45
140.814
154.632
167.768
207.221
213.042
219.428
226.124
232.462
238.575
244.237
249.045
252.906
255.954
258.265
259.942
261.138
261.962
262.497
262.805
262.928
262.886
262.687
262.325
261.781
261.027
260.018
258.712
257.109
255.252
253.172
250.903
248.488
245.987
243.472
241.025
238.736
236.693
234.97
233.611
232.61
231.851
231.032
200.298
194.127
187.1
179.679
172.467
164.951
157.462
150.225
143.142
136.328
129.806
123.526
117.508
111.736
106.197
100.905
95.8772
91.1456
86.7596
82.7784
79.276
76.332
74.0169
72.4085
71.5112
71.3305
71.9435
73.4659
76.0155
79.7017
84.6196
90.8472
98.4329
107.383
117.646
129.091
141.461
154.304
166.591
206.112
211.676
217.787
224.203
230.281
236.151
241.596
246.227
249.954
252.903
255.15
256.788
257.966
258.791
259.341
259.678
259.842
259.856
259.728
259.455
259.022
258.403
257.558
256.447
255.067
253.453
251.63
249.626
247.475
245.227
242.944
240.695
238.559
236.613
234.923
233.525
232.416
231.494
230.509
199.526
193.637
186.936
179.868
173.011
165.874
158.776
151.929
145.24
138.818
132.684
126.789
121.153
115.758
110.591
105.662
100.989
96.5974
92.5324
88.8466
85.6076
82.8878
80.7471
79.2561
78.415
78.2232
78.7479
80.0949
82.3737
85.6874
90.1281
95.7734
102.675
110.847
120.25
130.772
142.187
154.095
165.564
205.081
210.4
216.249
222.397
228.226
233.864
239.102
243.563
247.16
250.016
252.198
253.799
254.959
255.782
256.343
256.704
256.904
256.965
256.899
256.703
256.366
255.864
255.164
254.226
253.046
251.65
250.061
248.299
246.392
244.381
242.317
240.26
238.276
236.433
234.786
233.369
232.176
231.12
229.999
198.816
193.194
186.803
180.072
173.552
166.776
160.047
153.569
147.252
141.199
135.43
129.897
124.618
119.575
114.756
110.168
105.826
101.753
97.9892
94.582
91.5917
89.085
87.1129
85.7387
84.9589
84.7664
85.2207
86.4173
88.4573
91.4362
95.442
100.55
106.815
114.255
122.844
132.487
142.991
154.005
164.687
204.123
209.21
214.808
220.699
226.292
231.707
236.746
241.045
244.518
247.282
249.402
250.965
252.106
252.926
253.496
253.876
254.106
254.208
254.194
254.065
253.811
253.413
252.839
252.055
251.052
249.852
248.473
246.931
245.249
243.458
241.6
239.727
237.893
236.156
234.564
233.143
231.89
230.728
229.498
198.164
192.797
186.702
180.29
174.091
167.656
161.277
155.148
149.181
143.477
138.05
132.857
127.914
123.201
118.707
114.437
110.404
106.63
103.148
100.002
97.2468
94.9418
93.1315
91.8714
91.1546
90.9699
91.3684
92.436
94.2652
96.9437
100.554
105.169
110.842
117.598
125.42
134.232
143.87
154.032
163.959
203.235
208.099
213.458
219.105
224.47
229.672
234.521
238.664
242.017
244.694
246.754
248.279
249.402
250.216
250.792
251.188
251.443
251.58
251.611
251.539
251.357
251.049
250.585
249.936
249.09
248.065
246.876
245.533
244.055
242.467
240.802
239.104
237.416
235.787
234.257
232.848
231.556
230.316
229.004
197.565
192.443
186.628
180.522
174.626
168.515
162.468
156.669
151.033
145.657
140.553
135.679
131.05
126.646
122.456
118.484
114.74
111.244
108.026
105.125
102.59
100.475
98.8186
97.6686
97.0154
96.8444
97.1987
98.1557
99.7985
102.208
105.46
109.623
114.75
120.869
127.973
136.002
144.821
154.174
163.379
202.412
207.064
212.195
217.608
222.756
227.754
232.42
236.413
239.652
242.243
244.245
245.734
246.836
247.644
248.224
248.633
248.909
249.074
249.144
249.122
249.002
248.77
248.404
247.872
247.166
246.296
245.276
244.112
242.819
241.417
239.932
238.398
236.851
235.331
233.871
232.487
231.175
229.881
228.511
197.018
192.127
186.581
180.765
175.158
169.355
163.622
158.134
152.812
147.744
142.944
138.37
134.035
129.92
126.014
122.32
118.846
115.61
112.638
109.966
107.638
105.701
104.19
103.145
102.555
102.401
102.72
103.582
105.06
107.228
110.156
113.906
118.531
124.061
130.496
137.791
145.839
154.426
162.941
201.651
206.1
211.013
216.202
221.142
225.946
230.436
234.286
237.414
239.923
241.868
243.321
244.403
245.203
245.784
246.203
246.496
246.687
246.789
246.808
246.741
246.577
246.294
245.866
245.282
244.55
243.68
242.677
241.551
240.318
238.998
237.617
236.206
234.794
233.409
232.062
230.748
229.422
228.016
196.519
191.849
186.558
181.018
175.685
170.174
164.739
159.546
154.519
149.742
145.228
140.935
136.876
133.033
129.392
125.958
122.736
119.741
116.999
114.541
112.405
110.635
109.26
108.315
107.785
107.651
107.943
108.722
110.055
112.007
114.641
118.016
122.181
127.167
132.982
139.594
146.919
154.784
162.642
200.947
205.203
209.907
214.882
219.624
224.241
228.563
232.275
235.297
237.727
239.617
241.034
242.095
242.886
243.467
243.893
244.2
244.411
244.541
244.596
244.574
244.467
244.257
243.919
243.442
242.831
242.094
241.234
240.258
239.178
238.009
236.772
235.489
234.184
232.876
231.577
230.277
228.938
227.515
196.064
191.605
186.558
181.279
176.208
170.973
165.82
160.906
156.158
151.656
147.41
143.382
139.582
135.992
132.599
129.407
126.42
123.651
121.122
118.862
116.905
115.29
114.044
113.192
112.72
112.606
112.876
113.584
114.788
116.546
118.916
121.95
125.695
130.183
135.425
141.403
148.055
155.24
162.474
200.296
204.368
208.874
213.644
218.196
222.634
226.794
230.374
233.294
235.647
237.483
238.866
239.906
240.687
241.266
241.697
242.015
242.243
242.395
242.48
242.496
242.438
242.291
242.031
241.647
241.143
240.523
239.79
238.948
238.006
236.974
235.869
234.707
233.506
232.279
231.035
229.762
228.428
227.007
195.65
191.392
186.577
181.548
176.724
171.752
166.867
162.217
157.732
153.489
149.496
145.716
142.158
138.805
135.644
132.677
129.909
127.349
125.019
122.943
121.153
119.683
118.554
117.789
117.372
117.279
117.532
118.177
119.266
120.851
122.982
125.708
129.071
133.103
137.82
143.212
149.238
155.788
162.432
199.697
203.592
207.908
212.483
216.853
221.119
225.125
228.577
231.399
233.678
235.462
236.81
237.829
238.598
239.175
239.609
239.935
240.176
240.347
240.457
240.506
240.489
240.395
240.203
239.901
239.489
238.972
238.351
237.628
236.809
235.902
234.918
233.869
232.768
231.624
230.44
229.205
227.891
226.487
195.275
191.208
186.613
181.823
177.234
172.511
167.879
163.479
159.243
155.243
151.488
147.941
144.61
141.479
138.534
135.778
133.212
130.848
128.702
126.797
125.161
123.824
122.805
122.12
121.754
121.682
121.92
122.51
123.497
124.927
126.843
129.29
132.307
135.924
140.16
145.015
150.461
156.419
162.506
199.144
202.872
207.007
211.394
215.59
219.692
223.549
226.879
229.606
231.814
233.546
234.86
235.858
236.616
237.188
237.623
237.955
238.206
238.393
238.523
238.599
238.618
238.569
238.435
238.203
237.872
237.445
236.922
236.304
235.596
234.801
233.928
232.984
231.979
230.916
229.797
228.611
227.329
225.954
194.936
191.051
186.666
182.101
177.736
173.25
168.858
164.693
160.692
156.922
153.39
150.062
146.944
144.02
141.277
138.716
136.34
134.156
132.181
130.434
128.94
127.726
126.808
126.198
125.879
125.826
126.052
126.593
127.489
128.78
130.504
132.7
135.403
138.643
142.442
146.804
151.718
157.125
162.688
198.635
202.203
206.164
210.373
214.403
218.347
222.062
225.275
227.91
230.048
231.731
233.012
233.988
234.733
235.299
235.734
236.07
236.329
236.528
236.675
236.773
236.822
236.811
236.727
236.555
236.295
235.946
235.508
234.984
234.373
233.679
232.906
232.06
231.145
230.163
229.112
227.98
226.742
225.407
194.629
190.918
186.733
182.383
178.23
173.969
169.804
165.862
162.082
158.528
155.206
152.083
149.164
146.433
143.879
141.501
139.3
137.284
135.466
133.866
132.503
131.402
130.577
130.035
129.759
129.723
129.939
130.437
131.252
132.418
133.969
135.939
138.359
141.259
144.66
148.574
152.998
157.895
162.969
198.167
201.582
205.378
209.416
213.287
217.08
220.659
223.758
226.305
228.377
230.011
231.259
232.214
232.945
233.505
233.937
234.276
234.54
234.748
234.908
235.025
235.098
235.12
235.078
234.958
234.758
234.477
234.114
233.671
233.146
232.542
231.86
231.104
230.274
229.371
228.389
227.317
226.13
224.845
194.353
190.807
186.813
182.667
178.715
174.666
170.716
166.985
163.414
160.064
156.939
154.008
151.276
148.726
146.347
144.138
142.1
140.239
138.568
137.102
135.86
134.863
134.122
133.643
133.405
133.386
133.593
134.052
134.794
135.849
137.244
139.011
141.178
143.77
146.812
150.318
154.295
158.723
163.339
197.737
201.007
204.645
208.52
212.238
215.887
219.335
222.326
224.787
226.794
228.382
229.597
230.529
231.247
231.799
232.228
232.567
232.836
233.05
233.221
233.353
233.445
233.495
233.488
233.413
233.264
233.041
232.744
232.371
231.922
231.398
230.798
230.123
229.374
228.546
227.635
226.626
225.496
224.267
194.105
190.716
186.903
182.951
179.19
175.343
171.596
168.063
164.69
161.531
158.592
155.841
153.283
150.902
148.686
146.635
144.748
143.03
141.494
140.152
139.021
138.12
137.456
137.033
136.831
136.826
137.024
137.449
138.126
139.08
140.336
141.921
143.859
146.176
148.894
152.03
155.6
159.597
163.788
197.342
200.474
203.961
207.68
211.253
214.764
218.086
220.972
223.352
225.296
226.837
228.02
228.931
229.635
230.178
230.603
230.94
231.211
231.43
231.609
231.752
231.861
231.933
231.956
231.918
231.813
231.641
231.4
231.089
230.707
230.253
229.727
229.127
228.451
227.696
226.853
225.91
224.842
223.675
193.883
190.643
187.002
183.235
179.655
175.998
172.443
169.099
165.911
162.933
160.167
157.585
155.19
152.966
150.902
148.997
147.25
145.666
144.254
143.026
141.997
141.182
140.588
140.216
140.045
140.054
140.244
140.638
141.256
142.12
143.252
144.673
146.407
148.477
150.903
153.707
156.907
160.508
164.307
196.981
199.98
203.324
206.894
210.328
213.706
216.908
219.694
221.995
223.878
225.374
226.525
227.414
228.103
228.637
229.056
229.392
229.663
229.885
230.07
230.222
230.344
230.433
230.482
230.475
230.408
230.278
230.085
229.828
229.504
229.113
228.652
228.12
227.513
226.826
226.051
225.173
224.17
223.068
193.684
190.587
187.109
183.516
180.108
176.631
173.258
170.091
167.078
164.269
161.667
159.243
157
154.923
153.001
151.232
149.614
148.152
146.854
145.731
144.795
144.06
143.529
143.203
143.061
143.081
143.264
143.629
144.195
144.978
145.998
147.273
148.825
150.673
152.838
155.342
158.208
161.449
164.885
196.649
199.523
202.729
206.158
209.459
212.711
215.797
218.486
220.711
222.535
223.988
225.108
225.975
226.649
227.172
227.586
227.918
228.188
228.412
228.6
228.759
228.891
228.995
229.064
229.083
229.048
228.955
228.803
228.592
228.319
227.983
227.58
227.109
226.566
225.943
225.233
224.421
223.484
222.449
193.506
190.544
187.222
183.795
180.548
177.243
174.042
171.041
168.193
165.544
163.095
160.819
158.718
156.777
154.987
153.343
151.845
150.497
149.304
148.277
147.426
146.763
146.29
146.005
145.888
145.917
146.094
146.433
146.951
147.662
148.582
149.727
151.116
152.766
154.697
156.933
159.497
162.41
165.514
196.346
199.099
202.176
205.469
208.643
211.774
214.75
217.347
219.498
221.265
222.675
223.764
224.609
225.267
225.78
226.187
226.515
226.783
227.007
227.197
227.361
227.5
227.616
227.701
227.743
227.734
227.671
227.556
227.384
227.155
226.867
226.516
226.101
225.615
225.053
224.405
223.656
222.785
221.819
193.349
190.515
187.34
184.069
180.977
177.832
174.793
171.95
169.257
166.757
164.451
162.314
160.346
158.533
156.864
155.337
153.95
152.706
151.61
150.671
149.898
149.3
148.879
148.631
148.537
148.574
148.744
149.06
149.534
150.18
151.011
152.04
153.283
154.757
156.48
158.475
160.768
163.383
166.183
196.068
198.708
201.661
204.825
207.878
210.894
213.763
216.271
218.352
220.063
221.431
222.49
223.313
223.956
224.458
224.857
225.18
225.445
225.668
225.859
226.026
226.171
226.296
226.394
226.453
226.466
226.43
226.344
226.207
226.016
225.77
225.466
225.099
224.666
224.16
223.571
222.884
222.078
221.18
193.209
190.496
187.461
184.339
181.391
178.4
175.513
172.818
170.27
167.911
165.74
163.732
161.887
160.193
158.638
157.219
155.935
154.786
153.78
152.921
152.218
151.68
151.306
151.091
151.016
151.06
151.224
151.518
151.954
152.542
153.292
154.218
155.332
156.648
158.186
159.965
162.016
164.362
166.883
195.815
198.347
201.181
204.223
207.161
210.066
212.834
215.256
217.269
218.927
220.254
221.283
222.085
222.712
223.203
223.594
223.911
224.172
224.393
224.584
224.752
224.9
225.032
225.141
225.215
225.246
225.231
225.171
225.063
224.905
224.696
224.432
224.11
223.725
223.27
222.736
222.108
221.366
220.535
193.085
190.488
187.584
184.603
181.792
178.944
176.202
173.647
171.235
169.008
166.962
165.075
163.346
161.762
160.312
158.993
157.803
156.743
155.818
155.033
154.395
153.911
153.579
153.394
153.335
153.385
153.543
153.818
154.218
154.754
155.433
156.266
157.265
158.442
159.815
161.403
163.235
165.339
167.608
195.583
198.013
200.736
203.661
206.489
209.288
211.959
214.299
216.246
217.852
219.141
220.141
220.921
221.532
222.011
222.393
222.704
222.961
223.179
223.369
223.537
223.687
223.824
223.94
224.026
224.072
224.076
224.037
223.954
223.824
223.647
223.419
223.136
222.794
222.387
221.905
221.333
220.652
219.886
192.976
190.487
187.709
184.86
182.179
179.466
176.859
174.435
172.152
170.048
168.12
166.346
164.724
163.242
161.89
160.664
159.561
158.583
157.733
157.015
156.436
156
155.706
155.547
155.504
155.559
155.711
155.967
156.336
156.825
157.44
158.192
159.088
160.142
161.367
162.785
164.422
166.308
168.348
195.372
197.705
200.321
203.135
205.859
208.558
211.135
213.398
215.281
216.838
218.087
219.059
219.818
220.413
220.88
221.254
221.558
221.81
222.024
222.212
222.379
222.531
222.67
222.793
222.887
222.945
222.964
222.943
222.881
222.776
222.627
222.43
222.182
221.88
221.516
221.081
220.562
219.939
219.236
192.88
190.494
187.833
185.11
182.55
179.965
177.486
175.185
173.022
171.033
169.216
167.546
166.025
164.638
163.377
162.236
161.214
160.311
159.529
158.873
158.347
157.956
157.696
157.56
157.53
157.589
157.735
157.975
158.316
158.762
159.321
159.999
160.805
161.748
162.844
164.11
165.574
167.264
169.097
195.179
197.42
199.936
202.645
205.27
207.873
210.362
212.549
214.372
215.879
217.092
218.036
218.773
219.353
219.808
220.173
220.47
220.716
220.927
221.111
221.277
221.428
221.569
221.696
221.798
221.866
221.896
221.89
221.846
221.763
221.637
221.468
221.252
220.984
220.66
220.269
219.799
219.232
218.588
192.796
190.507
187.957
185.351
182.906
180.441
178.082
175.896
173.846
171.965
170.251
168.68
167.251
165.953
164.775
163.714
162.766
161.932
161.213
160.613
160.136
159.784
159.555
159.44
159.422
159.484
159.624
159.849
160.164
160.573
161.081
161.694
162.419
163.266
164.246
165.378
166.687
168.202
169.848
195.004
197.158
199.579
202.188
204.719
207.231
209.635
211.75
213.514
214.976
216.152
217.069
217.786
218.35
218.793
219.148
219.438
219.679
219.884
220.065
220.229
220.379
220.521
220.651
220.758
220.833
220.874
220.88
220.851
220.785
220.681
220.536
220.347
220.111
219.822
219.472
219.047
218.532
217.945
192.722
190.524
188.079
185.584
183.247
180.894
178.647
176.569
174.625
172.845
171.227
169.747
168.405
167.189
166.089
165.101
164.221
163.45
162.789
162.241
161.808
161.492
161.291
161.194
161.186
161.25
161.386
161.597
161.889
162.264
162.727
163.282
163.936
164.696
165.575
166.587
167.759
169.118
170.597
194.844
196.917
199.248
201.763
204.204
206.63
208.952
210.999
212.707
214.123
215.265
216.155
216.852
217.401
217.832
218.177
218.46
218.695
218.896
219.073
219.233
219.382
219.524
219.655
219.766
219.846
219.895
219.912
219.896
219.845
219.759
219.635
219.471
219.263
219.006
218.692
218.31
217.843
217.308
192.657
190.545
188.198
185.806
183.57
181.324
179.181
177.205
175.36
173.675
172.145
170.751
169.489
168.349
167.321
166.4
165.584
164.871
164.263
163.762
163.369
163.086
162.909
162.83
162.83
162.897
163.027
163.226
163.497
163.842
164.264
164.768
165.359
166.043
166.832
167.739
168.788
170.008
171.336
194.699
196.695
198.941
201.368
203.724
206.068
208.313
210.295
211.948
213.321
214.43
215.294
215.971
216.504
216.923
217.26
217.534
217.763
217.959
218.132
218.29
218.436
218.577
218.709
218.821
218.907
218.962
218.987
218.981
218.944
218.873
218.768
218.625
218.442
218.214
217.934
217.59
217.167
216.682
192.601
190.569
188.313
186.019
183.878
181.73
179.686
177.804
176.052
174.454
173.008
171.693
170.506
169.437
168.475
167.617
166.859
166.199
165.64
165.181
164.825
164.572
164.418
164.353
164.361
164.429
164.555
164.743
164.995
165.313
165.7
166.158
166.693
167.31
168.018
168.832
169.774
170.869
172.063
194.567
196.491
198.657
201.001
203.277
205.543
207.715
209.634
211.235
212.567
213.643
214.483
215.14
215.658
216.066
216.393
216.66
216.883
217.073
217.242
217.396
217.54
217.679
217.81
217.925
218.013
218.073
218.105
218.108
218.081
218.024
217.935
217.811
217.65
217.448
217.198
216.89
216.508
216.069
192.552
190.595
188.425
186.221
184.168
182.112
180.16
178.367
176.7
175.185
173.816
172.575
171.458
170.453
169.553
168.753
168.048
167.438
166.923
166.504
166.181
165.955
165.821
165.769
165.785
165.854
165.976
166.154
166.389
166.683
167.038
167.456
167.941
168.499
169.137
169.868
170.714
171.699
172.772
194.447
196.304
198.396
200.661
202.862
205.054
207.156
209.016
210.566
211.858
212.905
213.72
214.358
214.861
215.257
215.575
215.835
216.051
216.237
216.401
216.551
216.692
216.829
216.959
217.074
217.165
217.228
217.266
217.276
217.259
217.213
217.138
217.031
216.89
216.711
216.488
216.212
215.868
215.471
192.509
190.621
188.531
186.412
184.441
182.471
180.605
178.893
177.308
175.868
174.572
173.399
172.346
171.402
170.559
169.812
169.157
168.592
168.118
167.735
167.443
167.241
167.125
167.086
167.107
167.177
167.296
167.464
167.684
167.957
168.283
168.666
169.108
169.613
170.189
170.847
171.608
172.495
173.461
194.339
196.133
198.155
200.347
202.477
204.6
206.635
208.438
209.938
211.195
212.212
213.004
213.623
214.112
214.497
214.805
215.058
215.268
215.448
215.608
215.754
215.892
216.026
216.155
216.27
216.361
216.428
216.469
216.486
216.477
216.441
216.378
216.285
216.162
216.004
215.805
215.558
215.248
214.89
192.471
190.648
188.631
186.59
184.695
182.805
181.019
179.384
177.874
176.505
175.277
174.168
173.173
172.284
171.494
170.797
170.187
169.664
169.228
168.877
168.613
168.435
168.336
168.307
168.334
168.405
168.52
168.68
168.887
169.141
169.442
169.793
170.196
170.655
171.176
171.771
172.457
173.257
174.128
194.24
195.977
197.934
200.059
202.122
204.18
206.152
207.9
209.348
210.572
211.564
212.332
212.933
213.408
213.782
214.082
214.327
214.531
214.706
214.861
215.004
215.138
215.269
215.397
215.511
215.603
215.671
215.716
215.738
215.735
215.708
215.655
215.576
215.467
215.328
215.151
214.93
214.651
214.328
192.438
190.674
188.724
186.755
184.931
183.113
181.402
179.837
178.398
177.093
175.931
174.883
173.942
173.104
172.363
171.712
171.144
170.659
170.257
169.937
169.698
169.54
169.456
169.437
169.469
169.542
169.654
169.807
170.002
170.238
170.518
170.841
171.21
171.628
172.101
172.639
173.26
173.982
174.768
194.151
195.835
197.733
199.796
201.797
203.795
205.708
207.404
208.796
209.989
210.958
211.704
212.287
212.749
213.113
213.404
213.642
213.84
214.01
214.161
214.299
214.43
214.558
214.683
214.796
214.889
214.958
215.006
215.031
215.034
215.014
214.97
214.902
214.808
214.684
214.527
214.329
214.079
213.789
192.41
190.7
188.813
186.91
185.15
183.4
181.756
180.256
178.882
177.636
176.535
175.542
174.649
173.859
173.165
172.557
172.028
171.579
171.209
170.916
170.702
170.562
170.492
170.483
170.519
170.593
170.703
170.849
171.034
171.256
171.516
171.814
172.153
172.536
172.966
173.455
174.017
174.671
175.382
194.072
195.706
197.548
199.552
201.494
203.436
205.293
206.94
208.288
209.455
210.398
211.12
211.685
212.134
212.488
212.77
213.001
213.193
213.358
213.504
213.639
213.766
213.892
214.014
214.126
214.218
214.288
214.338
214.366
214.374
214.36
214.324
214.266
214.183
214.074
213.935
213.758
213.533
213.271
192.386
190.727
188.898
187.056
185.356
183.669
182.089
180.646
179.332
178.142
177.097
176.144
175.29
174.548
173.9
173.332
172.839
172.423
172.084
171.818
171.626
171.504
171.447
171.446
171.487
171.562
171.669
171.811
171.986
172.195
172.438
172.715
173.028
173.379
173.772
174.217
174.728
175.322
175.966
194.001
195.589
197.378
199.326
201.209
203.097
204.897
206.495
207.816
208.973
209.889
210.581
211.128
211.565
211.908
212.182
212.406
212.592
212.752
212.894
213.024
213.148
213.27
213.39
213.5
213.591
213.662
213.713
213.744
213.756
213.747
213.718
213.668
213.596
213.499
213.375
213.217
213.015
212.78
192.368
190.744
188.956
187.163
185.514
183.883
182.371
180.995
179.766
178.634
177.705
176.763
175.902
175.181
174.556
174.003
173.522
173.118
172.791
172.536
172.352
172.238
172.188
172.191
172.235
172.31
172.416
172.554
172.723
172.922
173.156
173.419
173.714
174.043
174.412
174.827
175.302
175.854
176.451
193.948
195.503
197.254
199.157
200.986
202.818
204.537
206.045
207.266
208.497
209.423
210.101
210.645
211.083
211.426
211.699
211.921
212.106
212.265
212.406
212.535
212.658
212.78
212.9
213.009
213.101
213.172
213.224
213.257
213.271
213.266
213.241
213.196
213.131
213.043
212.929
212.783
212.597
212.379
192.352
190.757
189.003
187.25
185.647
184.069
182.625
181.318
180.184
179.105
178.328
177.371
176.476
175.762
175.148
174.596
174.113
173.71
173.384
173.131
172.949
172.837
172.787
172.792
172.836
172.91
173.014
173.15
173.315
173.507
173.735
173.989
174.272
174.587
174.938
175.331
175.781
176.303
176.865
193.906
195.433
197.152
199.013
200.788
202.562
204.188
205.607
206.704
208.038
208.997
209.671
210.219
210.665
211.014
211.289
211.513
211.7
211.86
212.002
212.132
212.256
212.379
212.5
212.611
212.703
212.776
212.829
212.863
212.879
212.875
212.853
212.812
212.751
212.668
212.561
212.424
212.248
212.043
192.337
190.769
189.047
187.333
185.772
184.245
182.86
181.615
180.564
179.525
178.884
177.93
177.013
176.309
175.711
175.165
174.686
174.286
173.964
173.715
173.536
173.427
173.38
173.386
173.431
173.505
173.608
173.741
173.902
174.087
174.31
174.556
174.827
175.127
175.461
175.834
176.259
176.752
177.28
193.866
195.367
197.055
198.877
200.603
202.323
203.864
205.215
206.187
207.596
208.587
209.257
209.803
210.255
210.607
210.884
211.11
211.298
211.459
211.601
211.732
211.856
211.979
212.101
212.213
212.306
212.38
212.434
212.469
212.487
212.485
212.466
212.428
212.371
212.294
212.193
212.064
211.899
211.707
192.323
190.78
189.087
187.408
185.886
184.404
183.074
181.883
180.901
179.894
179.366
178.432
177.509
176.818
176.239
175.706
175.234
174.841
174.526
174.282
174.109
174.004
173.961
173.969
174.016
174.091
174.192
174.324
174.481
174.659
174.878
175.116
175.375
175.661
175.979
176.332
176.734
177.198
177.694
193.828
195.305
196.965
198.751
200.433
202.104
203.571
204.869
205.726
207.175
208.192
208.86
209.402
209.855
210.21
210.489
210.715
210.903
211.064
211.207
211.337
211.462
211.585
211.707
211.82
211.914
211.988
212.043
212.08
212.098
212.099
212.082
212.047
211.994
211.922
211.828
211.707
211.551
211.371
192.309
190.788
189.122
187.475
185.986
184.545
183.26
182.115
181.19
180.207
179.766
178.869
177.96
177.287
176.727
176.211
175.752
175.369
175.063
174.828
174.662
174.562
174.524
174.536
174.585
174.661
174.762
174.892
175.047
175.219
175.433
175.663
175.911
176.185
176.487
176.822
177.202
177.64
178.105
193.793
195.248
196.883
198.637
200.281
201.91
203.313
204.569
205.326
206.779
207.814
208.482
209.018
209.47
209.826
210.105
210.331
210.519
210.68
210.822
210.952
211.077
211.2
211.323
211.436
211.53
211.605
211.66
211.698
211.718
211.72
211.705
211.673
211.624
211.557
211.469
211.356
211.21
211.041
192.295
190.793
189.15
187.529
186.069
184.662
183.414
182.307
181.424
180.459
180.08
179.236
178.359
177.709
177.171
176.675
176.233
175.864
175.57
175.346
175.189
175.097
175.065
175.082
175.133
175.211
175.313
175.442
175.594
175.761
175.971
176.193
176.432
176.694
176.981
177.299
177.658
178.071
178.508
193.761
195.198
196.814
198.539
200.153
201.745
203.096
204.318
204.989
206.414
207.454
208.124
208.654
209.102
209.458
209.737
209.962
210.15
210.31
210.452
210.582
210.706
210.829
210.951
211.064
211.159
211.234
211.29
211.328
211.349
211.353
211.34
211.311
211.266
211.203
211.121
211.015
210.878
210.721
192.281
190.793
189.166
187.565
186.127
184.747
183.528
182.452
181.597
180.643
180.306
179.529
178.702
178.079
177.565
177.094
176.673
176.321
176.041
175.83
175.684
175.601
175.577
175.599
175.655
175.735
175.838
175.967
176.118
176.281
176.487
176.704
176.934
177.185
177.46
177.762
178.102
178.493
178.904
193.736
195.161
196.762
198.465
200.057
201.616
202.926
204.119
204.714
206.082
207.116
207.789
208.314
208.756
209.109
209.387
209.612
209.799
209.958
210.1
210.229
210.353
210.475
210.598
210.71
210.805
210.88
210.937
210.976
210.998
211.003
210.992
210.966
210.924
210.865
210.788
210.69
210.561
210.415
192.268
190.785
189.165
187.576
186.151
184.79
183.59
182.536
181.701
180.756
180.443
179.745
178.983
178.394
177.905
177.461
177.065
176.733
176.471
176.274
176.142
176.072
176.057
176.086
176.146
176.23
176.334
176.464
176.614
176.773
176.975
177.186
177.408
177.649
177.912
178.2
178.523
178.893
179.277
193.718
195.137
196.732
198.422
200.001
201.532
202.81
203.972
204.498
205.785
206.798
207.477
208
208.436
208.786
209.062
209.285
209.47
209.629
209.769
209.898
210.021
210.144
210.266
210.379
210.474
210.549
210.607
210.646
210.669
210.676
210.667
210.643
210.604
210.549
210.477
210.384
210.264
210.127
192.255
190.771
189.151
187.565
186.144
184.792
183.6
182.561
181.735
180.798
180.494
179.885
179.198
178.649
178.187
177.771
177.402
177.093
176.85
176.67
176.552
176.495
176.491
176.529
176.596
176.686
176.794
176.927
177.079
177.237
177.439
177.647
177.863
178.097
178.351
178.628
178.936
179.29
179.658
193.704
195.123
196.717
198.403
199.978
201.488
202.75
203.878
204.336
205.519
206.499
207.18
207.703
208.137
208.487
208.765
208.989
209.173
209.331
209.47
209.598
209.721
209.843
209.965
210.078
210.173
210.248
210.306
210.346
210.37
210.377
210.37
210.348
210.311
210.26
210.192
210.105
209.991
209.862
192.242
190.756
189.134
187.545
186.123
184.771
183.577
182.543
181.71
180.772
180.471
179.954
179.348
178.84
178.407
178.021
177.683
177.4
177.179
177.019
176.92
176.877
176.885
176.932
177.005
177.098
177.209
177.343
177.494
177.651
177.849
178.053
178.263
178.49
178.735
179.001
179.295
179.63
179.971
193.693
195.114
196.711
198.398
199.976
201.475
202.742
203.832
204.219
205.286
206.226
206.905
207.424
207.851
208.199
208.48
208.708
208.897
209.058
209.2
209.33
209.454
209.577
209.701
209.815
209.911
209.988
210.046
210.087
210.111
210.119
210.113
210.091
210.056
210.007
209.942
209.858
209.748
209.622
192.229
190.724
189.082
187.479
186.045
184.685
183.484
182.452
181.602
180.67
180.387
179.966
179.435
178.964
178.557
178.2
177.888
177.629
177.429
177.291
177.212
177.189
177.215
177.279
177.366
177.472
177.594
177.737
177.897
178.061
178.263
178.468
178.68
178.905
179.146
179.406
179.694
180.025
180.367
193.7
195.141
196.758
198.461
200.05
201.543
202.816
203.831
204.129
205.077
205.989
206.685
207.211
207.63
207.967
208.239
208.462
208.647
208.807
208.95
209.082
209.21
209.337
209.464
209.582
209.681
209.761
209.822
209.866
209.892
209.903
209.899
209.879
209.846
209.799
209.736
209.654
209.547
209.424
192.213
190.632
188.914
187.247
185.765
184.376
183.163
182.146
181.311
180.474
180.267
179.944
179.471
179.03
178.657
178.335
178.053
177.818
177.639
177.518
177.455
177.445
177.48
177.548
177.638
177.746
177.869
178.013
178.171
178.332
178.532
178.736
178.943
179.164
179.4
179.653
179.931
180.244
180.551
193.758
195.27
196.958
198.719
200.339
201.821
203.043
203.871
204.041
204.833
205.702
206.434
207.007
207.463
207.823
208.11
208.341
208.53
208.689
208.829
208.957
209.08
209.202
209.325
209.44
209.536
209.612
209.669
209.708
209.731
209.739
209.731
209.71
209.675
209.627
209.563
209.482
209.378
209.258
192.196
190.502
188.666
186.891
185.329
183.886
182.655
181.66
180.88
180.244
180.154
179.908
179.451
179.002
178.635
178.336
178.082
177.874
177.725
177.637
177.61
177.638
177.713
177.819
177.94
178.072
178.218
178.383
178.564
178.75
178.961
179.176
179.395
179.625
179.868
180.126
180.409
180.734
181.065
193.85
195.463
197.255
199.105
200.775
202.245
203.368
203.926
203.951
204.522
205.255
205.945
206.529
207.012
207.406
207.729
207.994
208.215
208.405
208.572
208.726
208.873
209.02
209.166
209.301
209.416
209.507
209.576
209.625
209.654
209.666
209.66
209.639
209.602
209.551
209.483
209.396
209.283
209.158
311.08
309.268
307.009
304.35
301.089
297.177
292.612
287.436
281.755
275.751
269.622
263.534
257.592
251.843
246.303
240.977
235.865
230.966
226.281
221.809
217.546
213.488
209.631
205.97
202.497
199.205
196.088
193.14
190.357
187.737
185.276
182.976
180.834
178.85
177.026
175.361
173.856
172.508
171.318
170.283
169.4
168.665
168.074
167.621
167.299
167.102
167.02
167.046
167.171
167.384
167.677
168.04
168.463
168.938
169.455
170.005
170.582
171.177
171.784
172.397
173.01
173.617
174.216
174.801
175.37
175.921
176.448
176.891
177.276
177.662
178.048
178.434
178.812
179.189
179.539
179.908
180.198
180.595
180.752
181.279
310.75
307.257
303.48
299.579
295.607
291.636
287.716
283.876
280.129
276.49
272.968
269.575
266.32
263.211
260.255
257.456
254.818
252.343
250.028
247.873
245.872
244.021
242.312
240.739
239.293
237.965
236.746
235.628
234.601
233.658
232.789
231.988
231.247
230.558
229.915
229.312
228.741
228.197
227.674
227.167
226.67
226.18
225.691
225.201
224.706
224.204
223.692
223.169
222.635
222.089
221.532
220.964
220.387
219.802
219.212
218.619
218.025
217.433
216.845
216.264
215.692
215.132
214.586
214.056
213.545
213.053
212.585
212.201
211.876
211.55
211.225
210.906
210.595
210.297
210.018
209.761
209.528
209.334
209.172
209.067
242.146
241.687
241.338
241.028
240.695
240.34
239.933
239.425
238.763
237.904
236.823
235.514
233.984
232.245
230.312
228.205
225.944
223.553
221.054
218.469
215.822
213.135
210.428
207.719
205.028
202.374
199.773
197.24
194.787
192.423
190.156
187.994
185.941
184.004
182.186
180.491
178.922
177.482
176.173
174.994
173.948
173.033
172.247
171.588
171.053
170.637
170.335
170.141
170.047
170.048
170.134
170.298
170.532
170.827
171.175
171.567
171.997
172.456
172.938
173.436
173.944
174.456
174.968
175.476
175.975
176.463
176.933
177.332
177.68
178.031
178.384
178.738
179.087
179.437
179.763
180.11
180.381
180.759
180.911
181.418
242.423
242.689
243.243
243.728
244.13
244.438
244.643
244.743
244.737
244.629
244.42
244.114
243.716
243.231
242.665
242.028
241.327
240.572
239.774
238.943
238.09
237.225
236.359
235.499
234.655
233.832
233.036
232.271
231.54
230.844
230.184
229.558
228.965
228.404
227.87
227.362
226.876
226.408
225.955
225.514
225.079
224.65
224.221
223.791
223.356
222.914
222.464
222.004
221.533
221.051
220.557
220.052
219.538
219.014
218.484
217.948
217.409
216.869
216.331
215.796
215.268
214.749
214.241
213.746
213.267
212.804
212.363
212
211.692
211.383
211.074
210.77
210.473
210.188
209.92
209.673
209.447
209.257
209.101
209
221.398
221.001
220.606
220.214
219.786
219.317
218.807
218.253
217.657
217.022
216.355
215.664
214.953
214.22
213.455
212.647
211.783
210.852
209.845
208.756
207.58
206.318
204.971
203.544
202.044
200.479
198.859
197.197
195.505
193.799
192.092
190.398
188.731
187.104
185.528
184.013
182.57
181.207
179.931
178.748
177.663
176.68
175.801
175.029
174.362
173.801
173.343
172.986
172.724
172.555
172.472
172.468
172.538
172.675
172.871
173.119
173.412
173.744
174.106
174.493
174.899
175.318
175.745
176.175
176.603
177.027
177.44
177.794
178.104
178.418
178.736
179.058
179.376
179.698
179.998
180.321
180.575
180.931
181.078
181.563
221.693
221.965
222.264
222.554
222.876
223.223
223.592
223.979
224.378
224.784
225.192
225.595
225.987
226.362
226.713
227.035
227.321
227.567
227.769
227.922
228.025
228.076
228.076
228.025
227.928
227.786
227.605
227.388
227.142
226.872
226.582
226.277
225.961
225.638
225.311
224.98
224.648
224.315
223.981
223.645
223.308
222.966
222.62
222.268
221.908
221.54
221.161
220.77
220.368
219.954
219.528
219.089
218.639
218.179
217.71
217.234
216.752
216.267
215.781
215.295
214.813
214.337
213.869
213.411
212.966
212.534
212.122
211.781
211.492
211.202
210.91
210.623
210.341
210.071
209.815
209.578
209.362
209.179
209.028
208.926
221.823
221.578
221.318
221.051
220.755
220.412
220.003
219.513
218.926
218.235
217.444
216.565
215.617
214.619
213.582
212.515
211.42
210.301
209.159
207.994
206.809
205.603
204.374
203.123
201.848
200.548
199.224
197.877
196.509
195.123
193.725
192.32
190.916
189.522
188.146
186.796
185.484
184.216
183.003
181.853
180.771
179.765
178.84
178
177.247
176.585
176.014
175.533
175.14
174.835
174.612
174.469
174.4
174.4
174.464
174.584
174.755
174.97
175.224
175.509
175.82
176.151
176.497
176.852
177.213
177.576
177.934
178.245
178.519
178.799
179.085
179.376
179.665
179.959
180.236
180.536
180.773
181.108
181.248
181.715
222.027
222.214
222.381
222.534
222.676
222.804
222.918
223.019
223.108
223.186
223.255
223.315
223.369
223.417
223.462
223.503
223.541
223.578
223.613
223.644
223.673
223.696
223.711
223.718
223.714
223.697
223.664
223.615
223.549
223.464
223.361
223.24
223.102
222.948
222.779
222.596
222.4
222.193
221.976
221.748
221.51
221.262
221.003
220.734
220.454
220.162
219.857
219.539
219.208
218.862
218.504
218.131
217.746
217.349
216.941
216.523
216.098
215.667
215.232
214.795
214.358
213.925
213.497
213.076
212.664
212.264
211.88
211.562
211.291
211.018
210.744
210.472
210.206
209.949
209.705
209.479
209.273
209.099
208.953
208.849
217.984
217.741
217.493
217.255
217.019
216.774
216.511
216.22
215.89
215.508
215.064
214.551
213.971
213.327
212.624
211.866
211.055
210.19
209.274
208.307
207.292
206.233
205.133
203.998
202.83
201.634
200.415
199.177
197.924
196.659
195.388
194.113
192.84
191.574
190.319
189.082
187.868
186.684
185.537
184.433
183.379
182.381
181.445
180.576
179.777
179.053
178.407
177.839
177.35
176.94
176.608
176.351
176.166
176.05
175.998
176.005
176.066
176.176
176.328
176.518
176.739
176.986
177.254
177.538
177.833
178.136
178.439
178.706
178.946
179.191
179.444
179.704
179.964
180.231
180.483
180.76
180.978
181.295
181.424
181.875
218.17
218.324
218.483
218.646
218.81
218.974
219.138
219.299
219.457
219.611
219.758
219.898
220.029
220.15
220.26
220.359
220.445
220.52
220.583
220.635
220.676
220.706
220.728
220.741
220.747
220.745
220.737
220.722
220.7
220.671
220.634
220.588
220.534
220.469
220.394
220.307
220.209
220.1
219.978
219.843
219.696
219.536
219.362
219.175
218.974
218.759
218.529
218.284
218.024
217.748
217.457
217.151
216.831
216.496
216.149
215.791
215.422
215.045
214.662
214.274
213.885
213.495
213.107
212.724
212.348
211.98
211.625
211.33
211.077
210.823
210.566
210.31
210.06
209.817
209.587
209.373
209.178
209.011
208.871
208.764
213.12
212.902
212.676
212.456
212.237
212.016
211.788
211.548
211.288
211.002
210.681
210.319
209.915
209.469
208.985
208.466
207.915
207.33
206.711
206.054
205.357
204.619
203.84
203.018
202.156
201.253
200.312
199.335
198.327
197.29
196.23
195.151
194.059
192.958
191.856
190.756
189.665
188.589
187.534
186.506
185.511
184.556
183.644
182.783
181.976
181.229
180.544
179.924
179.373
178.89
178.477
178.132
177.854
177.642
177.492
177.401
177.364
177.378
177.438
177.539
177.675
177.842
178.034
178.248
178.477
178.72
178.968
179.191
179.394
179.604
179.823
180.051
180.28
180.519
180.744
180.997
181.195
181.491
181.61
182.043
213.279
213.409
213.55
213.696
213.848
214.006
214.17
214.339
214.514
214.694
214.879
215.068
215.26
215.454
215.65
215.846
216.04
216.232
216.419
216.601
216.776
216.942
217.099
217.245
217.379
217.502
217.612
217.71
217.796
217.869
217.93
217.979
218.016
218.042
218.055
218.057
218.046
218.022
217.985
217.935
217.87
217.792
217.698
217.589
217.465
217.325
217.168
216.995
216.805
216.598
216.375
216.135
215.879
215.607
215.321
215.022
214.711
214.389
214.059
213.721
213.379
213.034
212.689
212.345
212.005
211.672
211.348
211.077
210.845
210.609
210.371
210.134
209.9
209.674
209.457
209.256
209.073
208.915
208.781
208.673
210.098
209.918
209.729
209.54
209.347
209.15
208.951
208.746
208.53
208.297
208.039
207.751
207.425
207.061
206.66
206.226
205.763
205.274
204.761
204.223
203.659
203.068
202.449
201.801
201.125
200.418
199.682
198.916
198.12
197.296
196.445
195.57
194.672
193.757
192.826
191.886
190.941
189.996
189.057
188.129
187.219
186.331
185.472
184.647
183.861
183.119
182.425
181.783
181.197
180.669
180.2
179.791
179.443
179.155
178.925
178.751
178.631
178.561
178.537
178.557
178.614
178.706
178.826
178.972
179.138
179.321
179.515
179.695
179.861
180.035
180.22
180.414
180.611
180.82
181.019
181.246
181.423
181.697
181.805
182.218
210.236
210.358
210.488
210.621
210.76
210.903
211.051
211.203
211.36
211.521
211.687
211.856
212.031
212.209
212.391
212.576
212.765
212.957
213.151
213.347
213.544
213.74
213.936
214.13
214.321
214.507
214.687
214.86
215.025
215.18
215.325
215.459
215.58
215.69
215.786
215.869
215.938
215.993
216.033
216.059
216.07
216.066
216.045
216.009
215.955
215.885
215.798
215.693
215.57
215.429
215.271
215.095
214.902
214.692
214.467
214.226
213.972
213.705
213.427
213.14
212.846
212.547
212.245
211.942
211.64
211.342
211.051
210.805
210.594
210.38
210.162
209.944
209.728
209.518
209.317
209.13
208.958
208.809
208.682
208.574
208.01
207.859
207.699
207.537
207.368
207.194
207.017
206.839
206.657
206.467
206.264
206.042
205.795
205.517
205.206
204.861
204.486
204.083
203.655
203.204
202.729
202.23
201.707
201.158
200.583
199.984
199.359
198.71
198.037
197.339
196.619
195.877
195.115
194.335
193.538
192.728
191.907
191.079
190.249
189.42
188.597
187.785
186.989
186.214
185.465
184.747
184.065
183.422
182.823
182.271
181.768
181.316
180.917
180.571
180.278
180.037
179.847
179.705
179.609
179.556
179.543
179.565
179.619
179.701
179.806
179.933
180.073
180.21
180.34
180.479
180.628
180.789
180.955
181.134
181.304
181.506
181.661
181.913
182.008
182.4
208.131
208.242
208.359
208.48
208.606
208.736
208.871
209.011
209.156
209.305
209.459
209.617
209.779
209.945
210.115
210.288
210.465
210.645
210.828
211.013
211.2
211.389
211.579
211.77
211.961
212.152
212.342
212.53
212.715
212.896
213.073
213.244
213.407
213.563
213.709
213.845
213.97
214.083
214.183
214.27
214.342
214.399
214.441
214.467
214.477
214.469
214.444
214.402
214.341
214.262
214.165
214.049
213.916
213.765
213.598
213.414
213.215
213.002
212.776
212.54
212.294
212.04
211.782
211.52
211.257
210.994
210.736
210.518
210.328
210.135
209.938
209.74
209.544
209.352
209.167
208.994
208.835
208.696
208.576
208.468
206.226
206.097
205.959
205.819
205.673
205.519
205.361
205.199
205.036
204.871
204.699
204.519
204.324
204.11
203.871
203.604
203.309
202.987
202.641
202.273
201.884
201.475
201.045
200.592
200.116
199.616
199.093
198.547
197.977
197.384
196.769
196.132
195.476
194.8
194.108
193.4
192.68
191.949
191.211
190.469
189.726
188.987
188.256
187.536
186.832
186.149
185.491
184.862
184.265
183.706
183.186
182.708
182.275
181.888
181.547
181.253
181.006
180.805
180.647
180.531
180.455
180.414
180.407
180.43
180.478
180.55
180.64
180.734
180.829
180.933
181.048
181.176
181.309
181.458
181.601
181.776
181.909
182.137
182.22
182.59
206.331
206.428
206.531
206.638
206.75
206.867
206.988
207.114
207.246
207.382
207.523
207.67
207.821
207.977
208.139
208.304
208.475
208.649
208.828
209.01
209.196
209.384
209.575
209.768
209.963
210.158
210.354
210.549
210.744
210.937
211.128
211.316
211.499
211.678
211.852
212.018
212.177
212.327
212.467
212.597
212.714
212.819
212.911
212.988
213.049
213.095
213.124
213.136
213.131
213.108
213.067
213.007
212.93
212.834
212.722
212.592
212.446
212.285
212.11
211.922
211.724
211.516
211.301
211.08
210.856
210.629
210.406
210.214
210.048
209.876
209.701
209.524
209.347
209.174
209.006
208.849
208.703
208.574
208.462
208.353
204.74
204.629
204.511
204.39
204.263
204.129
203.989
203.844
203.695
203.544
203.391
203.234
203.07
202.894
202.704
202.492
202.257
201.997
201.713
201.407
201.082
200.74
200.38
200.002
199.605
199.188
198.75
198.293
197.814
197.314
196.794
196.253
195.693
195.113
194.515
193.901
193.272
192.629
191.976
191.315
190.649
189.98
189.313
188.65
187.996
187.354
186.728
186.122
185.541
184.986
184.463
183.973
183.52
183.106
182.731
182.398
182.107
181.856
181.647
181.477
181.346
181.25
181.187
181.155
181.151
181.172
181.213
181.267
181.328
181.397
181.479
181.573
181.675
181.793
181.908
182.055
182.166
182.371
182.44
182.787
204.831
204.917
205.008
205.103
205.202
205.306
205.414
205.527
205.645
205.767
205.894
206.027
206.164
206.307
206.454
206.607
206.765
206.928
207.096
207.269
207.446
207.627
207.813
208.002
208.195
208.39
208.588
208.787
208.988
209.189
209.389
209.589
209.787
209.982
210.173
210.36
210.542
210.717
210.886
211.046
211.196
211.336
211.466
211.582
211.686
211.775
211.85
211.909
211.951
211.977
211.986
211.977
211.95
211.906
211.844
211.765
211.669
211.558
211.431
211.291
211.139
210.976
210.803
210.623
210.438
210.249
210.059
209.895
209.752
209.603
209.45
209.295
209.138
208.984
208.835
208.693
208.562
208.443
208.34
208.232
203.536
203.44
203.338
203.233
203.123
203.007
202.884
202.757
202.624
202.486
202.346
202.203
202.058
201.907
201.748
201.576
201.387
201.178
200.946
200.692
200.419
200.128
199.82
199.497
199.159
198.803
198.431
198.04
197.632
197.205
196.759
196.296
195.814
195.315
194.798
194.265
193.716
193.153
192.578
191.992
191.397
190.796
190.191
189.586
188.983
188.386
187.798
187.223
186.664
186.124
185.608
185.118
184.657
184.227
183.83
183.469
183.144
182.856
182.605
182.39
182.211
182.067
181.955
181.874
181.821
181.795
181.789
181.806
181.833
181.87
181.919
181.981
182.051
182.138
182.224
182.345
182.432
182.613
182.667
182.992
203.616
203.692
203.773
203.857
203.945
204.038
204.134
204.235
204.34
204.45
204.565
204.684
204.808
204.937
205.071
205.21
205.355
205.504
205.658
205.818
205.982
206.151
206.325
206.504
206.687
206.874
207.065
207.258
207.455
207.654
207.855
208.057
208.259
208.461
208.662
208.86
209.056
209.248
209.434
209.615
209.789
209.955
210.112
210.26
210.396
210.52
210.631
210.729
210.812
210.88
210.931
210.967
210.985
210.987
210.972
210.939
210.89
210.826
210.745
210.651
210.543
210.423
210.292
210.152
210.005
209.853
209.698
209.562
209.441
209.316
209.185
209.052
208.917
208.783
208.652
208.527
208.41
208.303
208.209
208.101
202.538
202.454
202.366
202.275
202.18
202.078
201.971
201.859
201.741
201.619
201.491
201.361
201.228
201.093
200.953
200.807
200.651
200.482
200.294
200.087
199.86
199.614
199.352
199.074
198.783
198.477
198.157
197.821
197.469
197.1
196.715
196.314
195.896
195.462
195.011
194.545
194.064
193.569
193.06
192.54
192.009
191.469
190.923
190.373
189.82
189.269
188.721
188.181
187.65
187.132
186.63
186.148
185.687
185.252
184.843
184.464
184.116
183.799
183.515
183.265
183.047
182.861
182.706
182.582
182.485
182.415
182.367
182.347
182.343
182.348
182.365
182.395
182.435
182.492
182.55
182.642
182.707
182.862
182.902
183.203
202.608
202.676
202.747
202.822
202.901
202.983
203.07
203.16
203.254
203.353
203.455
203.563
203.675
203.792
203.913
204.04
204.171
204.308
204.449
204.596
204.748
204.904
205.066
205.233
205.404
205.58
205.76
205.945
206.133
206.325
206.52
206.717
206.916
207.117
207.318
207.52
207.721
207.92
208.116
208.309
208.498
208.681
208.857
209.026
209.187
209.337
209.477
209.606
209.722
209.824
209.912
209.986
210.044
210.086
210.112
210.122
210.116
210.094
210.057
210.005
209.939
209.86
209.77
209.669
209.56
209.443
209.323
209.215
209.118
209.016
208.908
208.797
208.684
208.571
208.459
208.351
208.249
208.154
208.07
207.963
201.696
201.623
201.546
201.467
201.383
201.294
201.201
201.102
200.999
200.89
200.777
200.659
200.536
200.412
200.285
200.155
200.02
199.877
199.723
199.554
199.367
199.163
198.94
198.703
198.451
198.186
197.908
197.618
197.313
196.994
196.659
196.31
195.946
195.567
195.173
194.763
194.34
193.902
193.452
192.989
192.514
192.03
191.537
191.037
190.533
190.026
189.519
189.014
188.514
188.021
187.539
187.071
186.619
186.185
185.773
185.384
185.021
184.684
184.376
184.097
183.847
183.627
183.436
183.273
183.137
183.028
182.941
182.887
182.854
182.83
182.816
182.816
182.825
182.853
182.883
182.948
182.989
183.119
183.144
183.42
201.758
201.818
201.882
201.948
202.018
202.092
202.169
202.249
202.334
202.422
202.515
202.611
202.712
202.818
202.928
203.042
203.162
203.286
203.415
203.549
203.689
203.833
203.982
204.137
204.297
204.461
204.63
204.804
204.982
205.165
205.351
205.541
205.734
205.929
206.127
206.326
206.527
206.727
206.927
207.125
207.321
207.513
207.702
207.885
208.062
208.232
208.393
208.545
208.687
208.817
208.936
209.041
209.132
209.209
209.272
209.319
209.352
209.369
209.371
209.358
209.332
209.292
209.241
209.178
209.105
209.024
208.937
208.856
208.782
208.703
208.619
208.531
208.44
208.348
208.255
208.166
208.079
207.996
207.922
207.817
200.981
200.918
200.85
200.781
200.707
200.629
200.547
200.461
200.369
200.273
200.173
200.067
199.957
199.843
199.726
199.606
199.484
199.358
199.226
199.085
198.931
198.761
198.575
198.373
198.156
197.925
197.683
197.429
197.163
196.885
196.593
196.288
195.969
195.637
195.29
194.93
194.557
194.169
193.769
193.357
192.933
192.498
192.053
191.6
191.141
190.676
190.208
189.738
189.27
188.806
188.347
187.897
187.457
187.032
186.622
186.23
185.859
185.51
185.185
184.885
184.61
184.362
184.141
183.946
183.776
183.631
183.509
183.425
183.364
183.312
183.27
183.24
183.22
183.219
183.222
183.26
183.277
183.383
183.392
183.643
201.036
201.09
201.147
201.207
201.269
201.335
201.404
201.476
201.551
201.631
201.714
201.801
201.892
201.987
202.086
202.19
202.298
202.411
202.528
202.651
202.778
202.91
203.048
203.19
203.338
203.49
203.648
203.81
203.977
204.149
204.326
204.506
204.691
204.879
205.07
205.264
205.46
205.657
205.856
206.055
206.253
206.45
206.645
206.836
207.024
207.206
207.382
207.552
207.713
207.865
208.007
208.138
208.257
208.363
208.457
208.537
208.603
208.655
208.693
208.716
208.726
208.723
208.708
208.68
208.643
208.595
208.541
208.488
208.437
208.381
208.32
208.255
208.186
208.114
208.042
207.971
207.9
207.829
207.766
207.664
200.372
200.316
200.256
200.195
200.13
200.062
199.989
199.913
199.833
199.748
199.658
199.564
199.466
199.364
199.257
199.146
199.032
198.917
198.798
198.675
198.545
198.404
198.249
198.079
197.894
197.695
197.483
197.259
197.025
196.781
196.524
196.256
195.976
195.683
195.377
195.059
194.728
194.384
194.028
193.66
193.28
192.889
192.488
192.078
191.659
191.234
190.803
190.369
189.932
189.496
189.062
188.633
188.21
187.797
187.395
187.006
186.633
186.278
185.942
185.627
185.334
185.064
184.818
184.595
184.396
184.221
184.068
183.955
183.87
183.792
183.723
183.666
183.618
183.59
183.565
183.576
183.571
183.651
183.646
183.87
200.421
200.469
200.52
200.573
200.629
200.688
200.75
200.814
200.882
200.954
201.028
201.107
201.189
201.274
201.364
201.458
201.556
201.659
201.766
201.877
201.993
202.114
202.24
202.371
202.507
202.648
202.794
202.945
203.1
203.261
203.427
203.597
203.771
203.95
204.133
204.319
204.508
204.701
204.895
205.091
205.287
205.484
205.681
205.876
206.069
206.259
206.445
206.626
206.801
206.969
207.129
207.28
207.422
207.553
207.672
207.78
207.875
207.958
208.027
208.083
208.126
208.156
208.174
208.181
208.176
208.161
208.139
208.111
208.083
208.05
208.011
207.969
207.922
207.872
207.82
207.767
207.713
207.655
207.602
207.503
199.85
199.8
199.748
199.693
199.636
199.575
199.511
199.443
199.372
199.297
199.217
199.134
199.046
198.954
198.858
198.757
198.652
198.544
198.434
198.322
198.206
198.083
197.953
197.811
197.654
197.484
197.301
197.105
196.898
196.682
196.456
196.22
195.972
195.712
195.441
195.159
194.864
194.558
194.24
193.911
193.57
193.218
192.856
192.484
192.103
191.714
191.318
190.917
190.511
190.104
189.696
189.289
188.885
188.486
188.095
187.714
187.344
186.987
186.646
186.322
186.016
185.73
185.464
185.22
184.996
184.795
184.614
184.477
184.369
184.267
184.173
184.091
184.017
183.962
183.912
183.896
183.869
183.924
183.903
184.101
199.894
199.937
199.982
200.03
200.081
200.133
200.189
200.247
200.308
200.373
200.44
200.511
200.585
200.662
200.743
200.829
200.918
201.011
201.108
201.21
201.316
201.426
201.541
201.661
201.786
201.916
202.051
202.19
202.335
202.485
202.639
202.798
202.963
203.131
203.304
203.482
203.663
203.847
204.035
204.225
204.418
204.612
204.807
205.002
205.197
205.39
205.581
205.769
205.953
206.132
206.306
206.472
206.631
206.781
206.922
207.053
207.172
207.281
207.378
207.463
207.535
207.596
207.645
207.682
207.708
207.724
207.732
207.729
207.722
207.711
207.695
207.675
207.65
207.621
207.589
207.555
207.517
207.473
207.431
207.335
199.398
199.353
199.307
199.258
199.207
199.153
199.096
199.036
198.973
198.906
198.835
198.76
198.682
198.599
198.513
198.422
198.327
198.228
198.126
198.02
197.913
197.802
197.688
197.566
197.434
197.289
197.131
196.961
196.78
196.588
196.388
196.179
195.959
195.73
195.489
195.237
194.975
194.701
194.416
194.12
193.814
193.496
193.168
192.831
192.484
192.128
191.765
191.394
191.019
190.639
190.256
189.872
189.488
189.107
188.73
188.358
187.995
187.641
187.299
186.971
186.657
186.359
186.078
185.816
185.573
185.35
185.145
184.986
184.858
184.735
184.618
184.512
184.414
184.333
184.259
184.218
184.168
184.198
184.163
184.333
199.437
199.476
199.517
199.56
199.605
199.653
199.703
199.756
199.811
199.869
199.93
199.994
200.061
200.131
200.205
200.283
200.363
200.448
200.537
200.629
200.726
200.827
200.933
201.043
201.158
201.277
201.401
201.531
201.665
201.803
201.947
202.096
202.25
202.408
202.571
202.739
202.911
203.087
203.267
203.45
203.636
203.825
204.016
204.209
204.402
204.595
204.788
204.98
205.169
205.355
205.537
205.715
205.886
206.051
206.209
206.358
206.498
206.629
206.749
206.859
206.958
207.045
207.122
207.187
207.242
207.287
207.323
207.344
207.358
207.368
207.374
207.375
207.371
207.364
207.352
207.336
207.315
207.284
207.254
207.161
199.018
198.978
198.937
198.893
198.848
198.8
198.749
198.696
198.639
198.58
198.517
198.451
198.381
198.308
198.231
198.15
198.065
197.974
197.875
197.767
197.649
197.526
197.401
197.279
197.162
197.05
196.939
196.82
196.685
196.53
196.353
196.159
195.955
195.745
195.528
195.303
195.067
194.821
194.564
194.296
194.019
193.731
193.434
193.127
192.81
192.484
192.151
191.809
191.461
191.108
190.75
190.389
190.026
189.663
189.301
188.942
188.588
188.241
187.901
187.572
187.254
186.949
186.658
186.383
186.124
185.883
185.658
185.48
185.335
185.192
185.055
184.927
184.806
184.702
184.604
184.539
184.468
184.473
184.424
184.566
199.053
199.088
199.125
199.163
199.204
199.247
199.292
199.34
199.39
199.442
199.497
199.555
199.616
199.679
199.746
199.816
199.89
199.967
200.047
200.132
200.22
200.312
200.409
200.51
200.615
200.724
200.839
200.958
201.081
201.21
201.343
201.482
201.625
201.773
201.926
202.084
202.246
202.413
202.584
202.76
202.938
203.12
203.306
203.493
203.683
203.874
204.065
204.257
204.448
204.638
204.826
205.01
205.191
205.366
205.537
205.7
205.857
206.006
206.145
206.276
206.398
206.509
206.61
206.701
206.782
206.853
206.915
206.959
206.993
207.023
207.049
207.071
207.088
207.101
207.109
207.111
207.107
207.091
207.071
206.983
198.573
198.539
198.503
198.466
198.426
198.384
198.34
198.294
198.245
198.193
198.139
198.081
198.02
197.956
197.889
197.817
197.742
197.663
197.581
197.497
197.409
197.318
197.224
197.126
197.025
196.919
196.806
196.686
196.556
196.417
196.267
196.107
195.937
195.756
195.567
195.369
195.162
194.947
194.722
194.487
194.243
193.988
193.725
193.451
193.168
192.876
192.575
192.266
191.949
191.626
191.296
190.96
190.621
190.279
189.935
189.59
189.248
188.907
188.572
188.242
187.92
187.608
187.305
187.015
186.738
186.476
186.228
186.028
185.862
185.697
185.536
185.382
185.234
185.101
184.976
184.881
184.785
184.759
184.692
184.801
198.604
198.635
198.667
198.702
198.738
198.775
198.815
198.857
198.901
198.947
198.996
199.047
199.101
199.158
199.217
199.279
199.344
199.413
199.485
199.56
199.639
199.721
199.808
199.898
199.993
200.091
200.195
200.302
200.414
200.531
200.653
200.779
200.911
201.047
201.188
201.334
201.485
201.641
201.802
201.967
202.136
202.31
202.488
202.669
202.853
203.041
203.23
203.421
203.613
203.806
203.999
204.19
204.38
204.567
204.751
204.931
205.105
205.274
205.437
205.592
205.739
205.878
206.008
206.129
206.241
206.343
206.437
206.508
206.564
206.619
206.67
206.718
206.761
206.798
206.83
206.855
206.871
206.873
206.868
206.79
198.149
198.121
198.09
198.059
198.026
197.991
197.954
197.914
197.873
197.83
197.784
197.736
197.685
197.631
197.574
197.514
197.452
197.387
197.321
197.255
197.189
197.121
197.048
196.968
196.878
196.779
196.672
196.558
196.439
196.316
196.188
196.055
195.914
195.764
195.603
195.433
195.255
195.07
194.876
194.673
194.462
194.241
194.011
193.771
193.522
193.264
192.997
192.721
192.436
192.143
191.843
191.535
191.221
190.902
190.578
190.251
189.922
189.592
189.262
188.935
188.611
188.293
187.981
187.678
187.384
187.101
186.83
186.607
186.42
186.231
186.044
185.862
185.685
185.521
185.365
185.237
185.112
185.053
184.962
185.037
198.175
198.202
198.23
198.259
198.29
198.323
198.357
198.393
198.431
198.471
198.513
198.557
198.603
198.652
198.703
198.757
198.814
198.874
198.936
199.002
199.071
199.143
199.219
199.298
199.381
199.468
199.559
199.655
199.754
199.858
199.967
200.08
200.198
200.321
200.449
200.582
200.72
200.863
201.011
201.164
201.322
201.485
201.653
201.825
202.001
202.182
202.366
202.554
202.744
202.937
203.131
203.327
203.523
203.719
203.914
204.108
204.299
204.487
204.67
204.849
205.022
205.188
205.348
205.5
205.644
205.779
205.906
206.007
206.089
206.17
206.249
206.325
206.396
206.462
206.521
206.572
206.611
206.633
206.647
206.584
197.83
197.805
197.779
197.752
197.724
197.693
197.661
197.628
197.592
197.555
197.515
197.473
197.429
197.383
197.334
197.282
197.228
197.171
197.11
197.046
196.979
196.909
196.836
196.759
196.677
196.592
196.503
196.411
196.317
196.219
196.116
196.006
195.887
195.759
195.621
195.475
195.32
195.156
194.986
194.808
194.621
194.427
194.223
194.011
193.789
193.559
193.32
193.071
192.814
192.548
192.274
191.991
191.701
191.404
191.101
190.793
190.48
190.163
189.844
189.524
189.205
188.887
188.572
188.262
187.958
187.662
187.375
187.136
186.932
186.725
186.517
186.312
186.11
185.92
185.736
185.579
185.426
185.337
185.224
185.266
197.853
197.876
197.9
197.926
197.953
197.982
198.012
198.043
198.077
198.112
198.149
198.188
198.229
198.272
198.317
198.365
198.415
198.467
198.523
198.581
198.642
198.706
198.773
198.844
198.918
198.995
199.077
199.162
199.251
199.345
199.442
199.544
199.651
199.762
199.879
200
200.126
200.257
200.393
200.534
200.681
200.833
200.99
201.152
201.318
201.49
201.666
201.847
202.032
202.22
202.411
202.606
202.803
203.001
203.201
203.401
203.6
203.799
203.996
204.19
204.381
204.567
204.749
204.924
205.093
205.255
205.409
205.534
205.638
205.742
205.845
205.946
206.043
206.135
206.219
206.295
206.356
206.397
206.428
206.379
197.569
197.547
197.524
197.5
197.475
197.449
197.421
197.391
197.36
197.327
197.293
197.256
197.217
197.177
197.134
197.088
197.04
196.99
196.937
196.881
196.822
196.759
196.694
196.625
196.554
196.479
196.4
196.317
196.23
196.141
196.049
195.953
195.852
195.743
195.627
195.501
195.366
195.223
195.071
194.912
194.746
194.572
194.39
194.2
194.001
193.794
193.577
193.352
193.118
192.875
192.624
192.363
192.095
191.819
191.535
191.244
190.947
190.645
190.338
190.027
189.715
189.401
189.087
188.776
188.467
188.163
187.866
187.614
187.398
187.177
186.952
186.728
186.506
186.292
186.085
185.902
185.724
185.607
185.475
185.485
197.589
197.609
197.631
197.654
197.678
197.704
197.73
197.759
197.788
197.82
197.852
197.887
197.924
197.962
198.003
198.045
198.09
198.137
198.187
198.239
198.294
198.351
198.412
198.475
198.542
198.612
198.686
198.763
198.844
198.929
199.018
199.111
199.208
199.31
199.416
199.527
199.643
199.764
199.89
200.021
200.158
200.3
200.447
200.599
200.757
200.919
201.087
201.26
201.438
201.621
201.807
201.998
202.192
202.39
202.59
202.792
202.996
203.201
203.405
203.61
203.812
204.013
204.21
204.403
204.592
204.774
204.951
205.096
205.218
205.342
205.466
205.588
205.707
205.822
205.929
206.027
206.109
206.169
206.216
206.18
197.361
197.342
197.322
197.301
197.278
197.255
197.23
197.204
197.176
197.147
197.117
197.084
197.05
197.014
196.976
196.936
196.893
196.849
196.802
196.752
196.699
196.644
196.586
196.524
196.46
196.392
196.321
196.247
196.169
196.086
196.001
195.912
195.821
195.726
195.625
195.518
195.401
195.276
195.142
195
194.85
194.693
194.529
194.357
194.177
193.989
193.793
193.587
193.373
193.15
192.918
192.677
192.427
192.169
191.902
191.628
191.346
191.057
190.762
190.461
190.157
189.849
189.538
189.227
188.917
188.609
188.304
188.044
187.819
187.586
187.349
187.11
186.87
186.637
186.408
186.203
186.003
185.861
185.711
185.691
197.379
197.397
197.417
197.437
197.459
197.482
197.506
197.531
197.558
197.586
197.616
197.647
197.68
197.714
197.751
197.789
197.829
197.872
197.917
197.964
198.013
198.065
198.12
198.178
198.238
198.302
198.368
198.439
198.512
198.59
198.671
198.756
198.845
198.938
199.036
199.139
199.246
199.358
199.475
199.596
199.724
199.856
199.994
200.137
200.286
200.441
200.601
200.766
200.937
201.113
201.294
201.48
201.67
201.865
202.064
202.266
202.471
202.679
202.888
203.098
203.309
203.519
203.728
203.935
204.139
204.338
204.533
204.694
204.831
204.971
205.113
205.254
205.393
205.528
205.656
205.773
205.874
205.951
206.014
205.991
197.203
197.185
197.167
197.148
197.129
197.107
197.085
197.062
197.037
197.011
196.983
196.954
196.923
196.891
196.857
196.821
196.783
196.743
196.7
196.655
196.608
196.558
196.506
196.451
196.392
196.331
196.266
196.198
196.127
196.053
195.974
195.891
195.806
195.717
195.625
195.53
195.428
195.319
195.201
195.074
194.939
194.796
194.645
194.488
194.323
194.15
193.969
193.78
193.582
193.376
193.16
192.936
192.702
192.46
192.209
191.949
191.68
191.404
191.121
190.831
190.534
190.233
189.927
189.619
189.308
188.998
188.689
188.424
188.192
187.951
187.703
187.451
187.197
186.948
186.702
186.477
186.258
186.093
185.929
185.879
197.219
197.236
197.253
197.272
197.291
197.312
197.334
197.357
197.381
197.407
197.433
197.462
197.492
197.523
197.556
197.591
197.628
197.666
197.707
197.75
197.795
197.843
197.893
197.945
198.001
198.059
198.12
198.184
198.252
198.323
198.397
198.475
198.558
198.644
198.734
198.829
198.928
199.032
199.141
199.254
199.373
199.497
199.627
199.762
199.902
200.048
200.2
200.358
200.522
200.691
200.866
201.046
201.232
201.423
201.618
201.819
202.023
202.231
202.443
202.657
202.872
203.089
203.306
203.523
203.738
203.95
204.159
204.334
204.483
204.637
204.794
204.951
205.107
205.259
205.404
205.539
205.656
205.749
205.825
205.815
197.073
197.058
197.042
197.024
197.006
196.987
196.967
196.945
196.923
196.899
196.874
196.847
196.819
196.79
196.758
196.726
196.691
196.654
196.616
196.575
196.532
196.486
196.438
196.388
196.334
196.278
196.219
196.156
196.091
196.022
195.949
195.873
195.793
195.709
195.622
195.533
195.44
195.342
195.239
195.128
195.008
194.879
194.743
194.598
194.446
194.286
194.119
193.943
193.759
193.565
193.362
193.15
192.93
192.7
192.461
192.213
191.956
191.691
191.418
191.137
190.848
190.554
190.253
189.948
189.64
189.329
189.018
188.749
188.512
188.265
188.009
187.748
187.483
187.22
186.96
186.718
186.483
186.299
186.121
186.045
197.088
197.104
197.12
197.137
197.155
197.174
197.194
197.215
197.238
197.261
197.286
197.312
197.34
197.369
197.399
197.432
197.465
197.501
197.539
197.579
197.62
197.664
197.711
197.759
197.811
197.865
197.921
197.981
198.044
198.11
198.18
198.252
198.329
198.41
198.494
198.583
198.676
198.773
198.875
198.982
199.094
199.211
199.334
199.461
199.595
199.734
199.879
200.03
200.187
200.349
200.518
200.693
200.874
201.06
201.252
201.449
201.652
201.859
202.071
202.286
202.504
202.725
202.948
203.171
203.394
203.616
203.836
204.022
204.181
204.346
204.514
204.684
204.854
205.021
205.181
205.33
205.461
205.568
205.657
205.659
197.004
196.99
196.975
196.959
196.942
196.925
196.906
196.886
196.866
196.844
196.821
196.796
196.77
196.743
196.715
196.684
196.652
196.619
196.583
196.545
196.506
196.464
196.42
196.373
196.324
196.271
196.217
196.159
196.097
196.033
195.965
195.894
195.82
195.741
195.658
195.571
195.481
195.388
195.291
195.188
195.077
194.956
194.827
194.688
194.542
194.388
194.228
194.06
193.886
193.703
193.511
193.311
193.101
192.883
192.655
192.418
192.172
191.917
191.653
191.381
191.1
190.812
190.517
190.216
189.91
189.6
189.288
189.017
188.777
188.525
188.264
187.996
187.722
187.449
187.177
186.921
186.673
186.472
186.285
186.184
197.018
197.032
197.047
197.063
197.08
197.097
197.116
197.135
197.156
197.178
197.201
197.225
197.25
197.277
197.305
197.335
197.367
197.4
197.434
197.471
197.51
197.551
197.593
197.639
197.686
197.736
197.789
197.844
197.903
197.964
198.029
198.097
198.168
198.243
198.322
198.405
198.492
198.584
198.68
198.78
198.886
198.997
199.112
199.234
199.361
199.493
199.632
199.776
199.927
200.083
200.246
200.416
200.591
200.773
200.961
201.156
201.355
201.561
201.771
201.987
202.206
202.429
202.655
202.883
203.112
203.341
203.569
203.762
203.93
204.103
204.282
204.463
204.646
204.825
204.998
205.159
205.299
205.413
205.51
205.523
196.917
196.903
196.889
196.874
196.858
196.841
196.823
196.804
196.784
196.763
196.74
196.717
196.692
196.666
196.638
196.609
196.578
196.545
196.51
196.474
196.435
196.394
196.351
196.305
196.256
196.205
196.15
196.092
196.031
195.966
195.897
195.824
195.746
195.662
195.573
195.481
195.388
195.299
195.219
195.148
195.085
195.02
194.943
194.845
194.72
194.571
194.404
194.226
194.042
193.854
193.66
193.459
193.252
193.036
192.813
192.581
192.34
192.091
191.833
191.566
191.291
191.008
190.717
190.419
190.115
189.806
189.494
189.221
188.979
188.725
188.459
188.185
187.905
187.624
187.343
187.076
186.819
186.604
186.409
186.287
196.93
196.944
196.958
196.974
196.99
197.007
197.025
197.043
197.063
197.084
197.106
197.129
197.154
197.18
197.207
197.236
197.266
197.298
197.331
197.367
197.404
197.443
197.484
197.528
197.573
197.621
197.672
197.725
197.782
197.841
197.903
197.968
198.037
198.109
198.184
198.264
198.348
198.436
198.528
198.625
198.726
198.832
198.944
199.061
199.183
199.311
199.445
199.585
199.731
199.883
200.042
200.207
200.379
200.557
200.742
200.934
201.131
201.335
201.545
201.76
201.98
202.205
202.433
202.664
202.897
203.132
203.366
203.566
203.739
203.92
204.106
204.295
204.484
204.67
204.848
205.015
205.165
205.295
205.406
205.427
196.997
196.985
196.973
196.959
196.946
196.931
196.915
196.899
196.882
196.864
196.845
196.824
196.803
196.78
196.757
196.732
196.705
196.677
196.648
196.617
196.585
196.55
196.514
196.476
196.436
196.393
196.349
196.302
196.252
196.2
196.144
196.086
196.028
195.971
195.92
195.874
195.827
195.77
195.687
195.563
195.392
195.182
194.951
194.723
194.52
194.35
194.206
194.074
193.939
193.793
193.633
193.461
193.277
193.083
192.878
192.662
192.436
192.198
191.95
191.692
191.423
191.145
190.858
190.564
190.262
189.954
189.642
189.369
189.125
188.868
188.6
188.322
188.036
187.748
187.461
187.187
186.922
186.697
186.499
186.357
197.009
197.021
197.033
197.046
197.061
197.075
197.091
197.108
197.125
197.143
197.163
197.183
197.205
197.228
197.252
197.277
197.304
197.332
197.362
197.393
197.426
197.461
197.498
197.537
197.578
197.622
197.667
197.716
197.767
197.82
197.877
197.937
198
198.066
198.136
198.21
198.288
198.37
198.456
198.547
198.643
198.743
198.849
198.961
199.077
199.2
199.329
199.464
199.606
199.754
199.909
200.07
200.239
200.414
200.597
200.786
200.982
201.185
201.393
201.608
201.828
202.053
202.283
202.515
202.751
202.987
203.224
203.427
203.603
203.789
203.983
204.185
204.394
204.606
204.81
204.99
205.128
205.218
205.291
205.32
)
;

boundaryField
{
    inlet
    {
        type            freestreamPressure;
    }
    outlet
    {
        type            freestreamPressure;
    }
    walls
    {
        type            zeroGradient;
    }
    frontAndBack
    {
        type            empty;
    }
}


// ************************************************************************* //
