/*--------------------------------*- C++ -*----------------------------------*\
| =========                 |                                                 |
| \\      /  F ield         | OpenFOAM: The Open Source CFD Toolbox           |
|  \\    /   O peration     | Version:  3.0.0                                 |
|   \\  /    A nd           | Web:      www.OpenFOAM.org                      |
|    \\/     M anipulation  |                                                 |
\*---------------------------------------------------------------------------*/
FoamFile
{
    version     2.0;
    format      ascii;
    class       volScalarField;
    location    "7.25";
    object      p;
}
// * * * * * * * * * * * * * * * * * * * * * * * * * * * * * * * * * * * * * //

dimensions      [0 2 -2 0 0 0 0];

internalField   nonuniform List<scalar> 
4096
(
-0.0418199
-0.0568637
-0.0554161
-0.0477428
-0.0383249
-0.0326846
-0.0336381
-0.0382118
-0.040991
-0.0393758
-0.0346756
-0.0291669
-0.0251684
-0.025225
-0.0306634
-0.0320292
-0.0552711
-0.0742188
-0.0762919
-0.0700519
-0.0585994
-0.0474931
-0.0413802
-0.0401327
-0.0402011
-0.0385266
-0.0344946
-0.0289761
-0.0244161
-0.0246559
-0.0318151
-0.0369517
-0.0373249
-0.0563109
-0.0603272
-0.0567565
-0.0478086
-0.0381659
-0.0323225
-0.03093
-0.0311797
-0.0299061
-0.0259085
-0.0199168
-0.0142573
-0.0128
-0.0178965
-0.0213661
-0.0149606
-0.0326878
-0.0379696
-0.0368944
-0.0308298
-0.0233335
-0.0182743
-0.0168204
-0.0171591
-0.016454
-0.0128612
-0.00654798
0.000266191
0.00353028
0.000573219
-0.0013716
0.00720901
-0.0078005
-0.0132787
-0.0139715
-0.0104933
-0.00523262
-0.00118727
0.000226146
-0.000249204
-0.000420731
0.00197843
0.0077038
0.0149812
0.0196548
0.0186791
0.0180295
0.0255484
0.0147559
0.0105094
0.00948076
0.0114205
0.014933
0.0179155
0.0189697
0.0180225
0.0164401
0.016645
0.0203696
0.0269624
0.032105
0.0326634
0.0331216
0.0370296
0.031378
0.0300013
0.0305007
0.0326496
0.035531
0.0377492
0.0381418
0.036188
0.0326025
0.0297486
0.0304142
0.0347236
0.0390592
0.0403133
0.0414557
0.0411774
0.0407415
0.0434249
0.0470888
0.0510458
0.0544132
0.0561992
0.0555518
0.0520158
0.0460148
0.0397785
0.0367834
0.0379843
0.040641
0.041613
0.0430374
0.0397352
0.0435084
0.0502229
0.0575053
0.0639019
0.068184
0.0694954
0.0674256
0.0619128
0.0535591
0.0445808
0.0387209
0.0374537
0.0381513
0.0383478
0.0398084
0.0349554
0.0408441
0.0500924
0.0599025
0.0680493
0.0727888
0.0732389
0.0694577
0.0620612
0.0521363
0.042057
0.035362
0.0332559
0.0330647
0.0326915
0.0339975
0.0276314
0.032999
0.0424589
0.0529097
0.0614205
0.0657805
0.065008
0.0596193
0.051016
0.0409844
0.0320805
0.0271042
0.0262114
0.0264074
0.025749
0.0263871
0.0167954
0.0194072
0.0272257
0.0367778
0.0446393
0.048163
0.0462669
0.0399331
0.0313998
0.0230986
0.0174472
0.0159338
0.0173477
0.0182832
0.0169765
0.0161875
0.00155201
0.000174182
0.00562225
0.013709
0.020822
0.0238746
0.021662
0.0155865
0.00860019
0.00355523
0.00206931
0.00410281
0.00730812
0.00820392
0.00547296
0.00274496
-0.0179067
-0.0236714
-0.0205472
-0.0135097
-0.00640334
-0.00261476
-0.00369769
-0.00806117
-0.0123351
-0.0138272
-0.0118369
-0.00756748
-0.00388217
-0.00396789
-0.0087367
-0.0135391
-0.0380123
-0.047526
-0.0460087
-0.0395943
-0.0318135
-0.0263588
-0.0252822
-0.027145
-0.0286885
-0.0276444
-0.0239537
-0.019175
-0.0159849
-0.0173006
-0.0239299
-0.0300229
-0.0353368
-0.0446993
-0.0429719
-0.0374101
-0.0315191
-0.0289224
-0.0311021
-0.0354382
-0.0376657
-0.0358108
-0.0314872
-0.0273407
-0.0252781
-0.0264977
-0.0310054
-0.0323269
-0.0181703
-0.0401344
-0.0409225
-0.0382834
-0.0342626
-0.0313085
-0.0310591
-0.0321604
-0.0319283
-0.0289689
-0.0239543
-0.018309
-0.0138605
-0.013423
-0.0176882
-0.0103051
-0.0301879
-0.0540406
-0.0575422
-0.0565998
-0.0520257
-0.0457937
-0.040252
-0.0358413
-0.03178
-0.0274927
-0.0228789
-0.0177384
-0.0136447
-0.0136323
-0.0191454
-0.0145175
-0.0163289
-0.0394783
-0.0451917
-0.0469434
-0.044786
-0.0400241
-0.034786
-0.0299286
-0.0252994
-0.020725
-0.0160648
-0.010912
-0.00608023
-0.00444613
-0.00780676
-0.00251208
-0.000431769
-0.0210032
-0.0276665
-0.0311229
-0.0308924
-0.0277377
-0.0234439
-0.019069
-0.0147867
-0.0105828
-0.00621519
-0.00109791
0.00440514
0.0074997
0.00607712
0.0113328
0.0137168
-0.0024956
-0.00870399
-0.012498
-0.0131766
-0.0111738
-0.00795154
-0.0046121
-0.00154303
0.00134113
0.00454676
0.00896002
0.0144668
0.0184625
0.0185117
0.0229807
0.0238701
0.0132563
0.00900552
0.0064534
0.00619941
0.00786781
0.0102577
0.0122521
0.0133868
0.0139222
0.0148406
0.0175725
0.0220747
0.0260922
0.0268531
0.0302081
0.0284809
0.0237667
0.0227863
0.023001
0.0244997
0.0268322
0.0288742
0.0295673
0.0284431
0.0259765
0.0237009
0.0236608
0.0263334
0.0292284
0.0301023
0.0320865
0.0280626
0.0285633
0.0315841
0.0354513
0.0395532
0.0430802
0.0449816
0.0443956
0.0409782
0.0354337
0.0298328
0.0269246
0.0275168
0.0287003
0.0287854
0.0295682
0.0247923
0.0289897
0.0357854
0.0431778
0.0497203
0.0541734
0.0555615
0.0533391
0.0475807
0.0393655
0.0312602
0.026532
0.0257458
0.0258213
0.0249557
0.0250493
0.0208419
0.0267015
0.0360987
0.0458223
0.0538325
0.0583223
0.0583788
0.0539653
0.0458349
0.0356894
0.0266777
0.0221907
0.0219664
0.0221091
0.0208028
0.0205265
0.0167396
0.0221388
0.0320872
0.0425948
0.0508679
0.0545764
0.0527759
0.0460127
0.0359199
0.0250891
0.0171989
0.0150883
0.0170816
0.0183497
0.0170643
0.0162314
0.0111372
0.0141476
0.0225894
0.0327943
0.0404362
0.0431161
0.0397421
0.031381
0.0206528
0.011018
0.00616051
0.00755041
0.0119675
0.0141498
0.0125248
0.0107702
0.00245478
0.00144615
0.00786732
0.0165355
0.0234638
0.025552
0.021678
0.0133555
0.00400222
-0.00255737
-0.00347855
0.000919202
0.00647817
0.00836565
0.00554891
0.00298768
-0.00992148
-0.0158047
-0.0115817
-0.00441431
0.00195122
0.00438394
0.00158402
-0.00475524
-0.0109865
-0.0136459
-0.0112763
-0.00544991
-0.000304575
0.000228183
-0.00426007
-0.00719925
-0.023374
-0.0340498
-0.0317825
-0.0260552
-0.0200387
-0.0165944
-0.0171481
-0.0202295
-0.022695
-0.0220868
-0.0180831
-0.0125108
-0.0086119
-0.00952991
-0.0156584
-0.0176778
-0.017557
-0.0318069
-0.0317097
-0.028781
-0.0254979
-0.0240756
-0.0255412
-0.0281626
-0.0292058
-0.0269556
-0.0226233
-0.018144
-0.0151962
-0.015457
-0.0192013
-0.015674
0.00339202
-0.0229115
-0.0225805
-0.0195186
-0.0155994
-0.0128801
-0.0129986
-0.0147954
-0.0154838
-0.0131149
-0.00781401
-0.00126817
0.00416013
0.00508851
0.000721812
0.0127145
-0.00150713
-0.0286859
-0.0312009
-0.0308734
-0.0280845
-0.0241082
-0.0208547
-0.0185453
-0.0160782
-0.0123858
-0.0071117
-0.000981836
0.0044674
0.0056411
0.00145296
0.012785
0.00805362
-0.0181982
-0.0237234
-0.0266624
-0.0264289
-0.023602
-0.0200278
-0.0165213
-0.0130732
-0.00912508
-0.00410378
0.00217837
0.00865727
0.0119379
0.0102228
0.0213438
0.0166278
-0.00628282
-0.0132973
-0.018132
-0.019649
-0.0179388
-0.014621
-0.0111108
-0.00775141
-0.00435294
-0.000152111
0.00574026
0.0128243
0.0177962
0.0182533
0.0280823
0.0218776
0.00429967
-0.00255661
-0.00769878
-0.00982743
-0.00886601
-0.00621224
-0.00333996
-0.000960611
0.00104678
0.00370801
0.00830224
0.0150285
0.0208851
0.0228965
0.0306092
0.0230997
0.0119732
0.0069401
0.00314027
0.00164971
0.00250521
0.00446083
0.00614703
0.00678775
0.00657184
0.00682353
0.00938289
0.0147979
0.0203964
0.0231166
0.0284985
0.0202646
0.0155868
0.013795
0.0128101
0.0131241
0.0145424
0.0159723
0.0161865
0.0145674
0.0116163
0.00901076
0.00897407
0.0123647
0.0166927
0.0191168
0.0225337
0.0146613
0.0154221
0.0177163
0.0204188
0.0232106
0.0255369
0.0264196
0.0249163
0.0207377
0.0148192
0.00936002
0.00701096
0.0085306
0.0112481
0.0128011
0.0143428
0.00865452
0.0130862
0.0194147
0.025787
0.0309663
0.0339589
0.0338943
0.0302448
0.023244
0.0143853
0.00658157
0.00304058
0.0039075
0.00570069
0.00615926
0.00699391
0.00419232
0.0104129
0.0196475
0.0288231
0.0357093
0.0387674
0.0371926
0.0309725
0.0210365
0.00961636
0.000567724
-0.00249138
-0.000483235
0.00170011
0.00168714
0.00229861
0.00169981
0.00783735
0.0181309
0.0287548
0.0365143
0.0392016
0.0359475
0.027276
0.0149587
0.00216869
-0.00643164
-0.00739034
-0.00308406
0.000273528
0.000230263
0.000211597
-1.68648e-06
0.00403797
0.0136603
0.0244248
0.0323995
0.0347304
0.030352
0.0202436
0.00713753
-0.00490188
-0.01107
-0.00911467
-0.0028855
0.000988849
0.000400276
-0.000817479
-0.00239759
-0.00237964
0.00549699
0.0154952
0.0233038
0.0255893
0.0211218
0.0112964
-0.000368222
-0.00939233
-0.0118935
-0.00749922
-0.000895653
0.00201777
-0.000128591
-0.00214617
-0.00638185
-0.0117449
-0.00575128
0.00298035
0.010344
0.0130214
0.00961264
0.0017695
-0.0066325
-0.0115181
-0.0105824
-0.00504457
0.000535846
0.0015001
-0.00267054
-0.0041592
-0.0104899
-0.0215593
-0.0173668
-0.0102741
-0.00368725
-0.000524973
-0.00217758
-0.00712081
-0.0116298
-0.0127357
-0.00959872
-0.00410872
3.30943e-05
-0.00073323
-0.00644999
-0.00563126
-0.00176275
-0.0191655
-0.0180998
-0.014321
-0.0103368
-0.00836447
-0.00964117
-0.0126856
-0.014525
-0.0131859
-0.00897185
-0.00370351
0.000173024
0.000214947
-0.00399042
0.00224336
0.0201679
-0.00562014
-0.00533711
-0.00222855
0.00168837
0.00459072
0.00482171
0.00345611
0.00297543
0.00540269
0.0107938
0.0175654
0.0231305
0.0240326
0.0195196
0.0307493
0.0232047
-0.00370478
-0.00705952
-0.0083815
-0.00744841
-0.0053145
-0.00357019
-0.00232064
-0.000332546
0.00349435
0.00942361
0.0166371
0.0231857
0.0256666
0.0230889
0.0359572
0.0289748
0.00320424
-0.00317703
-0.00785158
-0.00979171
-0.00919128
-0.00751846
-0.00545412
-0.00268006
0.00150031
0.00758486
0.0154574
0.0236473
0.0286695
0.0287903
0.0414096
0.0303334
0.00821288
0.000438955
-0.00596117
-0.00949158
-0.00999125
-0.00875492
-0.00684146
-0.00444692
-0.00106837
0.0041158
0.0117247
0.020713
0.0276456
0.0300451
0.041113
0.0268091
0.010168
0.00270014
-0.00376084
-0.00764701
-0.00867016
-0.00802884
-0.00690109
-0.00581488
-0.00419848
-0.000938778
0.00533151
0.0139669
0.0219491
0.0259139
0.0346678
0.0192536
0.00894422
0.00333588
-0.00162223
-0.00466695
-0.00561328
-0.00555123
-0.00569359
-0.00656016
-0.00739135
-0.00666776
-0.0026741
0.00467041
0.012348
0.0171387
0.0233899
0.00901453
0.0048199
0.00231624
0.000120344
-0.00110866
-0.00144007
-0.00186833
-0.00351644
-0.00671917
-0.0104484
-0.0126747
-0.0112916
-0.00587421
0.000748723
0.00539014
0.00944583
-0.00188059
-0.00109431
0.000308682
0.00164497
0.00278139
0.00331825
0.00232141
-0.00109322
-0.00694798
-0.0137896
-0.0189701
-0.0198013
-0.0160323
-0.010719
-0.00697457
-0.00435099
-0.0110243
-0.00686094
-0.00138511
0.00363829
0.00717676
0.00843364
0.00654176
0.000960676
-0.00785305
-0.0178344
-0.0257688
-0.0279411
-0.0246578
-0.0200334
-0.0172354
-0.0149804
-0.0165816
-0.0105122
-0.00165238
0.00660586
0.0122274
0.0138883
0.0107472
0.00271138
-0.00916256
-0.0221838
-0.0319068
-0.0342065
-0.0300909
-0.0251984
-0.0229341
-0.0205172
-0.0181118
-0.0114363
-0.000702333
0.00985852
0.0171606
0.0191271
0.0147999
0.00465622
-0.00957049
-0.0243182
-0.0343742
-0.0355826
-0.0300326
-0.0246228
-0.0227786
-0.0209754
-0.0164038
-0.0109528
2.16421e-05
0.0116199
0.0201858
0.0227157
0.0180481
0.00689048
-0.00794396
-0.0221515
-0.0304623
-0.029788
-0.0234268
-0.018492
-0.0178311
-0.0178022
-0.0126337
-0.0107351
-0.00117593
0.0104924
0.019783
0.023115
0.019034
0.00871235
-0.00439737
-0.0156475
-0.0206562
-0.0182011
-0.0123654
-0.00931596
-0.0108795
-0.0124144
-0.0077871
-0.0114709
-0.00391475
0.00659876
0.0157196
0.0197961
0.017136
0.0091268
-0.000480774
-0.00743698
-0.00890903
-0.00537891
-0.000963569
-0.000369051
-0.0043703
-0.00556581
-0.00159844
-0.0117568
-0.00655709
0.00166931
0.00948021
0.0137082
0.0126157
0.00753786
0.00196911
-0.000785
0.000580503
0.00460824
0.00781904
0.00678074
0.00135183
0.00294494
0.0114206
-0.00596172
-0.00405446
0.000709521
0.00573892
0.00860144
0.00787135
0.00487816
0.00263341
0.00332773
0.00710808
0.0122822
0.0162097
0.0160034
0.0113234
0.0175288
0.0347403
0.0140986
0.0130424
0.0152335
0.0187676
0.0214648
0.0218507
0.0210367
0.0210678
0.0237753
0.0292565
0.0359206
0.0412964
0.0423491
0.0383151
0.0444958
0.0419421
0.01923
0.013333
0.00969859
0.00873518
0.00961576
0.0107745
0.0119815
0.0141637
0.0185269
0.0251363
0.0331155
0.0405618
0.0444896
0.0437545
0.052906
0.0441307
0.0225988
0.0143782
0.00766196
0.00368171
0.00233821
0.00245496
0.00361327
0.00628437
0.0111826
0.0185496
0.0278457
0.0373468
0.0438637
0.045717
0.0552626
0.038794
0.0205968
0.0117741
0.00386381
-0.00153795
-0.00417516
-0.00498375
-0.00453667
-0.0026536
0.00130909
0.00793814
0.0171781
0.0275869
0.0358672
0.0397765
0.0485729
0.0273954
0.01393
0.00603819
-0.00143076
-0.00689564
-0.0100089
-0.0115903
-0.0123228
-0.0121638
-0.0103106
-0.00571025
0.00221252
0.0123401
0.0214838
0.0268393
0.0342982
0.0122752
0.00412495
-0.00162757
-0.00734127
-0.0117815
-0.0147138
-0.0169132
-0.0191144
-0.021262
-0.022252
-0.0204717
-0.014757
-0.00586485
0.00324708
0.00940907
0.0152724
-0.00415056
-0.00725807
-0.0100467
-0.0130974
-0.015737
-0.0179742
-0.0206083
-0.024387
-0.0291317
-0.0333503
-0.0347416
-0.0316272
-0.0243104
-0.0158977
-0.00965951
-0.00517299
-0.0194038
-0.0184264
-0.0176685
-0.0174682
-0.0178449
-0.0191215
-0.0221683
-0.0276685
-0.0352216
-0.0428815
-0.0474826
-0.0465907
-0.0407162
-0.0331399
-0.027366
-0.0236778
-0.0310541
-0.0271977
-0.0225707
-0.0188211
-0.0167581
-0.0170812
-0.0207232
-0.0281972
-0.0387485
-0.0499271
-0.0575686
-0.0585335
-0.0531907
-0.0460782
-0.0409425
-0.0370842
-0.0373591
-0.0315691
-0.0232626
-0.0159942
-0.0114846
-0.0109335
-0.0153303
-0.0248736
-0.0382801
-0.0524383
-0.0625715
-0.0645772
-0.0592681
-0.0523126
-0.0477919
-0.0433408
-0.0377797
-0.030878
-0.0199127
-0.00955678
-0.00264125
-0.00108552
-0.00598303
-0.0170943
-0.0324745
-0.0483185
-0.0594092
-0.0615613
-0.0561934
-0.0497508
-0.0462213
-0.04227
-0.0327998
-0.026185
-0.0144703
-0.00189216
0.00723799
0.0101743
0.00561324
-0.00580034
-0.0213387
-0.0366299
-0.0465999
-0.0480122
-0.0431354
-0.0383338
-0.036778
-0.0351455
-0.0232813
-0.0193948
-0.00852501
0.00457011
0.0151861
0.0196935
0.0164355
0.00640809
-0.00706308
-0.0194868
-0.0266437
-0.0269172
-0.0232799
-0.0211016
-0.0224101
-0.0234872
-0.0104227
-0.0118207
-0.00343048
0.00840175
0.0191757
0.0249106
0.0235921
0.0162756
0.00650034
-0.00169877
-0.00544216
-0.00460904
-0.00233355
-0.00266989
-0.00659902
-0.00855818
0.00488053
-0.00320706
0.00160842
0.0102209
0.0192392
0.0250909
0.0255428
0.0214043
0.0158013
0.0119399
0.0114438
0.0134889
0.0153005
0.013902
0.00888242
0.0088582
0.0236629
0.00947297
0.0112532
0.0163839
0.022112
0.0255549
0.0250993
0.0220793
0.0197658
0.020083
0.0233868
0.0281029
0.0316403
0.031277
0.026627
0.0298155
0.0490938
0.0346028
0.0315297
0.0323395
0.0349543
0.0367172
0.0363994
0.0352669
0.0356296
0.0385376
0.0442346
0.0510462
0.0566236
0.0584352
0.0555894
0.0561765
0.0558298
0.0384218
0.029476
0.02357
0.0212795
0.0214606
0.0223643
0.0235917
0.0259256
0.0308181
0.0380017
0.0466209
0.0548363
0.0600887
0.0609742
0.0646943
0.053965
0.0378652
0.027931
0.0198351
0.0147264
0.0122183
0.0112553
0.0117063
0.0142775
0.0197583
0.0281026
0.0383481
0.0485429
0.0558724
0.0587157
0.0634969
0.0425111
0.029304
0.0200107
0.0116115
0.00546004
0.00157724
-0.000688548
-0.00138438
0.000122036
0.00459087
0.0122706
0.0224769
0.0333317
0.0418546
0.0461801
0.0511701
0.0245886
0.0151563
0.00767026
0.000349431
-0.00554756
-0.00985189
-0.0130368
-0.0151766
-0.0156649
-0.0134988
-0.007913
0.000917315
0.0113593
0.0203918
0.0258099
0.0306768
0.0038251
-0.00152867
-0.00653034
-0.0118969
-0.0166975
-0.0208103
-0.0246819
-0.0284582
-0.0315039
-0.0324201
-0.0297822
-0.0231349
-0.0137536
-0.00468913
0.00152186
0.00609846
-0.0167086
-0.0183034
-0.0205772
-0.0235476
-0.0267174
-0.0301553
-0.0344383
-0.0398666
-0.045704
-0.0500615
-0.0507277
-0.0464775
-0.038372
-0.0295317
-0.0228684
-0.0185306
-0.0344587
-0.0330029
-0.0323019
-0.0325228
-0.0336746
-0.036122
-0.0406795
-0.0477555
-0.0564602
-0.0644034
-0.0684141
-0.0664341
-0.0594028
-0.0508554
-0.044118
-0.0397458
-0.0471395
-0.0433702
-0.0393284
-0.0364129
-0.0352467
-0.0365643
-0.0414091
-0.0501892
-0.0617446
-0.0731894
-0.0803403
-0.0804031
-0.0741439
-0.0658997
-0.0594384
-0.0544115
-0.053002
-0.0475178
-0.0399341
-0.0335821
-0.0298531
-0.0299437
-0.0350483
-0.0453922
-0.0593922
-0.0735872
-0.083348
-0.0851092
-0.0796483
-0.0720396
-0.0662923
-0.0604431
-0.0515357
-0.0448204
-0.034263
-0.0245471
-0.0180697
-0.01668
-0.021674
-0.0329242
-0.0483024
-0.0638762
-0.074828
-0.0776255
-0.073279
-0.0671351
-0.0629185
-0.057466
-0.0431026
-0.0363209
-0.0244222
-0.0121054
-0.00295694
0.000310837
-0.00377096
-0.0146601
-0.0296564
-0.0445517
-0.0548395
-0.0577947
-0.0549363
-0.0512358
-0.0495777
-0.0466603
-0.0285432
-0.023911
-0.0128389
0.000446151
0.0115233
0.0167733
0.0144377
0.00534338
-0.00734402
-0.0195399
-0.0275653
-0.0299272
-0.0286233
-0.0277574
-0.0291825
-0.0298216
-0.00946182
-0.00955609
-0.00159909
0.0103227
0.0217357
0.028516
0.0284774
0.0221551
0.013184
0.00491839
-2.67294e-05
-0.00125181
-0.000890408
-0.00206794
-0.00587845
-0.00877833
0.012147
0.00578589
0.00871777
0.0165584
0.0260176
0.033112
0.0351226
0.0323214
0.027387
0.0232585
0.0216378
0.0222198
0.0230292
0.0216654
0.0173419
0.0147315
0.0357511
0.025427
0.0260065
0.0307708
0.0366244
0.0400447
0.0394451
0.0364078
0.0339989
0.0342298
0.0373345
0.041761
0.045111
0.0450351
0.0409729
0.0398935
0.0630068
0.0513384
0.0467655
0.0460605
0.0472493
0.0474136
0.0456941
0.0436887
0.043676
0.0467894
0.0527869
0.0599681
0.0661516
0.069146
0.0677178
0.066722
0.0664997
0.0513305
0.040443
0.0330433
0.0298751
0.0295349
0.030085
0.0311479
0.0336793
0.0388382
0.0465383
0.0556637
0.0643551
0.0702651
0.071689
0.0731436
0.060044
0.046685
0.0363964
0.0282786
0.0231533
0.0202612
0.018602
0.018433
0.0208372
0.0266353
0.0355531
0.0461707
0.0563401
0.0633552
0.0654904
0.0682874
0.0431848
0.0330289
0.024658
0.0173966
0.0119679
0.00797072
0.00495016
0.00344277
0.00460405
0.00930931
0.0174755
0.0278152
0.0380852
0.0454761
0.0485057
0.0510818
0.0204871
0.0139121
0.00811127
0.00257972
-0.00218774
-0.00642306
-0.0103388
-0.013358
-0.0142868
-0.011959
-0.00595882
0.00287722
0.0124275
0.0198602
0.0236446
0.0261011
-0.00362767
-0.00667878
-0.00982841
-0.0133723
-0.0170773
-0.0211455
-0.0257642
-0.0304569
-0.0340167
-0.0348124
-0.0317262
-0.0249606
-0.0163757
-0.00886551
-0.00424509
-0.00145975
-0.0257477
-0.0259489
-0.0268225
-0.0284836
-0.0309166
-0.0344407
-0.0394664
-0.0457414
-0.0522144
-0.0563598
-0.0564416
-0.051817
-0.044091
-0.0363438
-0.0308541
-0.0275089
-0.0436287
-0.0416903
-0.0404365
-0.0401373
-0.041017
-0.0436597
-0.0488716
-0.0567247
-0.0658281
-0.0734473
-0.0766768
-0.0740653
-0.0669894
-0.0589588
-0.052802
-0.0486949
-0.0553044
-0.0517597
-0.0480753
-0.0454195
-0.0443821
-0.045904
-0.0511756
-0.0604106
-0.0720236
-0.0827831
-0.0889336
-0.0882422
-0.0818531
-0.0738186
-0.0674849
-0.0624101
-0.0592593
-0.0545018
-0.0479702
-0.0424672
-0.03914
-0.0393359
-0.0444789
-0.0547616
-0.0682975
-0.0814241
-0.0899214
-0.0910471
-0.0857717
-0.0784916
-0.0727651
-0.0667952
-0.0550623
-0.049539
-0.0403478
-0.0318314
-0.025935
-0.0245145
-0.0291064
-0.0396805
-0.0540087
-0.0681768
-0.0778956
-0.0804709
-0.0768614
-0.0713891
-0.067305
-0.0614983
-0.0432434
-0.0379976
-0.0274622
-0.016521
-0.00809358
-0.00471908
-0.00806897
-0.0177888
-0.0313409
-0.0448055
-0.054271
-0.0576021
-0.0559288
-0.0530632
-0.0515355
-0.0477279
-0.0249376
-0.0217659
-0.0120711
-0.000219852
0.0100144
0.015299
0.0137813
0.00602754
-0.00518628
-0.0162778
-0.0240954
-0.0273133
-0.027249
-0.0269479
-0.0281759
-0.0275955
-0.00214036
-0.00322317
0.00302408
0.0133349
0.023792
0.0304562
0.0310889
0.0261809
0.0184097
0.0108006
0.00563099
0.00346229
0.00296647
0.00185387
-0.00121331
-0.00328307
0.0224318
0.0154318
0.0158183
0.0216069
0.030122
0.037339
0.0402165
0.0386223
0.0346977
0.0310021
0.0291374
0.0291308
0.0297021
0.0289997
0.0258319
0.0228064
0.0477353
0.0384364
0.0377714
0.0416833
0.0470135
0.0498402
0.0485987
0.0452573
0.0428591
0.0432753
0.0464541
0.0508425
0.054318
0.0548826
0.0516483
0.0490013
0.0730305
0.0596702
0.055151
0.0536434
0.0530261
0.0513524
0.0480632
0.0451212
0.0447289
0.0478974
0.0540629
0.0614999
0.0682548
0.0721537
0.0713153
0.0746975
0.0729312
0.0551994
0.0446573
0.0370609
0.0334634
0.0326652
0.0326704
0.0333634
0.0359828
0.0415674
0.0498675
0.0594056
0.0682503
0.0738346
0.0740283
0.0781705
0.0626196
0.047087
0.0383826
0.0318559
0.0278134
0.0252354
0.0231814
0.0224539
0.0246514
0.0306753
0.0399598
0.0505599
0.0603492
0.0659742
0.0659988
0.0697793
0.0422366
0.0309208
0.0249134
0.0204127
0.0170831
0.0139925
0.0108038
0.00872897
0.00955899
0.0143413
0.0226866
0.0327417
0.0419021
0.0471564
0.0472491
0.0493388
0.0169381
0.0104316
0.00732336
0.00502403
0.00276848
-0.000299132
-0.00423273
-0.00775225
-0.00900076
-0.00659039
-0.000432519
0.00802001
0.016153
0.0210419
0.0216549
0.0225407
-0.00799409
-0.0103203
-0.0109259
-0.0114474
-0.0128149
-0.015791
-0.020402
-0.0255325
-0.0292923
-0.0298631
-0.0264631
-0.0198843
-0.0126311
-0.00760423
-0.0059879
-0.00529889
-0.0292647
-0.0288153
-0.0277614
-0.0271251
-0.0277483
-0.030413
-0.0354356
-0.0420782
-0.0484524
-0.0521771
-0.0516135
-0.0468544
-0.0400598
-0.0343435
-0.0313629
-0.029892
-0.0450735
-0.04305
-0.0408536
-0.0392356
-0.0389391
-0.0409546
-0.0461149
-0.0540527
-0.0628827
-0.0696987
-0.071911
-0.0688054
-0.0622106
-0.0555736
-0.0512169
-0.048529
-0.0540011
-0.0511028
-0.0476077
-0.044674
-0.0430764
-0.0441244
-0.0491467
-0.0581297
-0.0690907
-0.0786479
-0.0834887
-0.0820653
-0.0758621
-0.0686306
-0.0633326
-0.0592994
-0.0549546
-0.0514829
-0.0463329
-0.0415701
-0.0382736
-0.0380934
-0.0427083
-0.0522768
-0.0647185
-0.0763526
-0.0833958
-0.0837624
-0.07859
-0.0716733
-0.0662659
-0.0609646
-0.0478703
-0.0443592
-0.0374069
-0.0305484
-0.0252994
-0.0236419
-0.0274327
-0.0368365
-0.0497004
-0.062282
-0.0707179
-0.0728099
-0.0693561
-0.063894
-0.0594911
-0.0535518
-0.0336599
-0.0310686
-0.0231518
-0.0146093
-0.00748644
-0.00415252
-0.00661003
-0.0148926
-0.0268364
-0.0389027
-0.0475686
-0.0508736
-0.0494411
-0.046227
-0.0437775
-0.038419
-0.0137798
-0.0135619
-0.00640096
0.00259961
0.0109174
0.0157159
0.0148788
0.00853014
-0.00122083
-0.011296
-0.0188502
-0.0224215
-0.0225743
-0.0215378
-0.0213333
-0.0175591
0.00968326
0.00570261
0.00974888
0.0170384
0.0251513
0.0308523
0.0317851
0.027987
0.0214033
0.0145147
0.00936737
0.00682
0.00629729
0.00625035
0.00474946
0.00695776
0.0337343
0.0238275
0.0223096
0.0252783
0.0314948
0.0377368
0.0406956
0.039876
0.0369299
0.0339393
0.0323073
0.0322811
0.0331415
0.0333856
0.0312512
0.0327416
0.0569791
0.0454036
0.0442881
0.0474295
0.051827
0.0537155
0.051448
0.0477035
0.0453744
0.0460628
0.0494119
0.0538701
0.0576278
0.0587792
0.055859
0.0573178
0.0742666
0.0557869
0.0529654
0.0512524
0.0496409
0.0468258
0.0427037
0.039403
0.0390839
0.0424668
0.0487378
0.056165
0.063103
0.0671591
0.0654398
0.0762548
0.0716295
0.0478018
0.0397271
0.0333468
0.0300905
0.029161
0.0286813
0.0290023
0.0317724
0.037938
0.0468723
0.0566999
0.0653511
0.069904
0.0671948
0.0773148
0.059654
0.0380379
0.0321963
0.0283882
0.0263324
0.0247029
0.0225712
0.0214038
0.0234712
0.0297823
0.039465
0.0501352
0.0591221
0.0630684
0.0594219
0.0673413
0.038814
0.0227676
0.0195718
0.0186081
0.0182103
0.0167026
0.0137303
0.0112286
0.0118017
0.0167039
0.0253021
0.0352197
0.0434082
0.0464665
0.0426887
0.046637
0.0142257
0.00503379
0.00451379
0.00588605
0.00676582
0.00540144
0.00177772
-0.00208181
-0.00357194
-0.00100153
0.00547888
0.0138092
0.0209149
0.0234135
0.0203216
0.0206267
-0.00874848
-0.0120865
-0.0104129
-0.00766149
-0.0062686
-0.00775461
-0.0120776
-0.017459
-0.0212724
-0.0214701
-0.0174972
-0.0108882
-0.00461215
-0.00188208
-0.00358633
-0.00486527
-0.0271043
-0.0268923
-0.0240291
-0.0208446
-0.0192958
-0.0207728
-0.0255285
-0.0322157
-0.0383584
-0.04141
-0.0400613
-0.0350451
-0.0290594
-0.0253601
-0.0251961
-0.0259553
-0.0395927
-0.0377612
-0.0344728
-0.0311532
-0.0292727
-0.0303225
-0.0350877
-0.0427921
-0.051069
-0.0568994
-0.0581773
-0.0547146
-0.0487751
-0.043746
-0.0415477
-0.0407159
-0.0453282
-0.0428419
-0.0393063
-0.0355958
-0.032972
-0.03316
-0.0375589
-0.0459215
-0.0559961
-0.06441
-0.0682572
-0.0665252
-0.0608883
-0.054747
-0.0508164
-0.0480898
-0.0437369
-0.0411633
-0.0370069
-0.0324815
-0.0287374
-0.0277617
-0.0314584
-0.0399925
-0.0512647
-0.0617284
-0.0679357
-0.0681944
-0.0635365
-0.0571773
-0.0520729
-0.0475187
-0.0351075
-0.0329317
-0.0280025
-0.0224706
-0.0174639
-0.0151748
-0.0178207
-0.0258593
-0.037394
-0.0489497
-0.0569055
-0.0591735
-0.0561746
-0.0506568
-0.0455413
-0.0393851
-0.0206199
-0.0198415
-0.0145395
-0.0083151
-0.00225786
0.00132185
3.38116e-05
-0.00675592
-0.0173813
-0.0286857
-0.0373113
-0.0410879
-0.0399862
-0.0361396
-0.0321438
-0.024982
-0.00188475
-0.00390369
0.000732026
0.00676795
0.0132072
0.017717
0.0177412
0.0127449
0.00415043
-0.00543266
-0.0132507
-0.0174259
-0.0176982
-0.0156373
-0.0134639
-0.00593337
0.0193361
0.0126392
0.0149561
0.0191549
0.0247835
0.0295726
0.0308724
0.0280734
0.0224296
0.0159449
0.0105685
0.00759208
0.00723396
0.00823029
0.00846743
0.0161923
0.0403395
0.0267963
0.0249378
0.0254789
0.0292526
0.0342433
0.0369985
0.0366465
0.0344488
0.0320436
0.0306076
0.03059
0.0317917
0.0327865
0.031228
0.0394149
0.0599289
0.0427493
0.0427147
0.045573
0.0493188
0.0504964
0.0476925
0.0436572
0.0415667
0.0425589
0.0460043
0.0504286
0.054397
0.0558102
0.0523221
0.0615727
0.0624897
0.0388585
0.0376346
0.0363234
0.0349914
0.0327278
0.0292782
0.0267528
0.027215
0.0311316
0.0374538
0.0445144
0.0509888
0.0542883
0.0506985
0.067212
0.0590652
0.0292753
0.0240005
0.0195838
0.017651
0.0174053
0.0169232
0.0171677
0.0202205
0.0269385
0.036252
0.046027
0.0541365
0.0573481
0.0514527
0.0668876
0.0485831
0.020287
0.0167332
0.0156127
0.0160571
0.0159982
0.0142216
0.0129083
0.0150412
0.021759
0.0319252
0.0425902
0.0510301
0.0534737
0.0462515
0.0581505
0.0313329
0.00940429
0.00782167
0.00973144
0.0122392
0.0125566
0.0101035
0.00720968
0.00780439
0.01304
0.0221931
0.0324081
0.0402687
0.0419176
0.0348153
0.0406248
0.0114908
-0.00171436
-0.00111456
0.00291451
0.00643843
0.00662109
0.00327495
-0.000908076
-0.00249218
0.000475176
0.00768552
0.0165936
0.023588
0.0248983
0.0190454
0.0191196
-0.00637054
-0.0119006
-0.0093556
-0.00429279
-0.000850822
-0.0012371
-0.00545907
-0.0111041
-0.01492
-0.0145733
-0.00975308
-0.00244709
0.00382103
0.00549408
0.00154061
-0.00122252
-0.0201002
-0.0208494
-0.0170462
-0.01206
-0.00891399
-0.00959209
-0.0142551
-0.0210167
-0.0269166
-0.0292834
-0.0270588
-0.021475
-0.0156802
-0.0131002
-0.0148427
-0.0173437
-0.0289466
-0.0274875
-0.0232584
-0.0185087
-0.0152659
-0.0155643
-0.0200033
-0.0274288
-0.0351695
-0.0402402
-0.0407923
-0.037133
-0.0317918
-0.0280787
-0.0275382
-0.0281146
-0.0323933
-0.030093
-0.0258148
-0.0209649
-0.0171863
-0.0164506
-0.0201204
-0.0277518
-0.0370084
-0.0446608
-0.0481068
-0.0466807
-0.042105
-0.0374516
-0.0347966
-0.033118
-0.0301142
-0.0275771
-0.0233142
-0.0181622
-0.0134353
-0.0113302
-0.013849
-0.0212111
-0.0314518
-0.041269
-0.0474463
-0.0484763
-0.0451809
-0.0401925
-0.0359141
-0.0321647
-0.0224959
-0.020298
-0.0160983
-0.0106812
-0.00503958
-0.00153246
-0.00267277
-0.00922336
-0.0196177
-0.0306671
-0.0389703
-0.0423125
-0.0407049
-0.0361802
-0.0311857
-0.0256163
-0.0106649
-0.0099179
-0.00607038
-0.000777013
0.00538952
0.0100238
0.0103124
0.00511723
-0.00438519
-0.0153738
-0.0245612
-0.0294882
-0.0295379
-0.0261305
-0.0215218
-0.0143755
0.00411795
0.00176509
0.00470269
0.00916372
0.0150747
0.0202549
0.0216882
0.0181788
0.0105956
0.00120878
-0.00722039
-0.0124116
-0.0134435
-0.0113081
-0.00804821
0.000525276
0.0205663
0.0129435
0.0141082
0.0166094
0.0211705
0.0261271
0.0284222
0.0267817
0.0219477
0.0156419
0.00979077
0.0060789
0.00533488
0.00665655
0.00786637
0.0180982
0.0365425
0.0210807
0.0196232
0.0191632
0.0218955
0.0265404
0.0294686
0.0295857
0.0279585
0.0258384
0.0242509
0.0238309
0.024811
0.025953
0.0245102
0.0368477
0.051599
0.029621
0.0305216
0.0334952
0.0375783
0.0393102
0.0369396
0.0334072
0.0318681
0.0331841
0.0365337
0.0405728
0.0442161
0.0452127
0.0405832
0.0557521
0.0374851
0.0107879
0.00952436
0.00866949
0.00907862
0.0094046
0.00842195
0.00792233
0.0098269
0.0145098
0.0208177
0.0271362
0.0323544
0.0339416
0.0282582
0.0457748
0.0349268
0.00194171
-0.00203761
-0.00462187
-0.00438474
-0.00287237
-0.0024471
-0.00170251
0.00183746
0.00894753
0.0182901
0.0275076
0.0347169
0.0365644
0.0285161
0.0456451
0.0287145
-0.00375768
-0.00707054
-0.00670062
-0.00388252
-0.00191351
-0.00268062
-0.00353588
-0.000961224
0.00634062
0.0169235
0.0276686
0.0357218
0.0371612
0.027786
0.0407025
0.0188573
-0.00733656
-0.00956197
-0.0066645
-0.00217444
-0.000232351
-0.00207332
-0.00457769
-0.00378003
0.00225409
0.0123912
0.0233688
0.0315803
0.0328686
0.0240934
0.0299086
0.0078339
-0.00887934
-0.00935218
-0.0048484
-6.51718e-05
0.001001
-0.00223307
-0.0065036
-0.00788615
-0.00409781
0.00439432
0.0146312
0.0226131
0.0241971
0.0173706
0.0167117
-0.0017326
-0.00971206
-0.00811556
-0.0029393
0.00113137
0.000979234
-0.00348163
-0.00938215
-0.0130284
-0.0118813
-0.00575291
0.00298613
0.0104062
0.0126179
0.0081724
0.00438068
-0.00897796
-0.0113448
-0.00795483
-0.00271382
0.00075042
6.34049e-05
-0.00484175
-0.0117459
-0.0173896
-0.0190409
-0.0157987
-0.00920588
-0.00269979
0.000106015
-0.00204361
-0.00537679
-0.0139188
-0.0133419
-0.00886715
-0.00340204
0.000189539
9.62535e-05
-0.0042448
-0.0114403
-0.0187346
-0.0232363
-0.023285
-0.0194152
-0.0142597
-0.0110733
-0.0112688
-0.0122684
-0.0161197
-0.0142358
-0.00916018
-0.00332308
0.00130382
0.00273082
-0.000266909
-0.00716903
-0.015739
-0.0229726
-0.0264905
-0.0257387
-0.0223519
-0.0190933
-0.0176326
-0.0161831
-0.0152448
-0.0127028
-0.0075026
-0.00119261
0.00475471
0.00808513
0.00682616
0.000671793
-0.00865828
-0.0181397
-0.0248668
-0.0272441
-0.0258703
-0.0228783
-0.0201174
-0.0168894
-0.011375
-0.00881924
-0.00402333
0.00245004
0.00948163
0.0145824
0.0151244
0.0101173
0.000784043
-0.010021
-0.0190506
-0.0240201
-0.024581
-0.0221813
-0.0186864
-0.0143207
-0.00511927
-0.00374046
8.63736e-05
0.00606761
0.0135344
0.0198846
0.0220241
0.0185041
0.0101197
-0.000623684
-0.0105367
-0.0169992
-0.0190052
-0.017406
-0.0139071
-0.0087073
0.0029653
0.00131522
0.00368615
0.00838248
0.0153439
0.0221616
0.0254096
0.0235267
0.0170225
0.00789318
-0.00113835
-0.00756553
-0.0101004
-0.0092705
-0.00661375
-0.000253422
0.0123716
0.00522816
0.00577919
0.00835236
0.0137748
0.0201585
0.0239749
0.0236941
0.0197823
0.0136859
0.00733506
0.00266234
0.000830283
0.00123113
0.0021548
0.0107183
0.0213918
0.00636681
0.00521295
0.00536201
0.00890878
0.0145337
0.018313
0.0191672
0.0180326
0.0159794
0.0138962
0.0126324
0.0127385
0.0130585
0.0112333
0.023078
0.0306637
0.00730449
0.00784044
0.0109026
0.016259
0.0200281
0.0195937
0.0175614
0.0169941
0.0186467
0.0216101
0.0246869
0.0271342
0.0269295
0.0212203
0.0370196
0.00377143
-0.0232624
-0.0262503
-0.0269157
-0.0240934
-0.0200257
-0.0173541
-0.0150684
-0.0113232
-0.00580904
0.000342854
0.00564426
0.0091627
0.0086616
0.00137686
0.0153189
0.00299477
-0.0297339
-0.0345654
-0.0360261
-0.0333296
-0.0292543
-0.0269232
-0.0249527
-0.0206639
-0.0133058
-0.00430122
0.00413947
0.0103387
0.0110955
0.00246705
0.0166773
0.00272392
-0.0300464
-0.0353466
-0.0351245
-0.0307103
-0.0266008
-0.0256341
-0.025263
-0.0217288
-0.0136423
-0.00263669
0.00812089
0.0158547
0.0168055
0.00717902
0.0170542
0.00256331
-0.024564
-0.0294535
-0.0277173
-0.0227103
-0.0196114
-0.02044
-0.0220809
-0.0203026
-0.0131068
-0.00165341
0.0102591
0.0191459
0.0208306
0.0122723
0.0154698
0.00317527
-0.0151524
-0.0184396
-0.0157363
-0.01134
-0.0101931
-0.0132386
-0.0172167
-0.0178711
-0.0128088
-0.0026326
0.00935492
0.0188976
0.0217013
0.0155642
0.0131282
0.00426117
-0.00559479
-0.00645074
-0.00295897
3.93137e-05
-0.000718421
-0.00554179
-0.0114764
-0.0146465
-0.0124121
-0.00467645
0.00593663
0.015199
0.0189924
0.015476
0.0108752
0.00485735
0.000794326
0.00246546
0.00643232
0.00897044
0.00761078
0.00229935
-0.00465444
-0.00995098
-0.0108734
-0.00655229
0.00135157
0.00922498
0.0132557
0.0118747
0.00853058
0.0042348
0.00336318
0.00724659
0.0122112
0.0154803
0.0151322
0.0107633
0.00379392
-0.00313906
-0.0072746
-0.00699149
-0.00280874
0.00265312
0.00610939
0.00603891
0.00556158
0.00260381
0.00348365
0.00902152
0.0153379
0.0203499
0.0221745
0.0197289
0.0134819
0.00542148
-0.00169883
-0.00556839
-0.00554441
-0.0030775
-0.000755951
-8.45557e-05
0.00197145
0.000653261
0.00269487
0.00906728
0.0165976
0.0236123
0.0279673
0.0277995
0.0227124
0.0141087
0.00466651
-0.00280005
-0.00662662
-0.00712088
-0.0060778
-0.00497299
-0.00163144
-0.00108408
0.00148062
0.00765707
0.0157257
0.0242723
0.0308138
0.032794
0.029134
0.0207408
0.0100964
0.000272304
-0.00637602
-0.00921646
-0.00928589
-0.00797408
-0.00451308
-0.00238765
-0.000555121
0.00441388
0.0120362
0.0211942
0.0291714
0.0328861
0.0308246
0.0235175
0.0131224
0.00262092
-0.00533321
-0.00950913
-0.0103726
-0.00916095
-0.00609787
-0.00292395
-0.00370741
-0.000704391
0.00549285
0.0141615
0.0226671
0.0275172
0.0270878
0.0216936
0.0130526
0.00369467
-0.00387287
-0.00821181
-0.00951971
-0.00892463
-0.00579478
-0.00277837
-0.00822765
-0.00732712
-0.00326763
0.00384736
0.0119008
0.0172502
0.0182593
0.0153198
0.00966245
0.00306321
-0.00252459
-0.00582357
-0.00716978
-0.00786176
-0.00273154
-0.00144353
-0.0143032
-0.0151173
-0.0133686
-0.00793704
-0.00084561
0.00413609
0.00592717
0.00536733
0.00338157
0.000774312
-0.0014949
-0.00271956
-0.00374253
-0.00636357
0.00185981
0.00135688
-0.0198915
-0.0206377
-0.0178533
-0.0112321
-0.00492783
-0.00252838
-0.00228052
-0.00146378
0.000639627
0.00313547
0.00496206
0.0056289
0.00367735
-0.00273299
0.00918341
-0.0305391
-0.0550404
-0.0606108
-0.061543
-0.0568923
-0.0496464
-0.0435605
-0.038521
-0.0329447
-0.0265925
-0.020567
-0.0161915
-0.0142306
-0.0163593
-0.0241267
-0.0165861
-0.0299792
-0.0595814
-0.0668272
-0.0679451
-0.0630456
-0.0562753
-0.0515389
-0.0478825
-0.0426631
-0.0351144
-0.0265746
-0.0188966
-0.0135581
-0.0133941
-0.0213018
-0.013854
-0.0236242
-0.0532595
-0.0616641
-0.0627292
-0.0577165
-0.051851
-0.0488513
-0.0468075
-0.0420599
-0.033263
-0.0220418
-0.0114054
-0.00399322
-0.00306856
-0.0113832
-0.00762789
-0.0134626
-0.0385179
-0.0467272
-0.0473766
-0.043175
-0.0395341
-0.0392085
-0.0396149
-0.0366037
-0.0282412
-0.0159819
-0.0031428
0.00629204
0.00868937
0.00169603
0.000473313
-0.00102165
-0.0188464
-0.0252557
-0.0252904
-0.0226136
-0.0219354
-0.0247121
-0.0280558
-0.0277628
-0.0214451
-0.00986915
0.00355834
0.0144095
0.0185987
0.014092
0.00939665
0.0108437
0.000121996
-0.00339272
-0.00257473
-0.00130299
-0.00294877
-0.00799742
-0.013712
-0.0163185
-0.0130976
-0.00405751
0.00809081
0.0189664
0.0244087
0.0223843
0.0173596
0.0191861
0.0136493
0.01345
0.0155443
0.0167123
0.0145914
0.00904377
0.00221223
-0.0027458
-0.00322984
0.00180313
0.0107309
0.0198625
0.0252386
0.0250247
0.0223055
0.0224417
0.0201608
0.0232136
0.0273383
0.0300044
0.0294049
0.0251333
0.0184414
0.0117158
0.0075956
0.0078469
0.0121641
0.0180021
0.0220083
0.0224474
0.0229414
0.0208599
0.0208086
0.0265905
0.0331172
0.0383334
0.0404877
0.0385539
0.0328596
0.0250826
0.0177625
0.0132882
0.0125814
0.0144103
0.0162252
0.0165176
0.0193889
0.0156933
0.0173711
0.0248344
0.0333926
0.0412231
0.0463061
0.0469232
0.0426258
0.0345112
0.0249389
0.0166879
0.0116297
0.00971845
0.00931937
0.00915638
0.0128093
0.00816915
0.0108403
0.0185771
0.0281526
0.0378396
0.0452475
0.0480657
0.0453009
0.0376293
0.0271585
0.016764
0.00887012
0.00430567
0.00224268
0.00162654
0.00460762
-0.000729194
0.00163946
0.00821582
0.0174972
0.0278895
0.0366984
0.0411698
0.0399987
0.0335869
0.0237343
0.0131019
0.00424156
-0.00154599
-0.0045223
-0.00553327
-0.00394061
-0.0099383
-0.00967854
-0.00531979
0.00248422
0.0124105
0.02171
0.0272988
0.0277443
0.0233382
0.0155051
0.00640502
-0.00167803
-0.00735021
-0.0106029
-0.0120907
-0.0115344
-0.0184789
-0.0223843
-0.0206149
-0.014988
-0.00643315
0.00259885
0.00881587
0.0106015
0.00861762
0.00376385
-0.00250275
-0.00844689
-0.012875
-0.0158716
-0.0180655
-0.0170567
-0.0253259
-0.035383
-0.0358338
-0.0327491
-0.0254367
-0.0171589
-0.0113579
-0.00863091
-0.00848757
-0.0101001
-0.0127999
-0.0156593
-0.017971
-0.0203003
-0.0236025
-0.0202054
-0.0281996
-0.0448189
-0.046795
-0.04479
-0.0380251
-0.0302348
-0.0254686
-0.0230473
-0.0207673
-0.0180471
-0.0158228
-0.0150775
-0.0160663
-0.0194638
-0.0257868
-0.0194907
-0.056286
-0.0765674
-0.0841596
-0.0862336
-0.0817809
-0.073643
-0.0655799
-0.0582541
-0.0509008
-0.0436027
-0.037551
-0.0337923
-0.0327707
-0.0354467
-0.0423784
-0.0416529
-0.0564451
-0.0815719
-0.0915586
-0.0931041
-0.0868628
-0.078147
-0.0713728
-0.0659148
-0.0594296
-0.0514921
-0.0433831
-0.0364492
-0.0318266
-0.0318131
-0.0384309
-0.0390139
-0.0438569
-0.0685402
-0.0795303
-0.0820768
-0.0772757
-0.0706359
-0.0662994
-0.0628601
-0.0569348
-0.0475128
-0.0364289
-0.0263555
-0.0194866
-0.0183519
-0.0247246
-0.0274832
-0.0249171
-0.0461086
-0.0565555
-0.0593849
-0.0565281
-0.0530829
-0.0521951
-0.0517323
-0.0477444
-0.038548
-0.0258764
-0.0131957
-0.00389902
-0.000953012
-0.0059509
-0.0111474
-0.00304636
-0.0189654
-0.0272432
-0.0296235
-0.0287058
-0.0286684
-0.0313382
-0.0342613
-0.0333161
-0.0262475
-0.0140542
-0.000293891
0.0108392
0.0157964
0.0129796
0.00693243
0.0169287
0.00640624
0.00140463
0.000167229
-3.50345e-05
-0.0022321
-0.00723606
-0.0126945
-0.0149492
-0.0113639
-0.00189465
0.010673
0.0220466
0.0282562
0.0275451
0.0229029
0.030782
0.0246116
0.0233718
0.0241501
0.024483
0.0222508
0.0170206
0.0105238
0.00565634
0.00512167
0.010083
0.0190989
0.0285649
0.0344888
0.0350772
0.033355
0.036493
0.033651
0.0362654
0.0399279
0.0424914
0.042277
0.038664
0.0325219
0.0258934
0.0213693
0.0210129
0.0248842
0.0306071
0.0346805
0.0353917
0.0366055
0.0346618
0.034544
0.0405636
0.0473826
0.0530281
0.0558331
0.0547039
0.0497142
0.0421738
0.0344314
0.0291161
0.0275609
0.0287656
0.0301022
0.030083
0.033111
0.0271214
0.0291769
0.0374637
0.0468194
0.0552904
0.0609327
0.0621699
0.0585337
0.0508403
0.0411464
0.0322884
0.0263985
0.0236095
0.0222679
0.0212326
0.0245689
0.0156302
0.0188864
0.0278122
0.0383945
0.0486237
0.0562146
0.0592104
0.0568656
0.0497524
0.0396606
0.0292579
0.0209675
0.0156272
0.0123935
0.0104684
0.0128006
0.00143806
0.00447525
0.0123547
0.0226325
0.033334
0.0418848
0.046068
0.0450306
0.0392541
0.0302638
0.0203277
0.0116953
0.00545755
0.00130833
-0.0012629
-0.000679046
-0.0141432
-0.0130243
-0.00751083
0.00116189
0.0112275
0.0200247
0.025134
0.0256055
0.0219168
0.0152741
0.00735845
-4.2284e-05
-0.00588875
-0.0102057
-0.0132747
-0.0143395
-0.0297848
-0.0323839
-0.029957
-0.023563
-0.0146827
-0.00595926
2.02195e-05
0.00205632
0.000873677
-0.00275828
-0.00781317
-0.013036
-0.0175825
-0.021497
-0.0250299
-0.0267779
-0.0436187
-0.0513443
-0.0520038
-0.0478733
-0.0400212
-0.0314992
-0.0252919
-0.0219728
-0.0210236
-0.0217798
-0.0238254
-0.0264116
-0.0289941
-0.031998
-0.0360412
-0.0368322
-0.0493493
-0.0606273
-0.0632962
-0.0623729
-0.0571502
-0.050056
-0.0445347
-0.0408255
-0.0373026
-0.0337856
-0.0314541
-0.0312357
-0.0331093
-0.0369564
-0.0423876
-0.0409123
-0.0655357
-0.0807159
-0.088724
-0.0922214
-0.090276
-0.0845179
-0.0771155
-0.0688661
-0.0602783
-0.0525425
-0.0467676
-0.043451
-0.0426308
-0.0446909
-0.0499259
-0.0531166
-0.0694258
-0.090202
-0.101801
-0.104818
-0.0996487
-0.0911316
-0.0831132
-0.0753199
-0.0667838
-0.0582987
-0.0508776
-0.044994
-0.0411303
-0.0410908
-0.0463862
-0.0523586
-0.0524165
-0.072355
-0.0842166
-0.0883176
-0.0853991
-0.0799449
-0.075279
-0.0701918
-0.0624638
-0.0524185
-0.0421501
-0.0334605
-0.0276114
-0.0263417
-0.0309168
-0.0371572
-0.0283622
-0.0458436
-0.0567667
-0.0613545
-0.0607918
-0.058814
-0.0578241
-0.0560486
-0.0504502
-0.040518
-0.0285287
-0.0172795
-0.00915837
-0.00618834
-0.00949853
-0.0158139
-0.00204413
-0.0158264
-0.0245013
-0.0286243
-0.02974
-0.0307028
-0.0329352
-0.0345111
-0.0321571
-0.0244144
-0.012768
-0.000397144
0.00946104
0.0141449
0.012497
0.00717813
0.0213993
0.0116525
0.00624385
0.00361967
0.00214119
-0.000221576
-0.00421584
-0.00819716
-0.00927279
-0.005325
0.00350133
0.0146532
0.0247599
0.0303735
0.0302391
0.0270429
0.0371818
0.031284
0.0298238
0.0298608
0.0298102
0.0281698
0.0243921
0.01949
0.0156076
0.0150741
0.0191338
0.0266873
0.034922
0.0399797
0.0405845
0.0398855
0.043622
0.0412929
0.0438941
0.0474825
0.050334
0.0510854
0.049007
0.044418
0.0386773
0.0339809
0.0325962
0.0350584
0.0395165
0.0426361
0.0429704
0.0442423
0.041651
0.0424669
0.0487741
0.0559399
0.0621312
0.0657695
0.0658022
0.0620523
0.0553157
0.0475398
0.0414563
0.0388059
0.0390288
0.0394135
0.0387429
0.040977
0.0334888
0.0366589
0.0454875
0.0553619
0.064196
0.070093
0.0717027
0.0686772
0.0616257
0.052193
0.0433193
0.0371579
0.0338806
0.0317591
0.0299108
0.0320707
0.020979
0.0251915
0.0348275
0.0458708
0.056023
0.0630519
0.0654367
0.0628919
0.0561436
0.0468005
0.0372705
0.0297113
0.0246153
0.0209099
0.0180984
0.0193174
0.00508671
0.00881268
0.0174871
0.0280411
0.0382137
0.0454135
0.0481225
0.0461662
0.0404706
0.0325822
0.0243551
0.0173852
0.0120686
0.00774783
0.00426352
0.00395816
-0.0132251
-0.011532
-0.00528307
0.00348457
0.012647
0.019697
0.0229115
0.0221884
0.0184695
0.0131274
0.00735872
0.00208176
-0.00252246
-0.00683044
-0.0107797
-0.0127307
-0.0328537
-0.034767
-0.0320002
-0.0257526
-0.0176711
-0.0104987
-0.00624628
-0.00487393
-0.00583248
-0.00820423
-0.0112746
-0.0145593
-0.0179767
-0.0218342
-0.0261181
-0.0294331
-0.0512785
-0.05764
-0.0586317
-0.0547043
-0.0475833
-0.0399983
-0.0343177
-0.0309953
-0.0293125
-0.0290809
-0.029911
-0.0313386
-0.0332429
-0.0361616
-0.0404962
-0.0443741
-0.0558333
-0.062305
-0.0641393
-0.0635731
-0.0608329
-0.0571291
-0.0538105
-0.0506396
-0.0469163
-0.0429781
-0.0404712
-0.0402278
-0.0419991
-0.0452168
-0.0491537
-0.0499737
-0.0542422
-0.0636303
-0.0656268
-0.0633683
-0.0591936
-0.0558251
-0.0543983
-0.0538321
-0.0524122
-0.0496728
-0.0456916
-0.0417781
-0.0391147
-0.0390262
-0.0428867
-0.0458602
-0.063847
-0.0812051
-0.0892206
-0.0891668
-0.0824119
-0.0732332
-0.0652528
-0.0594258
-0.0552306
-0.0512919
-0.0467948
-0.0414381
-0.0367831
-0.0360228
-0.0404712
-0.0473521
-0.0454183
-0.0629818
-0.0720203
-0.0737374
-0.0693974
-0.0627943
-0.0569978
-0.0523092
-0.0478533
-0.0428202
-0.0367
-0.0297373
-0.023599
-0.0212807
-0.0246885
-0.0306586
-0.0208921
-0.0375342
-0.0470082
-0.0504729
-0.048908
-0.0451738
-0.041567
-0.0380914
-0.0338861
-0.0283819
-0.0212695
-0.0130474
-0.00546425
-0.00158577
-0.00357982
-0.00834927
0.004731
-0.00958953
-0.0183093
-0.0226508
-0.0232676
-0.0220114
-0.0203963
-0.0183162
-0.0150977
-0.0103002
-0.00359159
0.00477704
0.0130062
0.0180075
0.0175371
0.014443
0.0268606
0.0161951
0.00983557
0.00614256
0.00470908
0.0044937
0.00464179
0.00524589
0.00676565
0.0095915
0.0142793
0.0211394
0.0284745
0.0336317
0.0343295
0.0332355
0.0415115
0.0354877
0.0329279
0.0317167
0.0313668
0.0312228
0.0307736
0.0300603
0.0294083
0.029273
0.0305307
0.0340715
0.0390473
0.0430444
0.0440701
0.0447396
0.0473351
0.0461212
0.0483717
0.0511052
0.0534858
0.0547594
0.0544517
0.052579
0.0495334
0.046011
0.0432738
0.0427548
0.0442598
0.0459987
0.046403
0.0481502
0.0454552
0.0483853
0.0551133
0.0621253
0.0678473
0.0710758
0.0711582
0.0682106
0.0628935
0.0563161
0.0501229
0.0460862
0.044279
0.0434703
0.042684
0.044733
0.0379785
0.0434124
0.053083
0.0632005
0.0715204
0.0762677
0.0765733
0.0726818
0.0656625
0.0572083
0.0490461
0.0430316
0.0392909
0.0366783
0.034749
0.0364473
0.026422
0.0322724
0.0427074
0.0539859
0.0633918
0.068683
0.0688161
0.0642527
0.0565316
0.0476912
0.0397381
0.0338819
0.0298821
0.0265898
0.0238683
0.0246616
0.011352
0.0158347
0.0251627
0.0358495
0.0449543
0.0499623
0.0497487
0.0450465
0.0378416
0.0303505
0.024269
0.0200884
0.0170379
0.0138461
0.0105664
0.0100199
-0.0066885
-0.00480022
0.0022346
0.0113286
0.0194688
0.0240695
0.023896
0.0199093
0.0143427
0.00932601
0.00592579
0.0039016
0.00206195
-0.000800013
-0.00459111
-0.00665984
-0.0269916
-0.0286949
-0.024627
-0.017296
-0.0100128
-0.00509334
-0.00410067
-0.00623355
-0.00940762
-0.0117944
-0.0127775
-0.0129905
-0.0137392
-0.0162593
-0.020607
-0.0242606
-0.0465897
-0.0520171
-0.0508475
-0.0455532
-0.0384198
-0.032419
-0.0295261
-0.0293751
-0.0302914
-0.0307814
-0.030342
-0.0293947
-0.0291425
-0.031091
-0.0357477
-0.0406096
-0.0463241
-0.0490308
-0.0464361
-0.0419093
-0.0380071
-0.0371009
-0.0395
-0.0427398
-0.0440622
-0.0430575
-0.0409129
-0.0393185
-0.0391265
-0.040659
-0.0435639
-0.0444494
)
;

boundaryField
{
    patch0_half0
    {
        type            cyclic;
    }
    patch0_half1
    {
        type            cyclic;
    }
    patch1_half0
    {
        type            cyclic;
    }
    patch1_half1
    {
        type            cyclic;
    }
    patch2_half0
    {
        type            cyclic;
    }
    patch2_half1
    {
        type            cyclic;
    }
}


// ************************************************************************* //
