/*--------------------------------*- C++ -*----------------------------------*\
| =========                 |                                                 |
| \\      /  F ield         | OpenFOAM: The Open Source CFD Toolbox           |
|  \\    /   O peration     | Version:  3.0.0                                 |
|   \\  /    A nd           | Web:      www.OpenFOAM.org                      |
|    \\/     M anipulation  |                                                 |
\*---------------------------------------------------------------------------*/
FoamFile
{
    version     2.0;
    format      ascii;
    class       volScalarField;
    location    "4.25";
    object      p;
}
// * * * * * * * * * * * * * * * * * * * * * * * * * * * * * * * * * * * * * //

dimensions      [0 2 -2 0 0 0 0];

internalField   nonuniform List<scalar> 
4096
(
-0.00372404
-0.0164885
-0.0262325
-0.0294046
-0.0230064
-0.00739614
0.0117339
0.0271853
0.0353675
0.0369396
0.0345142
0.0304044
0.0255097
0.0199252
0.0127072
0.00347388
-0.0133716
-0.0223055
-0.0271192
-0.025803
-0.0181617
-0.00619333
0.00519361
0.0126818
0.0154953
0.0150102
0.0131384
0.011038
0.00881382
0.00561112
0.000276371
-0.0073071
-0.00324453
-0.00819381
-0.011609
-0.0114639
-0.00687456
0.000256734
0.00608449
0.00709273
0.00324202
-0.00248351
-0.00667694
-0.00761123
-0.0057005
-0.00282955
-0.00123409
-0.00193627
0.00691973
0.00615984
0.00469368
0.0040497
0.0048507
0.00627373
0.0051229
-0.00101389
-0.0110006
-0.0207352
-0.026089
-0.0252587
-0.0191594
-0.0104984
-0.00233727
0.00368618
0.0159368
0.0189117
0.0192542
0.0178478
0.0153858
0.0112248
0.00341167
-0.00905472
-0.0239175
-0.0363451
-0.0419706
-0.0391845
-0.0294344
-0.0160673
-0.00257529
0.00898821
0.0229086
0.0286114
0.0303003
0.0282991
0.0231369
0.0145825
0.00188891
-0.0147136
-0.0323047
-0.0458336
-0.0510866
-0.0466888
-0.0345363
-0.018258
-0.00145717
0.0136972
0.0265113
0.0335577
0.0359258
0.0335697
0.0267777
0.015664
0.000557171
-0.0173787
-0.0350705
-0.0480079
-0.0519491
-0.0464854
-0.0336294
-0.0168327
0.000585676
0.0165573
0.0259567
0.0328066
0.0351882
0.0328445
0.025748
0.0141427
-0.000971762
-0.0176759
-0.0328596
-0.042876
-0.0449969
-0.0390495
-0.0270985
-0.0122846
0.00296169
0.0172194
0.021714
0.0264398
0.0283991
0.0264374
0.0202737
0.0102111
-0.00253086
-0.0157173
-0.0266036
-0.032656
-0.0324641
-0.0264846
-0.0167444
-0.00568675
0.00515995
0.0157009
0.0147178
0.0160527
0.0170399
0.0156467
0.0114382
0.00455309
-0.00393086
-0.0120229
-0.0176043
-0.0192801
-0.0168273
-0.0112811
-0.00446916
0.00180773
0.00696305
0.0126919
0.00654859
0.00363972
0.00315381
0.00229916
0.000657189
-0.00184153
-0.004712
-0.00674409
-0.00670605
-0.00424043
-1.79871e-05
0.00457858
0.00804703
0.00930274
0.00847985
0.00906373
-0.00140566
-0.0085368
-0.0109898
-0.0116377
-0.0104976
-0.00791033
-0.0044061
-2.54267e-05
0.00532506
0.0111535
0.0163597
0.0195633
0.0196176
0.0161637
0.00988203
0.00544023
-0.00842465
-0.019243
-0.0238182
-0.0243711
-0.0205505
-0.0127037
-0.00275192
0.00767125
0.0174269
0.0255156
0.030757
0.0320808
0.0289826
0.021625
0.0109768
0.00193454
-0.0148686
-0.0282562
-0.0344788
-0.0346615
-0.0283371
-0.015789
-0.000530018
0.0144579
0.0270642
0.0360727
0.0406076
0.0400987
0.0345342
0.0244113
0.0107029
-0.00221549
-0.0196385
-0.0342742
-0.0413934
-0.0407653
-0.0320229
-0.0163957
0.00166187
0.0182846
0.0312693
0.0396787
0.0430949
0.0413906
0.0347632
0.0236796
0.00894482
-0.00631284
-0.0047123
-0.0200692
-0.0315322
-0.035393
-0.0278215
-0.00880466
0.0142529
0.0323304
0.04153
0.0433515
0.041059
0.0369271
0.0317451
0.0250893
0.0160224
0.0049698
-0.0105897
-0.0238925
-0.0317766
-0.0318772
-0.0228754
-0.00705452
0.0101726
0.0236546
0.0315378
0.0345471
0.0342189
0.0317759
0.0269178
0.0199415
0.0103244
-0.00100108
-0.0211667
-0.0298948
-0.0326137
-0.0287599
-0.0197937
-0.00884876
0.000646002
0.00722609
0.0110448
0.012915
0.0134194
0.0124954
0.00983833
0.00442993
-0.00386363
-0.0139827
-0.0102608
-0.015198
-0.0172094
-0.0152817
-0.00991707
-0.00331989
0.000803884
0.00104219
-0.00160794
-0.00469352
-0.00622838
-0.00574066
-0.00415348
-0.00321587
-0.00430349
-0.00757498
0.0011461
0.000233762
-0.000369992
0.000157304
0.00165104
0.00241629
-0.000125116
-0.00676666
-0.0154329
-0.0225715
-0.0254088
-0.023231
-0.0173474
-0.0102909
-0.0044062
-0.000837808
0.0116943
0.0143454
0.0151841
0.0146079
0.0124941
0.00770802
-0.00122681
-0.0140444
-0.0276958
-0.0378596
-0.0413339
-0.0373925
-0.0277307
-0.0154623
-0.00372163
0.0057139
0.0205899
0.0256649
0.0274079
0.0258306
0.0208339
0.0118137
-0.00173822
-0.0186875
-0.0354552
-0.0473278
-0.0508701
-0.0454796
-0.0331142
-0.0172931
-0.00155882
0.0119049
0.0263348
0.0323756
0.0343023
0.0318998
0.0250947
0.013722
-0.00198313
-0.0201783
-0.0374306
-0.0491942
-0.0521814
-0.0459453
-0.0325402
-0.015509
0.00163409
0.0166219
0.0279797
0.033469
0.0349214
0.0319798
0.0246049
0.0129726
-0.00210724
-0.018714
-0.0337007
-0.0433871
-0.0451933
-0.0388723
-0.0263111
-0.0106576
0.00511031
0.0191063
0.0254792
0.0290075
0.029571
0.0264711
0.0197308
0.0097459
-0.00241605
-0.0149398
-0.0254511
-0.0315486
-0.0317061
-0.0260045
-0.0160257
-0.00392429
0.00809186
0.0190925
0.019502
0.0200843
0.0195678
0.0167334
0.0116863
0.00489601
-0.00266497
-0.00956446
-0.0143945
-0.0161666
-0.0145641
-0.0100264
-0.00354369
0.00341989
0.0100734
0.0169214
0.0112608
0.00829354
0.00664771
0.00449292
0.0020269
-0.00044656
-0.00238924
-0.00304726
-0.0020437
0.00037555
0.00345534
0.00645322
0.00887263
0.0103697
0.0110242
0.0131658
0.00201143
-0.00479415
-0.00755881
-0.0086667
-0.00787494
-0.00532322
-0.00124973
0.00414899
0.0103361
0.0161706
0.0201418
0.0214836
0.0201003
0.0164124
0.0112213
0.00850024
-0.00724408
-0.0175493
-0.0214714
-0.0213492
-0.0169726
-0.00916147
0.000759247
0.0114481
0.0215575
0.0295059
0.033754
0.033512
0.0289959
0.0210121
0.0107328
0.00311157
-0.0164137
-0.0292728
-0.0339731
-0.0323716
-0.0245868
-0.0121687
0.00237279
0.0168087
0.0293222
0.0382912
0.0423747
0.0409156
0.0341682
0.0230148
0.00875744
-0.00341687
-0.0239199
-0.0381028
-0.0431159
-0.0399831
-0.0294765
-0.0142496
0.00226424
0.017741
0.0306864
0.0397462
0.0437012
0.0418527
0.0342995
0.0217372
0.00548881
-0.00991462
-0.0105254
-0.0266771
-0.0367082
-0.0377629
-0.027446
-0.00822715
0.0123462
0.0278687
0.0366856
0.040195
0.0401518
0.0374675
0.0326087
0.0248651
0.013894
0.00150819
-0.0157868
-0.0285682
-0.0340898
-0.0315496
-0.0205624
-0.00416625
0.0120897
0.0240931
0.030942
0.0336096
0.0333094
0.0306531
0.0255176
0.0175935
0.00665147
-0.00473185
-0.0246882
-0.0327413
-0.0338655
-0.0286802
-0.019052
-0.00819503
0.00106478
0.00756197
0.0114732
0.0134664
0.0139582
0.0127861
0.00930344
0.00276444
-0.00676307
-0.0169131
-0.0148871
-0.0194122
-0.0200256
-0.016636
-0.0103313
-0.00371161
0.000260834
0.000501461
-0.00169185
-0.00406366
-0.00502994
-0.00451094
-0.00370229
-0.00424413
-0.00711136
-0.0114584
-0.00344907
-0.00411932
-0.00365292
-0.00189787
0.000394873
0.00130339
-0.00134829
-0.00774427
-0.0155807
-0.0216056
-0.0235582
-0.0211985
-0.0160924
-0.0106183
-0.0066831
-0.00470184
0.00807338
0.0107068
0.0121721
0.0123862
0.0107565
0.00602208
-0.00292061
-0.0152509
-0.0277702
-0.0365573
-0.0389932
-0.0347918
-0.0258286
-0.0150526
-0.00512953
0.00263528
0.0185537
0.0232145
0.0250415
0.0237194
0.0188551
0.00981567
-0.00361711
-0.0199245
-0.0354191
-0.0458023
-0.0482822
-0.0425854
-0.0307749
-0.0161584
-0.00190657
0.0101199
0.0261857
0.031303
0.0327028
0.0299856
0.022998
0.0116368
-0.00367422
-0.0211027
-0.0370791
-0.0474525
-0.0494999
-0.042993
-0.0299604
-0.0137028
0.00246829
0.0164483
0.029648
0.033729
0.0340372
0.0302479
0.0224612
0.0109813
-0.00340865
-0.0189269
-0.0326381
-0.041219
-0.0424029
-0.035998
-0.0236966
-0.00833552
0.00707926
0.0204987
0.0285524
0.0303748
0.0292989
0.0249441
0.0176744
0.00803074
-0.00306395
-0.0141913
-0.02344
-0.0287698
-0.0287767
-0.0233475
-0.0135688
-0.00139028
0.0109178
0.021717
0.0232518
0.0223727
0.0198872
0.0156015
0.0100293
0.00376116
-0.0024777
-0.00782831
-0.0115024
-0.0129028
-0.0116827
-0.00784264
-0.0017594
0.00569223
0.0132676
0.020226
0.0150856
0.0111132
0.00762781
0.00413234
0.00125591
-0.000594552
-0.00120154
-0.00044552
0.00140986
0.00372465
0.00590467
0.00782542
0.00978182
0.011921
0.0139794
0.0166683
0.00536908
-0.00175674
-0.00581205
-0.00787123
-0.00728173
-0.00411375
0.00103513
0.0074201
0.0139307
0.0191167
0.0218004
0.0218071
0.0198898
0.0169037
0.0133246
0.0116333
-0.00473008
-0.0147776
-0.0191166
-0.0193087
-0.0148391
-0.00650951
0.00400988
0.0150237
0.0248469
0.0317468
0.0344587
0.0328259
0.0277602
0.020414
0.0116435
0.00559004
-0.0148321
-0.0270819
-0.0313574
-0.0294529
-0.0212796
-0.008521
0.00614104
0.0202931
0.0320306
0.0397294
0.0422913
0.0395432
0.0322439
0.0214948
0.00850271
-0.0017371
-0.0235146
-0.0369709
-0.0409592
-0.0371328
-0.0261864
-0.0108273
0.0055843
0.0206869
0.0328699
0.0407798
0.04341
0.0404372
0.0322594
0.0197378
0.00416517
-0.00931353
-0.0153751
-0.0311801
-0.0390986
-0.0376092
-0.0251404
-0.00532442
0.0143329
0.0284697
0.0363337
0.0395071
0.0394475
0.0367613
0.0314273
0.0228306
0.01077
-0.00153725
-0.0218963
-0.0333513
-0.0357359
-0.0303254
-0.0180493
-0.00229958
0.01197
0.0220476
0.027878
0.0304034
0.0303398
0.0276378
0.0220463
0.0130396
0.000775207
-0.0101395
-0.0260644
-0.0333985
-0.0331112
-0.0271583
-0.0174518
-0.00711585
0.00139249
0.00721711
0.0106687
0.0123982
0.0127339
0.0114434
0.00768036
0.000734421
-0.00916823
-0.018148
-0.0176452
-0.0214547
-0.020559
-0.015996
-0.00922842
-0.00296345
0.000259169
-3.17573e-05
-0.00226346
-0.00432625
-0.00499303
-0.00452141
-0.00428008
-0.00582069
-0.00973841
-0.0138982
-0.00665539
-0.00662909
-0.00486276
-0.00198878
0.000841793
0.00161824
-0.00141957
-0.00791214
-0.0153356
-0.0206926
-0.0221779
-0.0199657
-0.0157154
-0.0116148
-0.00905255
-0.00753912
0.00520646
0.0083564
0.0107238
0.0117308
0.0105126
0.00583392
-0.00304588
-0.0149195
-0.0265587
-0.0344337
-0.0364215
-0.0325176
-0.0246335
-0.0153883
-0.00689602
0.000100457
0.0164552
0.0212482
0.0234969
0.0225601
0.017923
0.00906751
-0.0039151
-0.0192986
-0.0335382
-0.0428465
-0.0449193
-0.0396779
-0.0290487
-0.0159145
-0.00297171
0.0082892
0.0251318
0.0297693
0.0310499
0.0282889
0.0213629
0.0103329
-0.0041796
-0.0203676
-0.0348867
-0.0441724
-0.0459309
-0.0399765
-0.0280506
-0.0130066
0.00214301
0.0155781
0.0296556
0.0325588
0.0321593
0.0279339
0.0201312
0.0092018
-0.00401087
-0.0181601
-0.0303887
-0.0380759
-0.0391899
-0.0333961
-0.0219744
-0.00736292
0.00746728
0.0205936
0.029324
0.0294826
0.0270796
0.0219868
0.014743
0.00595758
-0.00369707
-0.0132333
-0.021216
-0.0260346
-0.0262928
-0.0215605
-0.0123549
-0.000352454
0.0119005
0.0224972
0.0244677
0.0215658
0.0173371
0.0121671
0.00677004
0.00165132
-0.0028987
-0.00664046
-0.00935524
-0.0107116
-0.0101522
-0.00710393
-0.00131226
0.00653205
0.0146055
0.0212483
0.0162505
0.0104683
0.00505045
0.000690993
-0.00184406
-0.00237837
-0.00124913
0.000948808
0.00337793
0.00526245
0.00641642
0.00746055
0.00932832
0.0122553
0.0152782
0.0175129
0.00617264
-0.00214909
-0.00787989
-0.0105847
-0.00955429
-0.00516228
0.00144983
0.00887704
0.0155137
0.0198756
0.021303
0.0203913
0.0184781
0.0164392
0.0140613
0.0122126
-0.0044429
-0.0149007
-0.0201975
-0.0206133
-0.0156776
-0.00649456
0.00485801
0.0162692
0.0257575
0.0316006
0.0330243
0.0305243
0.0254745
0.0190235
0.0116321
0.00572363
-0.0147693
-0.0268224
-0.0311934
-0.0290856
-0.0205229
-0.00743267
0.00729977
0.0211589
0.0321646
0.0387459
0.0401434
0.036653
0.0293776
0.0194216
0.00769009
-0.0016502
-0.0235371
-0.0364831
-0.0398781
-0.035633
-0.0244786
-0.00924352
0.00681974
0.0213635
0.0327119
0.0395602
0.0411604
0.0375368
0.0293429
0.0174037
0.00280649
-0.00912831
-0.0216563
-0.0362887
-0.041247
-0.0368796
-0.0227864
-0.0035206
0.0142485
0.02665
0.0337275
0.0369216
0.0371297
0.0344943
0.0285747
0.0188639
0.00546889
-0.00675828
-0.0259045
-0.035862
-0.0357433
-0.0286834
-0.0163036
-0.00233081
0.00954616
0.0180266
0.0234936
0.0265023
0.0270444
0.0246435
0.0187462
0.00894925
-0.00420319
-0.0143711
-0.0259801
-0.032729
-0.0313089
-0.0249334
-0.0155958
-0.00612614
0.00130474
0.00617989
0.00902316
0.010539
0.0109681
0.00985411
0.00623741
-0.000628947
-0.0106023
-0.0180609
-0.0184616
-0.0214103
-0.019012
-0.0136011
-0.00688493
-0.00149806
0.000522845
-0.000639455
-0.00315127
-0.00502997
-0.00543976
-0.00494669
-0.00503571
-0.00712595
-0.0116119
-0.0147301
-0.00801567
-0.00692239
-0.00369781
9.97235e-05
0.00306755
0.00325633
-0.000596838
-0.00753917
-0.014926
-0.0199199
-0.0212392
-0.0193206
-0.0158687
-0.0127852
-0.0109528
-0.00887768
0.00364524
0.0079085
0.0114656
0.0132531
0.0122593
0.00737068
-0.00174254
-0.0134957
-0.0247048
-0.0321585
-0.0341843
-0.0310065
-0.0243321
-0.0163507
-0.00862298
-0.00135041
0.0148899
0.0205752
0.0236893
0.0233232
0.0189458
0.0102079
-0.00248249
-0.0172196
-0.0306774
-0.0395541
-0.0419248
-0.037773
-0.0286191
-0.0168047
-0.00454782
0.00692643
0.0237259
0.0287189
0.0305033
0.0280949
0.021465
0.0108547
-0.00291199
-0.0181415
-0.0316738
-0.0406304
-0.04293
-0.0382932
-0.0278587
-0.0139676
0.000666167
0.0144721
0.0284583
0.0309221
0.0306343
0.0265844
0.0191781
0.00898199
-0.00321255
-0.0160667
-0.0274728
-0.0350545
-0.0369485
-0.0325019
-0.0223341
-0.00848613
0.00606245
0.0197738
0.0282033
0.0270779
0.0243524
0.0193245
0.0126813
0.00499582
-0.00330323
-0.0116149
-0.0189504
-0.0240896
-0.0253212
-0.0217832
-0.0133873
-0.00163355
0.0105848
0.0217727
0.0231864
0.0183364
0.0133297
0.00816967
0.00362616
-1.6626e-05
-0.00295882
-0.00552993
-0.00793111
-0.00989673
-0.0104701
-0.00841088
-0.00294567
0.00516191
0.0134218
0.0202676
0.0146226
0.00661594
1.84443e-05
-0.00435635
-0.00583127
-0.00463704
-0.00177639
0.0015059
0.00398199
0.00504285
0.00504459
0.00534237
0.00727815
0.0108483
0.0142414
0.0159418
0.00416703
-0.00610948
-0.0132198
-0.0159456
-0.0138197
-0.00775293
0.000456702
0.00878365
0.0152788
0.0187894
0.0191864
0.0177635
0.0161488
0.0149391
0.0131473
0.00993641
-0.00659826
-0.0183303
-0.024833
-0.0252099
-0.0193869
-0.00898646
0.00344114
0.0154018
0.0247175
0.0297609
0.0303958
0.0276013
0.0229307
0.0172883
0.0105053
0.00324503
-0.0165754
-0.0291709
-0.0342033
-0.0319705
-0.0229077
-0.0093219
0.00574007
0.0196575
0.0303311
0.0363336
0.0372089
0.0336084
0.0267508
0.0175416
0.0064509
-0.00366729
-0.024696
-0.0376659
-0.0410415
-0.0365727
-0.0253015
-0.0101283
0.00577109
0.0200337
0.0308974
0.0371723
0.0383706
0.0347246
0.0269237
0.0156114
0.00157182
-0.0102916
-0.0265326
-0.0397894
-0.0421444
-0.0355826
-0.0211783
-0.00353775
0.0119638
0.0229768
0.0299394
0.0337955
0.0347159
0.0322419
0.0258014
0.0150452
0.000478036
-0.0117641
-0.0260281
-0.0349146
-0.033847
-0.0267889
-0.0157717
-0.0040111
0.00606563
0.0139791
0.0199866
0.0239774
0.0253304
0.0232838
0.0172777
0.00723294
-0.00590258
-0.0153757
-0.024689
-0.0310368
-0.0288967
-0.0224471
-0.0136406
-0.00509165
0.00130237
0.00532452
0.00772298
0.00924158
0.00998407
0.00924289
0.0059311
-0.000800634
-0.0105301
-0.0170578
-0.0171028
-0.0192077
-0.0155739
-0.00973951
-0.00355065
0.000625778
0.00133943
-0.00068388
-0.00342294
-0.00513736
-0.00533009
-0.00481528
-0.00510271
-0.00750037
-0.0119388
-0.0138207
-0.00693179
-0.00465294
-9.28314e-05
0.0042622
0.00688666
0.00608461
0.00117483
-0.00639826
-0.0138492
-0.0187397
-0.0201235
-0.0186188
-0.0158116
-0.0133102
-0.0115433
-0.00823387
0.00424407
0.00990863
0.0146993
0.0170792
0.0159894
0.010549
0.000872224
-0.0111206
-0.0222848
-0.0297956
-0.0322898
-0.0300263
-0.024395
-0.017148
-0.00941564
-0.00104781
0.0149059
0.0220105
0.0262143
0.0264366
0.0221884
0.0133225
0.000550334
-0.0140474
-0.0273702
-0.0365125
-0.0397916
-0.037016
-0.029165
-0.0181044
-0.0057014
0.00689228
0.0231612
0.029264
0.0320097
0.0302028
0.0239228
0.0135715
7.49366e-05
-0.0147445
-0.0282227
-0.0377005
-0.0413037
-0.0383596
-0.0291961
-0.0159261
-0.000992933
0.0140793
0.0273025
0.0302444
0.0308124
0.0274318
0.0206392
0.0110478
-0.000600495
-0.0130588
-0.0246615
-0.0330752
-0.0365087
-0.0337407
-0.0247021
-0.011142
0.00381227
0.0190427
0.0263846
0.0248954
0.0228981
0.0186475
0.0129141
0.00617796
-0.00138306
-0.00944485
-0.0172682
-0.0235068
-0.0263809
-0.024282
-0.0166018
-0.00480544
0.00780196
0.0205949
0.020578
0.0145155
0.0100072
0.00572137
0.00239084
3.75817e-05
-0.0019785
-0.00436524
-0.00745367
-0.010753
-0.0128221
-0.0117986
-0.00656021
0.0018533
0.0103286
0.018411
0.0111709
0.00132405
-0.00517297
-0.00865747
-0.00867994
-0.00592429
-0.00194121
0.00158183
0.00337025
0.0031543
0.0019548
0.00166825
0.00377956
0.0078065
0.0111554
0.0131673
0.000100535
-0.0122683
-0.0198112
-0.0217438
-0.0181183
-0.0103894
-0.000948733
0.00775656
0.0137912
0.0163188
0.0159283
0.0143286
0.013137
0.0124211
0.0103839
0.00623106
-0.0106776
-0.0242956
-0.03162
-0.0314986
-0.0244411
-0.0126319
0.000902768
0.013322
0.0224203
0.0270157
0.0273277
0.0246722
0.0205244
0.0153412
0.00825603
-0.00091791
-0.0199975
-0.0338624
-0.0398203
-0.0373917
-0.0275946
-0.0131397
0.00267228
0.0170014
0.0277101
0.0335752
0.0344777
0.0312326
0.0249337
0.0161509
0.00484873
-0.00743743
-0.0271374
-0.0407678
-0.0446437
-0.0400107
-0.028372
-0.0127874
0.00344451
0.0178661
0.0286271
0.0348009
0.036135
0.0329174
0.0256479
0.0146678
0.000443656
-0.0130649
-0.028544
-0.0406619
-0.0416606
-0.0343841
-0.0207879
-0.0051281
0.00862851
0.0191679
0.0268139
0.0317706
0.0334816
0.0311465
0.0242606
0.0128275
-0.00244335
-0.0148956
-0.023033
-0.031453
-0.03102
-0.0253729
-0.0163014
-0.00616785
0.00340036
0.011941
0.0191107
0.0241585
0.0261064
0.024168
0.0180881
0.00821344
-0.00425298
-0.0134399
-0.0225815
-0.0285713
-0.0260984
-0.0197166
-0.0114607
-0.00373397
0.00186865
0.00538654
0.00771899
0.00952841
0.0106958
0.0103185
0.00720125
0.000511554
-0.00919378
-0.0156128
-0.0138621
-0.0151765
-0.0107741
-0.00499276
0.000299798
0.00318106
0.00282864
0.000333679
-0.00232905
-0.00375296
-0.00377345
-0.00334174
-0.00385619
-0.00639077
-0.0106296
-0.0114932
-0.00345237
-0.000113553
0.00534377
0.00972405
0.0115352
0.00952894
0.0036543
-0.0043103
-0.0117064
-0.0165019
-0.018065
-0.0170494
-0.0147659
-0.0124702
-0.0103402
-0.00566116
0.00726282
0.014212
0.0199119
0.0224585
0.0208717
0.0145967
0.00424261
-0.008041
-0.0192923
-0.0270574
-0.0301862
-0.0288052
-0.0238868
-0.0168172
-0.0085285
0.00124391
0.0170836
0.025639
0.0307537
0.0312956
0.026868
0.017603
0.00445106
-0.01038
-0.0240068
-0.0338282
-0.0382267
-0.036678
-0.0296407
-0.0186057
-0.00540377
0.00867657
0.024373
0.031822
0.0355486
0.0342685
0.0281259
0.0177592
0.00406646
-0.0110728
-0.0251855
-0.0357928
-0.0409202
-0.0393777
-0.0310536
-0.01755
-0.00162492
0.0151832
0.0273827
0.0313691
0.0330793
0.0304993
0.0242201
0.0148395
0.00303413
-0.0100162
-0.0226167
-0.0325831
-0.0377725
-0.0364252
-0.0279749
-0.0138777
0.0021291
0.0193286
0.025257
0.0242868
0.0236149
0.0204496
0.0155403
0.00922458
0.00149533
-0.00740544
-0.0166508
-0.0246776
-0.0292932
-0.028367
-0.020912
-0.00850409
0.00504912
0.0200141
0.0181826
0.0119677
0.0088705
0.00589979
0.00366693
0.0019439
-0.000189146
-0.00353213
-0.00821098
-0.0133052
-0.0168738
-0.0166156
-0.0112734
-0.00227562
0.00675643
0.0168642
0.00750727
-0.0031707
-0.0083939
-0.0104596
-0.00917354
-0.00555082
-0.00149356
0.00121374
0.00157027
-0.000164961
-0.00243301
-0.003036
-0.000579589
0.00388419
0.00720746
0.0105331
-0.00460749
-0.0183264
-0.0250214
-0.0256313
-0.0205843
-0.0117644
-0.00194364
0.00632511
0.0113773
0.0128921
0.011952
0.0104355
0.00971652
0.00923143
0.00659609
0.00249629
-0.0157165
-0.0309107
-0.0380862
-0.0369458
-0.0285603
-0.0155802
-0.00138062
0.0110736
0.0197644
0.0239508
0.0242116
0.0219355
0.0183005
0.0131917
0.00518243
-0.00538732
-0.0244138
-0.0397789
-0.0462113
-0.0431996
-0.0323559
-0.0167899
-0.0002097
0.0144608
0.0251958
0.0310951
0.0323107
0.0296403
0.0238605
0.0150936
0.0028362
-0.0119876
-0.030693
-0.0452355
-0.0495922
-0.0444672
-0.0319654
-0.0155395
0.00128444
0.0158752
0.0266661
0.0330245
0.0348418
0.0322611
0.025432
0.0143624
-0.000793005
-0.0170774
-0.0282475
-0.0397195
-0.0406029
-0.0337315
-0.0214404
-0.00733028
0.00573816
0.0167865
0.0256664
0.0317348
0.0339634
0.0315129
0.0241621
0.0123228
-0.00293582
-0.0160555
-0.0190756
-0.027593
-0.0286773
-0.0247508
-0.0169794
-0.00709275
0.00333494
0.0132013
0.0214646
0.0270218
0.0289081
0.0266103
0.0203096
0.0107341
-0.000885955
-0.0102258
-0.0200424
-0.0254092
-0.0228449
-0.0166535
-0.0089442
-0.00185157
0.00337558
0.00692589
0.00960161
0.0118388
0.0132857
0.0129277
0.00963213
0.00274122
-0.00704264
-0.0139718
-0.00949571
-0.0100154
-0.00543382
-0.000190485
0.00400927
0.00582769
0.00501242
0.0027382
0.000616841
-0.000414998
-0.000444761
-0.00039127
-0.00134778
-0.00403074
-0.0079627
-0.00827486
0.00161087
0.00574848
0.011407
0.0151942
0.0158674
0.0127893
0.00647531
-0.00124703
-0.00816207
-0.0127472
-0.014586
-0.0141668
-0.0123707
-0.0101112
-0.00743025
-0.00172527
0.0121287
0.0198852
0.02582
0.0279253
0.0254561
0.0183331
0.0075999
-0.00457389
-0.0156316
-0.0235401
-0.0272415
-0.0265666
-0.022044
-0.014802
-0.00576794
0.00513452
0.0212571
0.0306394
0.0360599
0.0364073
0.0314957
0.0216207
0.00809743
-0.00688759
-0.0207681
-0.0311981
-0.0364967
-0.0357274
-0.0288989
-0.0173875
-0.00320455
0.0120833
0.0274152
0.0357661
0.040013
0.0388799
0.032684
0.021844
0.0076706
-0.00804775
-0.0229705
-0.0346738
-0.0409752
-0.0402098
-0.0318624
-0.0175916
-0.00059211
0.0179903
0.0290268
0.0339888
0.0365667
0.0345111
0.0283993
0.018732
0.00622231
-0.00792257
-0.0218857
-0.0333559
-0.0398563
-0.0391773
-0.0304156
-0.0153806
0.00200766
0.0209157
0.0254157
0.0253828
0.0259818
0.0237194
0.0192118
0.0126498
0.00396459
-0.0064716
-0.0175367
-0.0272769
-0.0331562
-0.0326974
-0.024828
-0.0111817
0.00356259
0.0204233
0.0168546
0.0113728
0.00988276
0.00812358
0.00649384
0.0045703
0.0013552
-0.00374555
-0.0104074
-0.017198
-0.0218134
-0.0217329
-0.0157932
-0.00584621
0.00405579
0.0161215
0.00474998
-0.00557036
-0.00903791
-0.00970183
-0.00763103
-0.00406319
-0.000979316
7.15903e-05
-0.00139427
-0.0045545
-0.00750454
-0.00799964
-0.00492036
0.000133015
0.00371664
0.00867882
-0.00862493
-0.02245
-0.0275153
-0.0266791
-0.0206762
-0.0116412
-0.00243867
0.00458781
0.0082651
0.00880857
0.00759171
0.00641368
0.00624376
0.00595093
0.00286623
-0.000409353
-0.0204299
-0.0361558
-0.0421849
-0.0397379
-0.0302851
-0.0167667
-0.00268383
0.00912079
0.0170253
0.0207478
0.0210908
0.019303
0.0161357
0.010889
0.00188681
-0.00906077
-0.0289545
-0.045113
-0.0510891
-0.0470176
-0.0350345
-0.0186929
-0.00179988
0.0126956
0.0231302
0.0289831
0.0305528
0.0284514
0.0230409
0.0139946
0.000544103
-0.0159365
-0.0345546
-0.0496428
-0.0537751
-0.0476438
-0.0340548
-0.0168895
0.000217099
0.014662
0.0253995
0.0319968
0.0343286
0.0322825
0.0256366
0.014122
-0.00224609
-0.0211512
-0.0270978
-0.0382417
-0.03967
-0.0336293
-0.0223894
-0.00888961
0.0045684
0.01683
0.0269174
0.033587
0.0357246
0.0327522
0.0248645
0.012848
-0.00215226
-0.0160215
-0.0162785
-0.0250357
-0.0274394
-0.0243868
-0.0165316
-0.00558656
0.00623742
0.0172335
0.0257648
0.0308667
0.0319355
0.0288797
0.0222721
0.0129472
0.00208449
-0.00763347
-0.0173714
-0.0216902
-0.0191663
-0.0133506
-0.00621488
0.000514456
0.00590743
0.0100502
0.0133077
0.0157449
0.0169057
0.0159284
0.0119827
0.00477822
-0.00486414
-0.0121867
-0.00498447
-0.00466348
-0.000466248
0.00384201
0.00697841
0.00825729
0.00779561
0.00647714
0.00521956
0.00442469
0.00394724
0.00316534
0.00148481
-0.00136911
-0.00476932
-0.00481571
0.00698728
0.0116169
0.0167206
0.01938
0.0188605
0.0152037
0.00927673
0.00257182
-0.00343934
-0.00778462
-0.0100777
-0.0104048
-0.00917297
-0.00688945
-0.00358222
0.00265503
0.0175616
0.0254889
0.0308361
0.0318932
0.0283507
0.0207062
0.0102447
-0.00113434
-0.0115195
-0.0193184
-0.0234274
-0.0232593
-0.0189341
-0.0113972
-0.0017183
0.00971782
0.0261538
0.0355142
0.0404382
0.0399853
0.0342531
0.0239771
0.010425
-0.00420328
-0.0178771
-0.0284698
-0.0341562
-0.033592
-0.0265005
-0.0143468
0.000582261
0.0163108
0.031223
0.0396579
0.043688
0.0421289
0.0353709
0.0241188
0.00958453
-0.00644785
-0.0217759
-0.033983
-0.0406733
-0.0398341
-0.0308024
-0.0155256
0.00251562
0.0212377
0.0314606
0.0368175
0.0396189
0.0375712
0.031175
0.0209291
0.00756366
-0.00760312
-0.0225823
-0.0348702
-0.0417483
-0.0407687
-0.0310144
-0.0147879
0.00361345
0.0231751
0.0263415
0.0271485
0.0284814
0.0266351
0.0220183
0.0146985
0.0046841
-0.00736738
-0.0199515
-0.0307079
-0.0369048
-0.0359658
-0.0269105
-0.0121614
0.003673
0.0213741
0.0163488
0.0120665
0.0117798
0.0107704
0.00915245
0.00635578
0.00150436
-0.00557727
-0.0140022
-0.0218727
-0.0266795
-0.0260141
-0.0189983
-0.00792639
0.00281723
0.0158497
0.00298395
-0.00601835
-0.00794241
-0.00761864
-0.0054078
-0.00268383
-0.00127546
-0.00225089
-0.00545453
-0.00957123
-0.0125908
-0.0124352
-0.00842492
-0.00258955
0.0014517
0.00739991
-0.0114529
-0.0241105
-0.0274756
-0.0255042
-0.0191912
-0.0107801
-0.00299745
0.00227288
0.00447177
0.00427964
0.00314977
0.00261092
0.00315058
0.00316372
1.08948e-05
-0.00248929
-0.0239676
-0.0388746
-0.0433033
-0.0396654
-0.0296801
-0.0164122
-0.00327035
0.00726876
0.0141015
0.0173501
0.0178746
0.0166322
0.0138981
0.00857978
-0.0010009
-0.0116877
-0.0326495
-0.048362
-0.0530368
-0.0477486
-0.0350323
-0.0185695
-0.00215389
0.0115862
0.021389
0.0270309
0.0288225
0.0271175
0.021895
0.0125155
-0.00181825
-0.0188352
-0.0375843
-0.0524388
-0.0553222
-0.048051
-0.0338587
-0.0165245
0.000214282
0.0143392
0.0249231
0.0315849
0.0341119
0.0322022
0.0254142
0.013356
-0.00395017
-0.0241014
-0.0262623
-0.0370455
-0.0390026
-0.0336036
-0.0226899
-0.00894382
0.00560199
0.0190239
0.0296332
0.0360541
0.0374441
0.0336611
0.0252623
0.0133117
-0.00123065
-0.0155933
-0.0155948
-0.0241014
-0.0267773
-0.023339
-0.0143977
-0.00207706
0.0108232
0.0217415
0.0294532
0.0332801
0.033105
0.0292139
0.0223394
0.0133406
0.00313033
-0.00677564
-0.0147659
-0.0177132
-0.0153656
-0.0101832
-0.00363547
0.00307645
0.00918446
0.0142166
0.0178663
0.019848
0.0198773
0.0176056
0.0127391
0.00543323
-0.00341385
-0.0103192
-0.001164
-3.94404e-06
0.00341159
0.00658277
0.00890507
0.0102812
0.0108757
0.0108716
0.0103307
0.00926096
0.00766072
0.00561444
0.00313726
0.000353687
-0.0021027
-0.00171109
0.0114704
0.0162888
0.0202753
0.0215545
0.0201007
0.0165375
0.0117362
0.00648883
0.00139479
-0.0029867
-0.00605138
-0.00729436
-0.0065602
-0.00410446
-2.20495e-05
0.00650269
0.0221785
0.029665
0.0337662
0.0334344
0.0289592
0.021325
0.0118196
0.00173437
-0.00773243
-0.0153284
-0.0197401
-0.01991
-0.0156084
-0.00778184
0.00236568
0.0138515
0.0303241
0.0388248
0.0425932
0.0409698
0.0344281
0.0240119
0.0110881
-0.00273645
-0.0157559
-0.0260458
-0.0315885
-0.0307258
-0.0231174
-0.0104615
0.00469562
0.0201807
0.0344129
0.0420373
0.0452099
0.0428373
0.0354346
0.0238611
0.00932213
-0.00654592
-0.0216653
-0.0336134
-0.0398275
-0.0381544
-0.0281103
-0.0121025
0.00608519
0.0242656
0.0333607
0.038415
0.0408109
0.0383534
0.0314475
0.0205823
0.00656115
-0.00918226
-0.0244624
-0.0366284
-0.0428417
-0.0406906
-0.0296043
-0.0124816
0.00603814
0.0250816
0.026897
0.0282114
0.029649
0.0277594
0.0227035
0.0144557
0.00318466
-0.0101067
-0.0234485
-0.0342502
-0.0397154
-0.0374666
-0.0269665
-0.0112643
0.00485784
0.0219278
0.0157844
0.0128152
0.0131131
0.0123513
0.0103286
0.00635253
-0.000199491
-0.00897302
-0.0185089
-0.0265531
-0.0306365
-0.0286819
-0.0203042
-0.00832995
0.00279535
0.0152959
0.00164365
-0.00549124
-0.00643442
-0.00564848
-0.00380822
-0.00238397
-0.00288254
-0.00575858
-0.0102202
-0.0146042
-0.0169525
-0.0156584
-0.0106066
-0.00383659
0.000477952
0.00613094
-0.0132588
-0.0238555
-0.0259486
-0.023359
-0.0173325
-0.010164
-0.00422086
-0.000791687
0.000178907
-0.000304716
-0.00091967
-0.000517206
0.000834425
0.00130669
-0.00163695
-0.00410888
-0.0260411
-0.0390139
-0.0420003
-0.0376119
-0.0277719
-0.0154832
-0.00385721
0.00513343
0.0109029
0.0138333
0.0146844
0.0140525
0.0117891
0.00659015
-0.00299886
-0.0134106
-0.0348183
-0.0487545
-0.0519261
-0.0457425
-0.0330943
-0.0173362
-0.00199062
0.0106858
0.0197353
0.0250629
0.0269051
0.0253888
0.0202408
0.0107018
-0.003829
-0.0205158
-0.0392408
-0.0519097
-0.0536178
-0.0459483
-0.0317987
-0.0151681
0.00099419
0.014764
0.0250851
0.031472
0.0336834
0.0314254
0.0242745
0.0118838
-0.00554471
-0.0253871
-0.0260616
-0.0360722
-0.0382188
-0.033035
-0.0220259
-0.00743037
0.00804396
0.021829
0.0320167
0.037453
0.0377649
0.0332344
0.0246423
0.0129661
-0.000945091
-0.0152364
-0.0165453
-0.023993
-0.0258798
-0.0214195
-0.0114644
0.00134772
0.0140068
0.0241341
0.0305297
0.0329248
0.0316134
0.0271388
0.0202188
0.0116344
0.00206173
-0.00758619
-0.0123167
-0.0139924
-0.0121087
-0.00784111
-0.00183662
0.00519795
0.0122586
0.0180314
0.0214665
0.0221998
0.0204691
0.0166682
0.0111398
0.00430222
-0.00294051
-0.00846176
0.00154575
0.00333832
0.00576472
0.0078038
0.00966872
0.0116467
0.0135335
0.014574
0.0140315
0.0118563
0.00867452
0.00531475
0.00238801
0.00023103
-0.000736087
0.000548645
0.0143537
0.0190203
0.0217293
0.0217151
0.0197823
0.0168623
0.0134427
0.00942641
0.0046665
-0.000361149
-0.00452436
-0.00664126
-0.00609787
-0.00304705
0.00209257
0.00907496
0.0250205
0.0316221
0.0342757
0.0326495
0.0276514
0.0205321
0.012264
0.00341226
-0.00543125
-0.0130972
-0.0178756
-0.0182565
-0.0138234
-0.00555188
0.00505158
0.0165424
0.0326235
0.0397997
0.0422242
0.0394886
0.032438
0.0222962
0.0102367
-0.00262204
-0.0149279
-0.0247852
-0.0299182
-0.0284968
-0.0203354
-0.00739089
0.00759088
0.0225206
0.0357679
0.0421486
0.044263
0.0410728
0.0332038
0.021588
0.007354
-0.00801918
-0.0225466
-0.0337468
-0.038932
-0.0360376
-0.0250471
-0.00882699
0.00874931
0.0257458
0.0335751
0.0380077
0.0397346
0.0367771
0.0294214
0.0181575
0.00382586
-0.0120008
-0.0269602
-0.0382704
-0.0430929
-0.0393132
-0.0270187
-0.00967102
0.0081274
0.0253909
0.0261171
0.0277389
0.0289191
0.0268052
0.0212862
0.0122643
0.000113205
-0.0138725
-0.0272025
-0.0372004
-0.0411633
-0.0371561
-0.0253578
-0.00937581
0.00608057
0.0212175
0.0144175
0.0127086
0.0131245
0.0123274
0.00977235
0.00468003
-0.00325449
-0.0131446
-0.0229922
-0.0303834
-0.033039
-0.0294077
-0.0197795
-0.00747824
0.00326926
0.0138643
0.000219222
-0.00494542
-0.0054566
-0.00460935
-0.00340638
-0.00335961
-0.00556594
-0.0098449
-0.0148539
-0.0187745
-0.0198859
-0.0171299
-0.0109115
-0.00393785
0.000362615
0.00450305
-0.0143118
-0.0225941
-0.0240056
-0.0213239
-0.0160339
-0.0103688
-0.00624803
-0.00432223
-0.00403819
-0.00426488
-0.00391714
-0.0024114
-0.00020219
0.000630695
-0.00211842
-0.0054553
-0.026618
-0.0372502
-0.0393352
-0.03485
-0.0257594
-0.0149273
-0.00499446
0.00260605
0.00766282
0.0106301
0.0120454
0.0121121
0.0103582
0.0054307
-0.00380113
-0.0142634
-0.0349412
-0.0465998
-0.0487134
-0.0425763
-0.0306465
-0.0161484
-0.00208649
0.00958174
0.0180214
0.0231242
0.025005
0.0236189
0.0185698
0.00915881
-0.00489436
-0.0208179
-0.0382572
-0.048719
-0.0496748
-0.0423639
-0.0293815
-0.0137164
0.00192915
0.0154068
0.0253613
0.0312069
0.0327875
0.0299738
0.0225215
0.0102703
-0.00632417
-0.0246259
-0.0259276
-0.0349108
-0.0368589
-0.0316492
-0.0204034
-0.00544833
0.0101461
0.023539
0.0327848
0.0370564
0.0364288
0.0314819
0.0230287
0.0119003
-0.00123613
-0.0148583
-0.0178248
-0.0237978
-0.0246746
-0.0195901
-0.00970833
0.00250716
0.0143196
0.0235416
0.0289844
0.030489
0.0285369
0.0238355
0.0170713
0.00891353
-5.4004e-05
-0.00907927
-0.0101624
-0.0112941
-0.0103429
-0.00717009
-0.00155222
0.00600695
0.0138641
0.0198222
0.0224004
0.0215188
0.0181
0.0132514
0.00775225
0.00211601
-0.00303614
-0.00673138
0.00313163
0.0049788
0.00628865
0.00734366
0.00909911
0.0118776
0.0147713
0.0160966
0.0147013
0.0108837
0.00608386
0.00186844
-0.000788383
-0.00163993
-0.000736849
0.00184617
0.0155449
0.0196867
0.021148
0.0202442
0.0182991
0.016238
0.0138886
0.0103069
0.0049438
-0.00138507
-0.00679292
-0.00945077
-0.00851007
-0.00431551
0.00221943
0.0100778
0.0257995
0.0313244
0.0327915
0.0303336
0.0253052
0.0189346
0.0116645
0.00338515
-0.00563297
-0.0139592
-0.0193064
-0.019764
-0.0148871
-0.00587343
0.00538966
0.0172773
0.0326775
0.0385734
0.03999
0.0365845
0.0294691
0.0198379
0.00853316
-0.0037385
-0.0158088
-0.0255791
-0.0304376
-0.0284958
-0.0198464
-0.00669903
0.008073
0.0226592
0.0348724
0.0402366
0.0416057
0.037963
0.0299846
0.0185775
0.00473068
-0.0102025
-0.0242269
-0.0347168
-0.0388697
-0.034878
-0.0233178
-0.0073642
0.00926903
0.0250519
0.0317937
0.0358408
0.0370974
0.0338914
0.0263802
0.014997
0.000624467
-0.0150128
-0.0294022
-0.0396249
-0.0429178
-0.0376455
-0.0246897
-0.00786853
0.00859929
0.0237857
0.0238133
0.0258462
0.0268008
0.0245804
0.0188132
0.00932871
-0.00331085
-0.017385
-0.0302384
-0.0390136
-0.0412409
-0.0355868
-0.0230673
-0.00764786
0.00642568
0.0189961
0.0121882
0.0116215
0.0120041
0.0111427
0.00817613
0.00227455
-0.00654446
-0.0168784
-0.0263868
-0.0325907
-0.0335335
-0.0282993
-0.0179314
-0.00605704
0.00355111
0.0115604
-0.00129329
-0.00481125
-0.00521814
-0.00450971
-0.00396368
-0.0050716
-0.00849318
-0.0134939
-0.0183412
-0.021206
-0.0207747
-0.0165836
-0.00964556
-0.00290178
0.000748814
0.00268094
-0.014645
-0.0210639
-0.0223016
-0.0199093
-0.0155622
-0.0113392
-0.00864839
-0.00758655
-0.00728632
-0.00668157
-0.00506645
-0.00238155
0.000452493
0.00132208
-0.00158432
-0.00633863
-0.0257535
-0.0345127
-0.0363481
-0.03235
-0.0244471
-0.0151915
-0.00670257
3.11897e-05
0.00498442
0.00849789
0.0107861
0.0116625
0.0103866
0.00568227
-0.00324752
-0.0140717
-0.033037
-0.0429202
-0.0447963
-0.0394413
-0.0288717
-0.0158182
-0.00289125
0.00810924
0.0163428
0.0215884
0.023788
0.022718
0.0179184
0.00884621
-0.00444732
-0.0195819
-0.0349574
-0.0440749
-0.0453233
-0.0393007
-0.0277635
-0.012998
0.00226328
0.0155045
0.0251255
0.03053
0.0317007
0.0286314
0.0212608
0.00965384
-0.00551357
-0.0219067
-0.025053
-0.0330221
-0.0348147
-0.0299357
-0.019068
-0.00450161
0.0107175
0.0236081
0.032146
0.0356611
0.034511
0.0294916
0.0213895
0.0109007
-0.00129935
-0.0139966
-0.0180597
-0.0230694
-0.0236925
-0.0192376
-0.0104716
0.000668008
0.0119163
0.0209928
0.0263991
0.0279082
0.0259412
0.02134
0.0148378
0.00702931
-0.00149476
-0.0099151
-0.00863133
-0.0104365
-0.0108696
-0.00878137
-0.0033039
0.00480645
0.0130876
0.0187351
0.0203242
0.0182781
0.0140601
0.00915217
0.00447803
0.000389778
-0.00296274
-0.00536277
0.00372413
0.00469665
0.00480534
0.00511933
0.00702616
0.010539
0.0139127
0.0148052
0.0121138
0.00676814
0.000958828
-0.00327617
-0.00491817
-0.00408226
-0.00147101
0.00224313
0.0153046
0.0184449
0.0189593
0.017592
0.0159554
0.0146552
0.0127555
0.00869092
0.00195969
-0.00595758
-0.0123461
-0.0149582
-0.0129772
-0.00720744
0.00076788
0.00967727
0.0247853
0.0293096
0.0301051
0.0273923
0.0227131
0.0170216
0.0101516
0.00150425
-0.00861813
-0.0181925
-0.0242412
-0.0245519
-0.0188311
-0.00869041
0.00346171
0.0162272
0.0307931
0.0359561
0.0369901
0.033506
0.0267025
0.0175773
0.00659212
-0.00582068
-0.0185016
-0.0288464
-0.0338351
-0.0315646
-0.0224291
-0.0088984
0.00601322
0.0208123
0.0322022
0.0372958
0.0385189
0.0349349
0.0271967
0.0160885
0.00244078
-0.0124908
-0.0265174
-0.0368175
-0.0404267
-0.0358328
-0.024123
-0.00857859
0.00737243
0.0224819
0.0286411
0.0329452
0.0342099
0.0311464
0.0237874
0.0124852
-0.00183023
-0.0173226
-0.0313059
-0.0407288
-0.0429217
-0.0367756
-0.023859
-0.00802468
0.00712733
0.0207331
0.0207025
0.0234369
0.0244725
0.0224041
0.0166544
0.00702106
-0.00576605
-0.0196676
-0.0318628
-0.0394567
-0.0402498
-0.0335444
-0.0210962
-0.00689938
0.00556636
0.0158957
0.00977517
0.0101658
0.0106286
0.00982915
0.00666052
0.000335717
-0.00889524
-0.0191174
-0.0278594
-0.0327125
-0.0320954
-0.0257405
-0.0153688
-0.00463398
0.00342639
0.00898525
-0.00241215
-0.00491071
-0.00530755
-0.00474511
-0.00472926
-0.00660926
-0.0106633
-0.0156588
-0.0197488
-0.021257
-0.0192926
-0.0139981
-0.00693027
-0.00103438
0.00139672
0.00122017
-0.0140847
-0.0195887
-0.0209408
-0.019029
-0.0156188
-0.0125062
-0.0106227
-0.00966415
-0.00867084
-0.00680243
-0.00379065
-9.18215e-05
0.00299324
0.00340415
-0.000214913
-0.00635052
-0.0236086
-0.0316076
-0.0337318
-0.0306116
-0.0240155
-0.0160827
-0.00846611
-0.00187169
0.00367233
0.00825241
0.011692
0.0134147
0.0124659
0.00768167
-0.00135739
-0.0126526
-0.0296288
-0.0390304
-0.0414736
-0.0374071
-0.0283386
-0.0165235
-0.00430785
0.0065647
0.0151915
0.02115
0.0241451
0.0236971
0.0192825
0.0105148
-0.0022742
-0.0168984
-0.0304224
-0.0399783
-0.0421163
-0.0378028
-0.0275984
-0.0135008
0.00151265
0.0146483
0.0242697
0.029752
0.031273
0.0286003
0.0217857
0.0110451
-0.00281957
-0.0178804
-0.0226878
-0.0299604
-0.032704
-0.0289036
-0.0191813
-0.00532365
0.00974466
0.0227167
0.03127
0.034699
0.033416
0.028595
0.0209695
0.0111424
-0.000231066
-0.0119816
-0.0165774
-0.0220934
-0.0238357
-0.0210217
-0.0137762
-0.00322691
0.00826381
0.0181165
0.0244588
0.0267123
0.025336
0.0211863
0.0150415
0.007507
-0.000873876
-0.00924605
-0.00847088
-0.0121411
-0.0141121
-0.0126921
-0.00698117
0.0016227
0.00995869
0.0151829
0.0163627
0.0143086
0.010611
0.00666578
0.0032053
0.000284818
-0.0024049
-0.00494267
0.00312656
0.00244119
0.00137306
0.00128621
0.00355926
0.00761016
0.0109698
0.0111232
0.00743248
0.0014489
-0.00426695
-0.00764115
-0.00790253
-0.00563415
-0.00213056
0.00175034
0.0138637
0.0157538
0.0155763
0.0141314
0.0129696
0.0121557
0.010076
0.00494894
-0.00326238
-0.0123146
-0.0189729
-0.0208324
-0.0174452
-0.0101451
-0.00112771
0.00826945
0.0225085
0.0263565
0.0269344
0.0244269
0.0202833
0.0150002
0.00785351
-0.00195839
-0.0137276
-0.0246438
-0.0311607
-0.0309504
-0.0240565
-0.0125805
0.00059857
0.0139491
0.027847
0.0329717
0.0341614
0.0310636
0.0247716
0.0159603
0.00471876
-0.0086698
-0.0226799
-0.0341389
-0.0395608
-0.0370332
-0.0272511
-0.012975
0.00257742
0.0178821
0.0288886
0.0344939
0.0360939
0.0329676
0.0256725
0.014793
0.000994434
-0.0144659
-0.0292577
-0.0400929
-0.0438162
-0.0391163
-0.0273929
-0.011935
0.00402609
0.0191748
0.0254047
0.0305504
0.0322656
0.0296411
0.0226143
0.0114596
-0.00290463
-0.0185171
-0.0325654
-0.0418245
-0.0436714
-0.0373972
-0.0249528
-0.00998804
0.00447495
0.0174508
0.0180722
0.021696
0.0231479
0.0214167
0.0158277
0.00620491
-0.00654513
-0.0202279
-0.0319167
-0.0387493
-0.0387744
-0.031815
-0.0200612
-0.00723471
0.00397637
0.0131605
0.00829634
0.00934071
0.0101091
0.00946281
0.0062057
-0.000318321
-0.00948738
-0.0192874
-0.02714
-0.0308182
-0.0291334
-0.0223772
-0.0126873
-0.0034667
0.00305375
0.00724878
-0.00236615
-0.00460022
-0.00487528
-0.00442581
-0.00482196
-0.00713976
-0.0112435
-0.0157121
-0.0186981
-0.018805
-0.0156053
-0.00977814
-0.00322555
0.00131447
0.00223531
0.00082394
-0.0124405
-0.018046
-0.0195902
-0.0180847
-0.015483
-0.0130552
-0.0113416
-0.00983146
-0.00765366
-0.00431642
-2.22183e-05
0.00430913
0.00712388
0.0065394
0.00172247
-0.00523552
-0.0206082
-0.0290095
-0.0316796
-0.0294661
-0.0239621
-0.0168629
-0.00946321
-0.00233165
0.00436824
0.0103693
0.0150498
0.0174695
0.0165137
0.011183
0.00143267
-0.0101877
-0.0257923
-0.0359145
-0.0394499
-0.0366692
-0.0287643
-0.0177197
-0.0056889
0.00560657
0.0152429
0.0224821
0.0266459
0.0269813
0.0228584
0.0140306
0.00106486
-0.0134818
-0.0264403
-0.036895
-0.0410315
-0.0381742
-0.0287764
-0.0150308
-0.00019259
0.0130552
0.0233072
0.0298529
0.0324035
0.0306842
0.0245934
0.0143907
0.000885112
-0.0139501
-0.0186673
-0.0272412
-0.0312855
-0.0293391
-0.0210111
-0.00749581
0.00805373
0.0216955
0.0306938
0.0345224
0.0337803
0.0294774
0.0224367
0.0132644
0.00250488
-0.00878659
-0.0137031
-0.0212913
-0.0251725
-0.0241522
-0.0178029
-0.00709256
0.00533001
0.0163947
0.0240462
0.0275583
0.0272757
0.0239557
0.0183227
0.0109653
0.00230825
-0.0068044
-0.0112126
-0.0170646
-0.0198807
-0.0180835
-0.0115518
-0.00252714
0.00564454
0.0107505
0.0124549
0.0116817
0.0096615
0.00725454
0.00472751
0.00181954
-0.00200133
-0.00661541
0.000278157
-0.00214565
-0.00388841
-0.00368382
-0.000717294
0.00370508
0.00678072
0.00638788
0.00256335
-0.00278327
-0.00723988
-0.00918299
-0.00830239
-0.00562105
-0.00271263
-0.000276902
0.0107627
0.0116139
0.0111617
0.0101126
0.00958608
0.00897158
0.00629173
6.33002e-05
-0.00899388
-0.0180677
-0.0239012
-0.0244994
-0.0198772
-0.0118255
-0.00284567
0.0058172
0.0191747
0.0227738
0.0235255
0.0215908
0.0180493
0.0128214
0.00483596
-0.00648598
-0.0196985
-0.0312827
-0.0374791
-0.0362916
-0.0282204
-0.0157899
-0.00215626
0.0110812
0.0246241
0.0301772
0.0318384
0.0293909
0.0236396
0.014825
0.00276927
-0.0120862
-0.0277768
-0.0402619
-0.0458587
-0.0428231
-0.0321916
-0.0170144
-0.000741061
0.0148758
0.0261408
0.0326056
0.0348008
0.0322758
0.0254173
0.0145439
0.000170215
-0.0163924
-0.0324492
-0.0442467
-0.0483917
-0.0436782
-0.0316827
-0.0157625
0.000823985
0.0164487
0.0234909
0.0296103
0.0319035
0.029728
0.0229745
0.0118399
-0.00276169
-0.0188476
-0.0334621
-0.0431903
-0.04535
-0.0393883
-0.0273173
-0.0125729
0.00207533
0.0154067
0.0173432
0.021726
0.0236539
0.0221509
0.0166047
0.00696489
-0.00572276
-0.019248
-0.0307165
-0.0373492
-0.0373581
-0.0308139
-0.0199278
-0.00800081
0.00278972
0.0121097
0.00889787
0.010307
0.0114429
0.0107791
0.00728684
0.000630043
-0.0082988
-0.017464
-0.0244496
-0.0273172
-0.0252381
-0.0188354
-0.0102608
-0.0024034
0.00318415
0.00744512
-0.000444476
-0.00278733
-0.00281968
-0.0026393
-0.00353348
-0.00614031
-0.00996868
-0.0135396
-0.0152486
-0.0141476
-0.0102441
-0.00461501
0.000828403
0.00385515
0.00357259
0.00229712
-0.0093988
-0.0155346
-0.0170721
-0.0161579
-0.0142055
-0.0121847
-0.0102357
-0.00776021
-0.00415055
0.000605311
0.00579354
0.010116
0.0120444
0.010108
0.00409316
-0.00263319
-0.0169417
-0.0262803
-0.0293327
-0.0278506
-0.0230816
-0.0164147
-0.00881623
-0.000752501
0.00737404
0.0148335
0.0205241
0.0231791
0.0216868
0.0153653
0.00460335
-0.00684733
-0.022453
-0.0339215
-0.0382156
-0.0361301
-0.0287741
-0.0180702
-0.00596976
0.006158
0.0171263
0.0258648
0.0312191
0.0321195
0.0278717
0.0184412
0.00460457
-0.0101772
-0.0243656
-0.0366878
-0.0418738
-0.0393723
-0.030011
-0.0164022
-0.00192516
0.0119967
0.0233344
0.0314258
0.0354859
0.0348184
0.0290894
0.0186235
0.00421615
-0.0115801
-0.0137544
-0.024526
-0.0309007
-0.0308982
-0.0234151
-0.00952161
0.00708066
0.0211638
0.0309309
0.0356128
0.0357593
0.0322667
0.0259062
0.0173227
0.00676883
-0.00489446
-0.0066849
-0.0170151
-0.0240406
-0.0255594
-0.0198849
-0.00736291
0.00806528
0.0216946
0.0305016
0.0340051
0.0332891
0.0297739
0.0244476
0.0175763
0.00928168
-0.000232543
-0.014405
-0.0218417
-0.0248864
-0.0224133
-0.0148838
-0.00452742
0.00526482
0.0119755
0.0149019
0.0149293
0.0134513
0.0113684
0.00867133
0.0047516
-0.00106106
-0.00848449
-0.00400429
-0.00758187
-0.00937737
-0.00836977
-0.00425799
0.00138225
0.00567687
0.00625668
0.00305405
-0.00180477
-0.00566957
-0.00700406
-0.00604401
-0.00414238
-0.00300903
-0.00316053
0.00624251
0.00657609
0.00636729
0.00614717
0.00670344
0.00680683
0.0044222
-0.00184153
-0.0109681
-0.0197694
-0.0248661
-0.0245765
-0.0195386
-0.0118882
-0.00417171
0.0025205
0.0152139
0.0189502
0.0202125
0.0191669
0.0163626
0.0112285
0.00258013
-0.0098167
-0.0238212
-0.0354032
-0.0408072
-0.0385424
-0.0297374
-0.0172547
-0.00418194
0.00793046
0.0221052
0.0282853
0.0304715
0.0286396
0.0232567
0.0141441
0.000957424
-0.0155608
-0.032476
-0.0453455
-0.0503043
-0.0462773
-0.034843
-0.0192774
-0.00286983
0.0124654
0.0254181
0.0326986
0.0352827
0.0329975
0.0261559
0.014869
-0.00047938
-0.0185233
-0.0356351
-0.0479317
-0.0518337
-0.0466064
-0.0341801
-0.017896
-0.000758514
0.015353
0.0244603
0.0313576
0.0338589
0.0315531
0.0245059
0.0129857
-0.0020886
-0.0187149
-0.0337624
-0.0436758
-0.0458294
-0.0399867
-0.0282184
-0.013605
0.0014753
0.015713
0.0197335
0.0246439
0.026658
0.0247342
0.0186351
0.00865174
-0.0040204
-0.0172066
-0.0281887
-0.0343756
-0.0342881
-0.0283002
-0.0184625
-0.00736998
0.00342591
0.0137883
0.0124726
0.0141123
0.0152417
0.0139361
0.00969058
0.0026817
-0.00595296
-0.014234
-0.0200502
-0.0219249
-0.0195197
-0.0138026
-0.00668233
-0.000165848
0.00501182
0.0103975
0.0042738
0.00192769
0.00176071
0.00106271
-0.000767994
-0.00374554
-0.00715523
-0.00965133
-0.00996689
-0.00765201
-0.00332067
0.00165859
0.00564115
0.00725402
0.00644714
0.00650941
-0.00350952
-0.00997846
-0.0117723
-0.0119611
-0.0111465
-0.00947141
-0.00698525
-0.00339803
0.00149797
0.00728757
0.012869
0.0165933
0.0173117
0.0142785
0.00796212
0.00286057
-0.0101132
-0.0201013
-0.0237486
-0.0236087
-0.0200389
-0.0136002
-0.00519854
0.00409128
0.013343
0.0215037
0.0272792
0.0293975
0.0270637
0.0201288
0.00941305
-0.000357049
-0.0158943
-0.028329
-0.0334551
-0.0327182
-0.0262746
-0.0156635
-0.00235496
0.0112435
0.023313
0.0325116
0.0377156
0.0380909
0.0333103
0.0235565
0.00977875
-0.00384677
-0.019868
-0.0334739
-0.0394311
-0.0377895
-0.028863
-0.0149452
0.00132225
0.0167655
0.0292211
0.0376763
0.0415467
0.0404889
0.0344425
0.0235449
0.00875203
-0.00707928
-0.00550881
-0.0187859
-0.028202
-0.0307971
-0.0239428
-0.00833096
0.0112028
0.0278752
0.0381913
0.0420706
0.0411905
0.0372542
0.0313121
0.0235755
0.0139032
0.00273026
)
;

boundaryField
{
    patch0_half0
    {
        type            cyclic;
    }
    patch0_half1
    {
        type            cyclic;
    }
    patch1_half0
    {
        type            cyclic;
    }
    patch1_half1
    {
        type            cyclic;
    }
    patch2_half0
    {
        type            cyclic;
    }
    patch2_half1
    {
        type            cyclic;
    }
}


// ************************************************************************* //
