/*--------------------------------*- C++ -*----------------------------------*\
| =========                 |                                                 |
| \\      /  F ield         | OpenFOAM: The Open Source CFD Toolbox           |
|  \\    /   O peration     | Version:  3.0.0                                 |
|   \\  /    A nd           | Web:      www.OpenFOAM.org                      |
|    \\/     M anipulation  |                                                 |
\*---------------------------------------------------------------------------*/
FoamFile
{
    version     2.0;
    format      ascii;
    class       volScalarField;
    location    "4.75";
    object      p;
}
// * * * * * * * * * * * * * * * * * * * * * * * * * * * * * * * * * * * * * //

dimensions      [0 2 -2 0 0 0 0];

internalField   nonuniform List<scalar> 
4096
(
-0.0211533
-0.0376864
-0.0489589
-0.0524633
-0.0460448
-0.0303487
-0.0101613
0.00832328
0.0209496
0.0269166
0.0275987
0.0248765
0.019773
0.0124189
0.00211913
-0.0106426
-0.0277339
-0.0419212
-0.0491411
-0.0494186
-0.0422345
-0.028579
-0.011594
0.00468901
0.0171379
0.0244523
0.0267809
0.0247916
0.0189919
0.00959441
-0.00316582
-0.016691
-0.0159989
-0.0296519
-0.0359576
-0.0361983
-0.0298498
-0.0179689
-0.00373984
0.00906021
0.0179918
0.0226677
0.0239605
0.022747
0.0192177
0.0128636
0.00328354
-0.0060467
-0.00122457
-0.0131727
-0.0179074
-0.0183839
-0.0141161
-0.00609242
0.00308542
0.0106013
0.0150757
0.0169634
0.0175769
0.0177783
0.01736
0.0150724
0.00992121
0.00637818
0.0138224
0.00435865
0.00143137
0.000508431
0.00193413
0.00505583
0.00814465
0.00966363
0.00940895
0.0085873
0.00877149
0.0107095
0.0137466
0.0159666
0.0158233
0.0183762
0.0267967
0.0204288
0.019011
0.0173577
0.0157835
0.0140606
0.0113781
0.00737955
0.00286805
-0.000354069
-0.000537409
0.00293507
0.00907489
0.0154804
0.02015
0.0279162
0.0350254
0.0321622
0.031953
0.0296328
0.0255242
0.0198499
0.0126429
0.00447679
-0.00315537
-0.00814196
-0.00868142
-0.00429983
0.00386686
0.0132805
0.0216857
0.0328162
0.0371023
0.0377891
0.0385946
0.0359825
0.0302209
0.0219801
0.0119891
0.0013879
-0.00793764
-0.0138325
-0.0147195
-0.010218
-0.00146112
0.00923123
0.0197388
0.0321064
0.0333162
0.0369629
0.0386434
0.0361824
0.0298475
0.0204871
0.00935804
-0.00193519
-0.0115139
-0.0175226
-0.0186514
-0.0146699
-0.00659673
0.00368159
0.0145455
0.0264613
0.0254304
0.030651
0.0329726
0.031012
0.0249571
0.0158302
0.00515023
-0.00538893
-0.0141179
-0.0195644
-0.0207672
-0.0176349
-0.0110172
-0.00229772
0.00743245
0.0179901
0.0157921
0.0205684
0.0229707
0.0214883
0.0163538
0.00867545
-9.3154e-05
-0.00852849
-0.01539
-0.0196635
-0.0207132
-0.0185081
-0.013665
-0.00714809
0.000427386
0.00935133
0.00604295
0.00834397
0.00986759
0.00851174
0.00474245
-0.000344696
-0.00572148
-0.01063
-0.0145318
-0.0169462
-0.0175061
-0.0161399
-0.0131682
-0.00920515
-0.00458305
0.00215201
-0.00343735
-0.00500117
-0.0054767
-0.00712049
-0.00913473
-0.0105214
-0.0110105
-0.0109503
-0.0108366
-0.0107674
-0.0105323
-0.00990892
-0.0089155
-0.00785692
-0.00690786
-0.00374336
-0.0134831
-0.0191827
-0.0221892
-0.0241228
-0.0240805
-0.0211188
-0.0158283
-0.00991864
-0.00504604
-0.00198493
-0.000686367
-0.000796481
-0.00204509
-0.00442582
-0.00793999
-0.0100073
-0.0232492
-0.032578
-0.0378913
-0.0398524
-0.0374201
-0.0303278
-0.0196966
-0.00834029
0.00112956
0.00722646
0.00968278
0.00894061
0.00543304
-0.000514812
-0.00857048
-0.0165136
-0.0180594
-0.0330129
-0.043717
-0.0476939
-0.0427346
-0.029272
-0.011428
0.00480796
0.0154737
0.0201225
0.0202773
0.0182368
0.0147451
0.00949762
0.00149083
-0.00896665
-0.0309986
-0.0464421
-0.0549043
-0.0543417
-0.0441621
-0.0268867
-0.00784157
0.00813827
0.018788
0.0240546
0.0248402
0.0220704
0.0161245
0.00711957
-0.00521418
-0.0197978
-0.0366285
-0.0496583
-0.0551076
-0.0531307
-0.0441933
-0.030134
-0.0140633
0.000974069
0.0129128
0.020726
0.0239734
0.0224105
0.0159335
0.0048591
-0.00993864
-0.0256395
-0.0254331
-0.0378154
-0.0429136
-0.0415363
-0.0339361
-0.0217991
-0.00822142
0.00384907
0.0129138
0.0187113
0.0213817
0.0208073
0.0165985
0.0084432
-0.00329625
-0.0153396
-0.0109359
-0.0215366
-0.0252749
-0.0245149
-0.0193981
-0.0112095
-0.00238506
0.00495908
0.010106
0.0134602
0.0155541
0.0163175
0.0150452
0.0108163
0.00345268
-0.00302491
0.00463501
-0.00344649
-0.00553316
-0.00555249
-0.00357413
-0.000362925
0.00261563
0.00437397
0.00511373
0.0058554
0.00742244
0.00972101
0.0117184
0.0118927
0.00955777
0.00942115
0.0189381
0.0136084
0.0129851
0.0120488
0.0108268
0.00911811
0.00641563
0.00279882
-0.000682291
-0.00245304
-0.0014243
0.00229785
0.00741544
0.0118847
0.0145236
0.0202133
0.0294832
0.0269631
0.0273569
0.0254868
0.021505
0.0157197
0.00843199
0.000573586
-0.0062361
-0.0100169
-0.0095074
-0.00480567
0.00268865
0.010605
0.0173938
0.02733
0.0345819
0.0347801
0.0357368
0.0331272
0.0272258
0.0187548
0.0085761
-0.00174801
-0.0106825
-0.0156957
-0.0157489
-0.0107894
-0.00217472
0.00781374
0.0174068
0.0295304
0.0337858
0.0363563
0.0375705
0.0345831
0.027835
0.0182942
0.00718812
-0.00398116
-0.0133472
-0.0190246
-0.0197535
-0.0153845
-0.00702356
0.0034346
0.0142918
0.0267684
0.027872
0.032021
0.0333844
0.030516
0.0239831
0.0149131
0.00457563
-0.00568883
-0.0144145
-0.0200883
-0.0215465
-0.0184624
-0.0115098
-0.00207267
0.00852503
0.0201923
0.0183517
0.0227162
0.0241888
0.021919
0.016607
0.00938225
0.00130063
-0.00674735
-0.013843
-0.0189205
-0.020987
-0.0195382
-0.0147762
-0.00750108
0.00142352
0.0115937
0.0068064
0.0096058
0.0109289
0.00961796
0.00644351
0.00231368
-0.00222911
-0.00694685
-0.0115192
-0.0153267
-0.0175747
-0.0176598
-0.0154071
-0.0111557
-0.00531896
0.00254912
-0.0055909
-0.00601348
-0.00551531
-0.00573541
-0.00600397
-0.00589342
-0.0057235
-0.00609293
-0.00731404
-0.00913339
-0.0109455
-0.0121583
-0.0124133
-0.0117537
-0.0103115
-0.00625097
-0.0183819
-0.0227612
-0.0237379
-0.0230336
-0.0201555
-0.0153009
-0.00977046
-0.00507954
-0.00218008
-0.00121203
-0.00184986
-0.00369467
-0.0063981
-0.00980801
-0.0136821
-0.0151773
-0.0301177
-0.0382545
-0.0410473
-0.0397103
-0.0341561
-0.0252506
-0.0149833
-0.0054332
0.00192686
0.00637309
0.00765074
0.00576459
0.000944005
-0.00641864
-0.0156199
-0.0234765
-0.0278126
-0.0419804
-0.0499192
-0.0497968
-0.0407089
-0.0251114
-0.00830965
0.00512211
0.0134897
0.0172671
0.017553
0.0152636
0.0108106
0.00384439
-0.00611774
-0.0176789
-0.0326201
-0.0458184
-0.0513735
-0.0482784
-0.0364989
-0.0192191
-0.0017065
0.0120133
0.0204929
0.0240525
0.0235978
0.0198718
0.0131577
0.00356013
-0.00892499
-0.022175
-0.0391704
-0.0505394
-0.0543295
-0.0508558
-0.0409091
-0.0264862
-0.010653
0.00361666
0.0144784
0.0211365
0.0232992
0.0207369
0.013328
0.00147435
-0.0137269
-0.0291257
-0.0316014
-0.0421252
-0.0456657
-0.0426352
-0.0336865
-0.020787
-0.00693521
0.0048837
0.0135903
0.0189703
0.0210375
0.0194807
0.0138435
0.00410447
-0.00889194
-0.0221304
-0.0193709
-0.027867
-0.0303411
-0.0280494
-0.0215343
-0.0123737
-0.00297852
0.00471196
0.010153
0.0136598
0.0154706
0.0152246
0.0121816
0.00588386
-0.00321138
-0.0118439
-0.00469098
-0.010709
-0.0117983
-0.0105531
-0.00736243
-0.00317281
0.000602217
0.00311859
0.00461302
0.00588675
0.00736773
0.008654
0.00872637
0.00665617
0.00249395
-0.000149755
0.0101646
0.00647957
0.00654824
0.0065135
0.00618602
0.00530852
0.00344052
0.000751017
-0.00175904
-0.00280373
-0.00172597
0.00106451
0.00435048
0.00671883
0.00769369
0.0111821
0.0225586
0.0208383
0.0215514
0.0201295
0.0166665
0.0114955
0.00497213
-0.00196788
-0.00777606
-0.0108083
-0.0101633
-0.00618497
-0.00018777
0.00605437
0.0115431
0.0200798
0.0304144
0.0303125
0.0311199
0.0284749
0.0227181
0.0146841
0.00522499
-0.00432516
-0.0122562
-0.016675
-0.0165678
-0.0120664
-0.00439556
0.00453486
0.0133224
0.025007
0.0327201
0.0339899
0.0345036
0.0309784
0.0241259
0.014959
0.0045489
-0.00580727
-0.0144754
-0.0197102
-0.0203248
-0.0161507
-0.00811139
0.00199451
0.0126165
0.0253927
0.0297003
0.0320375
0.032164
0.028378
0.0215873
0.0129327
0.00336301
-0.00617267
-0.0144495
-0.0199798
-0.0214741
-0.0184293
-0.0113242
-0.00149447
0.00952399
0.0217947
0.0225081
0.0252746
0.025156
0.021755
0.0161411
0.00939016
0.00207797
-0.0054268
-0.0124459
-0.017812
-0.0202135
-0.0188017
-0.0135494
-0.00527586
0.0047326
0.015591
0.0126003
0.0146194
0.0144514
0.0120454
0.00858497
0.00487187
0.000892272
-0.00367807
-0.00872868
-0.0134081
-0.0164403
-0.0167458
-0.0138683
-0.0081909
-0.000618908
0.00819819
0.0010174
0.0008612
0.000575518
-0.00037108
-0.000842886
-0.000525345
-0.000253581
-0.00112463
-0.00353397
-0.00687944
-0.00998552
-0.0117168
-0.0114159
-0.00917038
-0.00549603
0.000181827
-0.0118002
-0.0151632
-0.0159396
-0.0153239
-0.012427
-0.00757731
-0.00248849
0.000999945
0.00202466
0.000899355
-0.00145802
-0.00410649
-0.00642803
-0.00832151
-0.00985604
-0.00889393
-0.0247967
-0.0316126
-0.0333939
-0.0315254
-0.0256762
-0.0167903
-0.0071571
0.000917542
0.00609987
0.00817159
0.00750391
0.0045837
-0.000138503
-0.00635464
-0.0136159
-0.0186559
-0.0285984
-0.0407794
-0.0459768
-0.0434297
-0.0326422
-0.0167091
-0.00111359
0.0101551
0.0161947
0.017997
0.0168424
0.0135386
0.00837874
0.00102421
-0.00881965
-0.0187495
-0.0299548
-0.0408275
-0.0432424
-0.0382592
-0.0263679
-0.0108589
0.00385608
0.0149098
0.0214933
0.0239948
0.0230793
0.0191582
0.012335
0.00265518
-0.00954913
-0.0203119
-0.0370638
-0.0470902
-0.0491802
-0.0446025
-0.034398
-0.0205735
-0.00605863
0.0065522
0.0158001
0.0211913
0.0225365
0.0195491
0.0120419
0.000350318
-0.01432
-0.0276261
-0.0338062
-0.0426306
-0.0443433
-0.0398904
-0.0302186
-0.0174921
-0.0046588
0.00601523
0.013692
0.0183208
0.0197906
0.0176003
0.0111814
0.000722924
-0.0125893
-0.0250392
-0.0250326
-0.0315168
-0.0323221
-0.0285533
-0.0210503
-0.011593
-0.00249631
0.00469011
0.00967855
0.0127713
0.0139705
0.0127251
0.0083078
0.000637446
-0.00926248
-0.0182412
-0.012837
-0.0164676
-0.0161961
-0.0135805
-0.00925344
-0.00433574
-0.000202913
0.00246461
0.0039824
0.00501384
0.0057097
0.005637
0.00382735
2.84459e-05
-0.00510259
-0.00885721
0.000938054
-0.000366222
0.000790373
0.0019259
0.00274294
0.00283919
0.00176679
-0.000305082
-0.00248432
-0.00369075
-0.00352921
-0.00241901
-0.00124415
-0.000697658
-0.000652096
0.00150573
0.0138258
0.0139416
0.0154376
0.0149097
0.0124485
0.00831159
0.00279492
-0.00329465
-0.00862282
-0.0117785
-0.0121008
-0.00984158
-0.00587277
-0.00126489
0.0034661
0.0109802
0.0236144
0.0242853
0.0254792
0.0233647
0.0184067
0.0113637
0.00296668
-0.00568455
-0.0130836
-0.0176381
-0.0184087
-0.0153715
-0.00932346
-0.00160455
0.00665332
0.0179265
0.0288494
0.0295856
0.029986
0.0266377
0.0203444
0.0121102
0.00275172
-0.00672832
-0.014951
-0.0202917
-0.0216032
-0.0184189
-0.0113843
-0.00190467
0.00842816
0.0213432
0.0291546
0.0298475
0.0292847
0.0252791
0.0189154
0.0111873
0.00266465
-0.00608032
-0.0140306
-0.0196853
-0.0216169
-0.0190566
-0.0122347
-0.00241575
0.00856497
0.0211523
0.0251477
0.0257583
0.0243649
0.020459
0.0151848
0.00935217
0.0030613
-0.00380131
-0.0106643
-0.016228
-0.0189074
-0.0175572
-0.0119899
-0.00315197
0.0071805
0.0181201
0.0178252
0.0180638
0.0163524
0.013239
0.0100017
0.00709684
0.00392629
-0.000274051
-0.00545835
-0.010534
-0.0138445
-0.0139969
-0.0104379
-0.00373857
0.00463615
0.0132562
0.0080669
0.00714264
0.00559536
0.00398921
0.00356669
0.00431161
0.0048854
0.00385931
0.000867865
-0.00318757
-0.0067479
-0.00834954
-0.00725532
-0.00372368
0.00125491
0.00704012
-0.00371071
-0.00678824
-0.0080004
-0.00768312
-0.00489222
-0.000171111
0.00447734
0.00708891
0.00695851
0.00470694
0.00162004
-0.00106966
-0.00265927
-0.00315876
-0.00299239
-0.000970705
-0.0168505
-0.0226788
-0.0239574
-0.0218587
-0.0160342
-0.0075818
0.0010981
0.0077179
0.0111848
0.0116644
0.00990648
0.00667665
0.00251233
-0.00240952
-0.00791668
-0.0108518
-0.0260484
-0.0360277
-0.0381132
-0.0333403
-0.0218492
-0.00705266
0.00614388
0.0148648
0.0189857
0.0196416
0.0178775
0.0141836
0.00863537
0.000981494
-0.00877085
-0.0168219
-0.0229835
-0.0324802
-0.032854
-0.0272674
-0.0167048
-0.0039056
0.00795823
0.0169935
0.0226322
0.0250493
0.0245342
0.0211552
0.014825
0.00560127
-0.00590895
-0.0138458
-0.0316545
-0.040861
-0.0414228
-0.0363773
-0.0266295
-0.0141322
-0.00150636
0.00917534
0.0169382
0.0215161
0.0226685
0.0199236
0.0129713
0.00200661
-0.0117769
-0.0222105
-0.0317873
-0.039692
-0.0396633
-0.0343619
-0.0249055
-0.0134107
-0.00240247
0.00654664
0.0130387
0.0170865
0.0183499
0.0160502
0.00967595
-0.000666716
-0.0135923
-0.0235986
-0.0267247
-0.0317616
-0.0309414
-0.0262033
-0.0185894
-0.00984761
-0.00197445
0.00400631
0.00812779
0.0106621
0.0113741
0.00951528
0.0044842
-0.00357861
-0.0133322
-0.0206294
-0.0177798
-0.0194336
-0.0176896
-0.0140344
-0.00920775
-0.00435702
-0.000697582
0.00135849
0.0022649
0.00258784
0.00232547
0.000954324
-0.00205937
-0.0066212
-0.0116808
-0.0145413
-0.00634423
-0.00515856
-0.00268975
-0.000486888
0.00112263
0.00167308
0.000738353
-0.00147217
-0.00407365
-0.00622953
-0.00752648
-0.00823157
-0.0087255
-0.009124
-0.00890791
-0.00642252
0.00560044
0.0082784
0.0109277
0.011433
0.00992221
0.00656196
0.00157241
-0.00438418
-0.0101254
-0.0143556
-0.0164414
-0.0162821
-0.014132
-0.0104311
-0.00538505
0.00226125
0.0159719
0.0186288
0.0207701
0.0195922
0.0156331
0.00952828
0.00183693
-0.00655373
-0.0143461
-0.0200686
-0.0226238
-0.0216157
-0.0172041
-0.0101886
-0.00155676
0.0099833
0.0230816
0.0246714
0.025719
0.0231772
0.0178733
0.0106589
0.00208774
-0.00710405
-0.015695
-0.0220895
-0.024933
-0.023398
-0.0175578
-0.00851571
0.00209026
0.0154843
0.026051
0.0262429
0.0259098
0.0225508
0.0171928
0.0105852
0.00292527
-0.00548644
-0.0137169
-0.0201736
-0.0232211
-0.0217084
-0.0155304
-0.00590134
0.00511206
0.018136
0.0249335
0.0239748
0.0223237
0.0188448
0.0146026
0.0100087
0.0046646
-0.00177044
-0.00876713
-0.0148325
-0.0181157
-0.0172093
-0.011776
-0.00291311
0.00718497
0.018066
0.0203651
0.0185971
0.0160963
0.013206
0.0109677
0.00932784
0.00714762
0.00341392
-0.00177272
-0.00707233
-0.0105784
-0.0107084
-0.0069068
8.02672e-07
0.00805137
0.0158396
0.0130385
0.0104805
0.00786878
0.0062764
0.00662566
0.00837853
0.00969469
0.0089949
0.00600285
0.00185624
-0.0016561
-0.00298236
-0.00143025
0.00250533
0.00738939
0.0118506
0.00328088
-0.000506521
-0.00255216
-0.00233924
0.000815872
0.00596127
0.0107799
0.0132817
0.0129214
0.0104671
0.00742717
0.00505974
0.00404108
0.00417988
0.00474456
0.00583773
-0.00861649
-0.0144191
-0.015698
-0.0134721
-0.00753291
0.000790204
0.00896203
0.0147741
0.0173906
0.0172881
0.0153192
0.0123066
0.00873334
0.00462311
-5.37496e-05
-0.00269736
-0.0197416
-0.027834
-0.027787
-0.0218227
-0.0108168
0.00188363
0.0124467
0.0191819
0.0224082
0.0230158
0.0215433
0.0180888
0.0125946
0.00491925
-0.00472457
-0.0115012
-0.0147912
-0.0233838
-0.0233944
-0.0186694
-0.0100988
0.00040099
0.0106012
0.018971
0.0247776
0.0278699
0.0282062
0.0256379
0.0200661
0.0115822
0.000858678
-0.0058852
-0.0243527
-0.0338067
-0.0336059
-0.0286103
-0.0197243
-0.00871724
0.00213451
0.0113372
0.0182897
0.0227666
0.024303
0.0221812
0.0159697
0.00578927
-0.00722959
-0.0153236
-0.0264878
-0.0344166
-0.0332552
-0.027956
-0.0195997
-0.00996405
-0.000991607
0.00640711
0.0121359
0.0160953
0.0176375
0.0157733
0.00992797
0.0002614
-0.0118775
-0.0188347
-0.0242703
-0.0290879
-0.0270869
-0.0222488
-0.01552
-0.00834837
-0.00220356
0.00242253
0.00577626
0.00799355
0.00858918
0.00670825
0.00187378
-0.00569291
-0.0146274
-0.018896
-0.0185021
-0.019319
-0.0164561
-0.0125089
-0.00811707
-0.00423145
-0.00175452
-0.000774306
-0.000730456
-0.00116346
-0.00215899
-0.00419347
-0.00747852
-0.0117024
-0.0157913
-0.0160971
-0.00991185
-0.00702612
-0.00347534
-0.000767889
0.000866733
0.00102978
-0.000573494
-0.00362702
-0.00726656
-0.0106519
-0.0133753
-0.0153819
-0.0165711
-0.0167036
-0.0152638
-0.0107938
6.63488e-05
0.0051493
0.00889195
0.0101025
0.00899395
0.00568887
0.000382977
-0.0062851
-0.0132176
-0.0191612
-0.0232142
-0.0248118
-0.023611
-0.019618
-0.0131014
-0.00393011
0.00967131
0.0149015
0.0181774
0.0178782
0.014598
0.00883546
0.00102988
-0.00802595
-0.0172408
-0.024872
-0.02961
-0.030493
-0.027051
-0.0197053
-0.00954811
0.00324296
0.0172055
0.0208759
0.0230742
0.0215551
0.0171412
0.0104744
0.00189981
-0.00796383
-0.017917
-0.0262042
-0.0310872
-0.0312567
-0.0262212
-0.0169026
-0.00504707
0.00946344
0.0215128
0.0227848
0.0235143
0.0212868
0.0170135
0.0111506
0.00364238
-0.00530598
-0.0146848
-0.0227
-0.0273579
-0.0271332
-0.0215643
-0.0118082
-0.000145501
0.0137521
0.0222281
0.0211565
0.0203404
0.0180478
0.0150771
0.0114712
0.00652475
-0.000153841
-0.00789454
-0.0149672
-0.0192621
-0.0191326
-0.0141027
-0.00539364
0.00456149
0.0157255
0.0196757
0.0168254
0.0147369
0.0129851
0.0121681
0.0117406
0.0102439
0.00664084
0.0012104
-0.00448736
-0.00837713
-0.00880443
-0.0052458
0.00125587
0.00843799
0.015531
0.0145165
0.0104803
0.00771872
0.00703149
0.00875238
0.0117694
0.0139233
0.0136415
0.0108398
0.00681231
0.0034174
0.00216674
0.00362469
0.00706276
0.0107604
0.0134974
0.00708105
0.00203168
-0.000573185
0.000183114
0.0044104
0.0105989
0.0160936
0.0190188
0.0189806
0.0169037
0.0142404
0.0121793
0.0112357
0.0110396
0.0106425
0.0095316
-0.00275185
-0.00911324
-0.0107646
-0.00813528
-0.00149942
0.00732622
0.0156525
0.0213945
0.0240236
0.024097
0.0224878
0.0198563
0.0165097
0.0123547
0.00726342
0.00298865
-0.0113248
-0.0185314
-0.0177902
-0.0118917
-0.00221501
0.00833409
0.0170883
0.0230934
0.0266191
0.0280411
0.0274077
0.0245518
0.0193797
0.0119166
0.00267905
-0.00349679
-0.00803723
-0.0168394
-0.0178991
-0.0145214
-0.00731293
0.00232519
0.0123929
0.0212868
0.027924
0.0318814
0.0329663
0.0309653
0.0258811
0.0179178
0.00770178
0.000739167
-0.0184055
-0.0280151
-0.0277495
-0.0231299
-0.0151215
-0.00532346
0.00438976
0.0129461
0.0199116
0.0249013
0.0270839
0.0255307
0.0198038
0.0100887
-0.00247646
-0.0097102
-0.0202961
-0.0287152
-0.0273828
-0.0228641
-0.0160565
-0.00825515
-0.000809064
0.0058071
0.0115226
0.0159338
0.018053
0.0167675
0.0116032
0.00279052
-0.00842913
-0.0131024
-0.0193737
-0.024916
-0.0227097
-0.0187069
-0.0135694
-0.00822966
-0.0036151
0.000155398
0.00331418
0.00571111
0.00661026
0.00514499
0.00108009
-0.00548372
-0.013271
-0.0146111
-0.0157829
-0.0170711
-0.0139617
-0.0106531
-0.00752157
-0.00513597
-0.00400306
-0.00395025
-0.00444033
-0.00519501
-0.00640277
-0.00838107
-0.0111038
-0.0141044
-0.0167858
-0.0141458
-0.00960466
-0.00643498
-0.00255985
-0.000197526
0.000622961
-0.000288017
-0.00301346
-0.00710781
-0.0117277
-0.0160803
-0.0196563
-0.0220562
-0.0228064
-0.0216464
-0.0184296
-0.0113393
-0.00183623
0.00455113
0.00878915
0.00999632
0.00851369
0.00450226
-0.00179317
-0.00968652
-0.0180537
-0.0255917
-0.0311008
-0.0335178
-0.0320469
-0.0266618
-0.0180324
-0.0065515
0.00620657
0.0135489
0.0175883
0.0176433
0.0143603
0.00814077
-0.000616058
-0.0111302
-0.0220818
-0.03173
-0.0383194
-0.0402886
-0.0367259
-0.0279513
-0.0154862
-0.000796793
0.012993
0.0190879
0.0223537
0.0215381
0.0174369
0.0104953
0.000992307
-0.0103967
-0.0222907
-0.0326943
-0.0394579
-0.0407691
-0.0357704
-0.0251406
-0.0111654
0.00493027
0.0173
0.0207341
0.0227907
0.0216029
0.0179264
0.0119854
0.0036603
-0.00671499
-0.0178869
-0.0277764
-0.0340532
-0.034825
-0.0293637
-0.0187521
-0.00560733
0.00955696
0.0185391
0.0189016
0.0195407
0.0185634
0.0164906
0.0130828
0.00759119
-0.000180039
-0.00926981
-0.0176919
-0.0231227
-0.0237338
-0.0189574
-0.0100047
0.000462821
0.0123777
0.0168133
0.0144696
0.0137529
0.0134996
0.0138661
0.0139811
0.0123509
0.00817698
0.00203056
-0.0043402
-0.00878799
-0.00965199
-0.00647416
-0.000426061
0.00620293
0.0132106
0.0128012
0.00843198
0.00670125
0.00750332
0.0106013
0.0144702
0.0169261
0.0166378
0.0137743
0.009728
0.00630284
0.00488803
0.00588545
0.00841083
0.0107295
0.0122983
0.00695644
0.0011443
-0.00100141
0.00105048
0.00669198
0.0138704
0.0199371
0.0232112
0.0235408
0.0218967
0.0195819
0.0175813
0.0162021
0.0149635
0.0128966
0.00962664
-0.000931688
-0.00773985
-0.00924407
-0.00556479
0.00225217
0.011832
0.0204477
0.0263791
0.029407
0.030074
0.0290082
0.0265932
0.0229358
0.0179065
0.0114181
0.0046748
-0.00443956
-0.0114242
-0.0110949
-0.00596028
0.00238757
0.0116059
0.0198533
0.0263325
0.0309446
0.0334844
0.0336845
0.031313
0.0263777
0.0190636
0.00999313
0.00305485
-0.00543822
-0.0146294
-0.0168204
-0.0140497
-0.00682723
0.00337884
0.0143063
0.0240119
0.0313701
0.0358319
0.0371117
0.0350714
0.0298811
0.0218549
0.0116702
0.00339778
-0.0148837
-0.0242519
-0.0243888
-0.0202594
-0.0128976
-0.00375994
0.00559664
0.0143242
0.0219055
0.0275443
0.0301365
0.028683
0.0229592
0.0132986
0.00106578
-0.00651364
-0.015374
-0.024163
-0.0235924
-0.0202689
-0.0148502
-0.00820021
-0.00126546
0.00557131
0.0119615
0.0170573
0.0196164
0.0185917
0.0138036
0.00568969
-0.00462896
-0.00851112
-0.0143587
-0.0209266
-0.0196292
-0.0170842
-0.0135952
-0.00959337
-0.00561664
-0.00173338
0.00198194
0.00497122
0.00631519
0.00529057
0.00189596
-0.00351326
-0.0101569
-0.00998694
-0.0115572
-0.0141874
-0.0119839
-0.0100886
-0.00853581
-0.00746762
-0.00708006
-0.00716445
-0.00743878
-0.00790471
-0.00880707
-0.0102422
-0.0118765
-0.0135005
-0.0148788
-0.0104341
-0.00672662
-0.00466786
-0.00157768
-0.000386955
-0.000882616
-0.00298863
-0.00656281
-0.0111784
-0.0161146
-0.0206926
-0.024292
-0.0262001
-0.0257089
-0.0228177
-0.0179939
-0.00910274
-0.000591473
0.00545105
0.00918816
0.00958284
0.00711091
0.00204998
-0.00530963
-0.0141958
-0.0234978
-0.0318581
-0.037822
-0.0399345
-0.0371664
-0.0297921
-0.0191452
-0.00604525
0.00575715
0.01389
0.0178469
0.0174972
0.0135186
0.00627951
-0.0037715
-0.0157401
-0.028167
-0.0391378
-0.0465539
-0.0484528
-0.0436756
-0.0328207
-0.0180872
-0.00170881
0.0112812
0.0190542
0.0227429
0.0219481
0.0174045
0.00945095
-0.00155526
-0.0147315
-0.0284438
-0.040434
-0.0482244
-0.0496379
-0.0435991
-0.0310484
-0.0147526
0.00278896
0.0147247
0.0203588
0.023345
0.0225988
0.018725
0.0118194
0.00190434
-0.0103663
-0.0233985
-0.0348397
-0.0421134
-0.0430853
-0.0368997
-0.0247524
-0.009635
0.006778
0.0154928
0.018072
0.0200589
0.0199132
0.0179168
0.0137013
0.00673535
-0.00276156
-0.0134481
-0.0231087
-0.0293085
-0.0301463
-0.0250713
-0.0151657
-0.00345479
0.0094233
0.0135784
0.0130327
0.0139099
0.0148173
0.0155705
0.0151691
0.012398
0.00692274
-0.000313888
-0.00742349
-0.0122972
-0.0133561
-0.0100943
-0.00401915
0.00285583
0.0103398
0.00965225
0.00643685
0.00627353
0.00845111
0.0122474
0.0159894
0.0177919
0.0167779
0.0134322
0.00918908
0.00569695
0.00414717
0.00480352
0.00672477
0.00834949
0.00967177
0.00425208
-0.000968052
-0.00180812
0.00172582
0.00829755
0.0156977
0.0215433
0.0246052
0.0249886
0.0236084
0.021518
0.0194353
0.0174975
0.0152175
0.0118092
0.0074071
-0.00235279
-0.00870024
-0.00923268
-0.00431972
0.0043717
0.0141403
0.0225946
0.0285916
0.0320573
0.0333275
0.0326882
0.0302451
0.0259694
0.0198142
0.0119031
0.00338035
-0.00164936
-0.00851836
-0.00883258
-0.00436283
0.00332099
0.0123248
0.0211104
0.0286869
0.0343973
0.0377219
0.038294
0.0359789
0.0308709
0.0233588
0.0140988
0.00580406
-0.00679323
-0.0156833
-0.018017
-0.0147025
-0.00645127
0.00475229
0.0163799
0.0265032
0.034025
0.0383419
0.0391758
0.0364779
0.0307487
0.0223317
0.0118318
0.00225393
-0.0135853
-0.0221589
-0.0228128
-0.0191359
-0.0121225
-0.00310512
0.00655313
0.0159163
0.024235
0.0301284
0.032488
0.030508
0.0243301
0.0146934
0.00289893
-0.00539052
-0.0126607
-0.0212627
-0.0219042
-0.0196896
-0.0150329
-0.00854626
-0.00106221
0.00675947
0.0140634
0.0195557
0.0219584
0.0205638
0.0156495
0.00794839
-0.00152583
-0.00591271
-0.0107648
-0.0179733
-0.0183166
-0.0172899
-0.0148683
-0.0111748
-0.00665661
-0.0017014
0.00305646
0.00664236
0.00811858
0.00710542
0.00402122
-0.000617021
-0.00633961
-0.00647463
-0.00760097
-0.0116765
-0.0113188
-0.0111206
-0.0108008
-0.0102046
-0.00945897
-0.00864125
-0.00794014
-0.00769779
-0.00813019
-0.0090275
-0.00980755
-0.0103274
-0.0108512
-0.00657456
-0.00300607
-0.00282725
-0.00154327
-0.00198581
-0.00370545
-0.00641444
-0.00997557
-0.0141059
-0.0184106
-0.022399
-0.0253511
-0.0262816
-0.0244187
-0.0200565
-0.0143624
-0.00553785
0.00235587
0.00670903
0.00892366
0.00793957
0.00432644
-0.00155074
-0.00932595
-0.0183266
-0.027542
-0.0356406
-0.0410075
-0.0419525
-0.0374376
-0.0282576
-0.0165262
-0.00337865
0.00758021
0.0147955
0.0177023
0.0163132
0.0112846
0.00300324
-0.00800246
-0.0207432
-0.0336784
-0.0447945
-0.0518082
-0.0525534
-0.0459229
-0.0330601
-0.0168897
-0.000357498
0.0117566
0.0197886
0.0230122
0.021549
0.0160318
0.00677567
-0.00568758
-0.0202112
-0.03493
-0.0474113
-0.0550191
-0.0554385
-0.047658
-0.0330869
-0.0151072
0.00293545
0.0140369
0.0209641
0.0240965
0.0230508
0.0182772
0.00985736
-0.00189378
-0.0159016
-0.0302257
-0.0423317
-0.0495612
-0.0497375
-0.0420789
-0.0281207
-0.011256
0.00580483
0.0138843
0.0184239
0.021114
0.0210153
0.0182271
0.0124065
0.00343312
-0.00792922
-0.0199356
-0.0302317
-0.0364093
-0.0366292
-0.0303831
-0.0191597
-0.00595002
0.00765346
0.011274
0.0128815
0.0149002
0.0161677
0.0163036
0.0143811
0.00969089
0.00250859
-0.00583339
-0.0133744
-0.0181598
-0.0187923
-0.0149574
-0.00799331
-0.000129014
0.00804551
0.00681967
0.00554507
0.0067688
0.00959491
0.0130341
0.0155302
0.0157486
0.0134155
0.00934476
0.00494688
0.00163549
0.000354157
0.00121695
0.00331116
0.00522714
0.00702657
0.00115778
-0.00247909
-0.00184637
0.00248507
0.00896197
0.0154645
0.0201773
0.0224354
0.0225526
0.021306
0.0194538
0.0174567
0.0153347
0.0126663
0.00892005
0.00459891
-0.00482606
-0.00985366
-0.00919429
-0.00360523
0.00487569
0.0139742
0.0217361
0.0275289
0.0312301
0.0328863
0.0324789
0.0299374
0.0252052
0.018397
0.00990704
0.00103009
-0.00298949
-0.00938697
-0.00988573
-0.00553347
0.00221855
0.0117344
0.0213164
0.0296871
0.0359281
0.039404
0.039789
0.0371171
0.0314893
0.0235426
0.0139311
0.00460268
-0.00981558
-0.017472
-0.0189859
-0.0146185
-0.00552912
0.00603549
0.0176109
0.0274637
0.0345728
0.0383242
0.038443
0.0350396
0.0286554
0.0198088
0.00936435
-0.000751752
-0.0134828
-0.0209055
-0.0220028
-0.0186954
-0.011804
-0.00253152
0.00778251
0.0178673
0.0263854
0.0319021
0.0333597
0.0304464
0.023751
0.0142971
0.00332882
-0.0053795
-0.011604
-0.0194068
-0.0211386
-0.0196013
-0.0149816
-0.00784173
0.00081696
0.00979576
0.0176356
0.0228144
0.024288
0.0219388
0.0165704
0.00915969
0.000577429
-0.00484232
-0.0085907
-0.0157091
-0.0177123
-0.0177339
-0.0155054
-0.0111023
-0.00519081
0.00124395
0.00692887
0.0106048
0.011555
0.0099476
0.00668433
0.00245343
-0.00252925
-0.00413894
-0.0044639
-0.0094437
-0.0111658
-0.0123442
-0.0124671
-0.0113127
-0.00921955
-0.00680428
-0.00484367
-0.00396006
-0.00421838
-0.00501935
-0.00548851
-0.00547444
-0.0056294
-0.00311625
0.000591592
-0.00104393
-0.00197745
-0.00392554
-0.00628472
-0.00871064
-0.0112338
-0.0139622
-0.0169332
-0.0198667
-0.0219465
-0.0219976
-0.0191993
-0.0141216
-0.00845989
-0.00152057
0.00582091
0.00793999
0.00809448
0.00567388
0.00128882
-0.00468914
-0.0119568
-0.0200425
-0.028156
-0.0350787
-0.0391432
-0.0385725
-0.0325855
-0.0224528
-0.010908
0.000461887
0.0103699
0.0156129
0.0168538
0.0142266
0.00830219
-0.000531661
-0.0117017
-0.0241918
-0.0364729
-0.046555
-0.0521435
-0.0511041
-0.0426719
-0.0286077
-0.0124475
0.00261174
0.0134768
0.0204314
0.0225094
0.0200426
0.0134934
0.0031958
-0.0101381
-0.0251124
-0.0396969
-0.0514279
-0.0577149
-0.0563685
-0.0467015
-0.0307426
-0.0123842
0.00468205
0.0146478
0.0215943
0.0241434
0.0223087
0.0163554
0.00642153
-0.00682789
-0.0218911
-0.0365426
-0.0481935
-0.054293
-0.0528578
-0.0434202
-0.0279909
-0.0103356
0.00630526
0.0135566
0.0190733
0.0216974
0.0209801
0.0168698
0.00915559
-0.00178005
-0.014604
-0.0272313
-0.0372741
-0.0424998
-0.0413178
-0.0334994
-0.0208585
-0.00657205
0.0071257
0.010224
0.013401
0.0157526
0.0165622
0.0152967
0.0112768
0.00441733
-0.0043661
-0.0134263
-0.0208168
-0.024796
-0.0242345
-0.0191328
-0.0109276
-0.00191137
0.00674776
0.00516599
0.00565742
0.00754698
0.0100384
0.0121157
0.0125498
0.01069
0.00688616
0.00221999
-0.00199605
-0.00463394
-0.00503109
-0.00326947
-0.000286846
0.00259499
0.00515802
-0.000905295
-0.00285868
-0.00140669
0.00268219
0.00791828
0.0126043
0.0156329
0.0168229
0.0166062
0.0155724
0.0141962
0.0127233
0.0110828
0.00890202
0.00582203
0.0023855
-0.00665417
-0.010341
-0.00907586
-0.00388676
0.0034622
0.0111563
0.0179802
0.0233775
0.0271008
0.0289452
0.0287063
0.0262634
0.0216356
0.0150508
0.00707566
-0.000963006
-0.00640923
-0.0118907
-0.0120611
-0.00753233
0.00048114
0.0102617
0.0200643
0.0285366
0.0346891
0.037873
0.0378155
0.0346248
0.0286098
0.020383
0.0107227
0.001184
-0.0121307
-0.0182751
-0.0189312
-0.0141876
-0.00530792
0.00551096
0.0162965
0.0255329
0.0321653
0.0354664
0.0351402
0.0314041
0.0249
0.0162734
0.00630785
-0.00351548
-0.0135103
-0.0199618
-0.0214999
-0.0185822
-0.0117483
-0.00214693
0.00880231
0.0192442
0.0274577
0.0320345
0.0323177
0.0285642
0.0217343
0.0129109
0.00313553
-0.00553332
-0.0108875
-0.0177032
-0.0201311
-0.0188554
-0.0138425
-0.005759
0.00403125
0.0137009
0.0213328
0.0254471
0.0255205
0.0221118
0.0164486
0.00955833
0.00203115
-0.00413847
-0.00669902
-0.0132172
-0.0163216
-0.0167269
-0.0140103
-0.00841159
-0.00102681
0.00649573
0.0123761
0.0153412
0.0151455
0.0126169
0.0090742
0.00524344
0.00102619
-0.00203612
-0.00144534
-0.0066388
-0.00988459
-0.0117178
-0.0115028
-0.00915917
-0.00542876
-0.00153746
0.00124062
0.0021827
0.0015287
0.000322537
-0.000255698
-5.27152e-05
-3.24267e-05
0.000429312
0.00427596
0.00146036
-0.00126308
-0.00408224
-0.00633634
-0.00779639
-0.00877481
-0.00984679
-0.011454
-0.0134581
-0.0149056
-0.014582
-0.0115466
-0.00651367
-0.00145441
0.00296259
0.00955139
0.00975529
0.00809365
0.00471589
0.00018964
-0.0051791
-0.0112539
-0.01782
-0.0243348
-0.0297216
-0.032381
-0.0305384
-0.02384
-0.0138474
-0.00352038
0.00508787
0.01354
0.0166601
0.0162849
0.0127414
0.00645148
-0.00224401
-0.012781
-0.0241779
-0.034977
-0.0432942
-0.0469796
-0.0441629
-0.0346094
-0.0205859
-0.00583039
0.00654273
0.015687
0.0208842
0.0216927
0.0183911
0.0112265
0.000512735
-0.0128686
-0.027352
-0.0408186
-0.0508779
-0.0551566
-0.0518321
-0.0408038
-0.0246421
-0.00741858
0.00734524
0.0157834
0.0217587
0.0234114
0.0207786
0.0138869
0.00294563
-0.0110624
-0.0262695
-0.0402587
-0.0505015
-0.0547197
-0.0513425
-0.0404263
-0.0244798
-0.00740328
0.00763301
0.0138362
0.0192068
0.0212559
0.0196846
0.0142606
0.00495737
-0.00735488
-0.02086
-0.0332246
-0.0421431
-0.0456979
-0.0427183
-0.0333989
-0.0199165
-0.00564432
0.00750548
0.00996521
0.0136254
0.0156258
0.0154398
0.0124949
0.00642858
-0.00223889
-0.0120508
-0.0210849
-0.0275606
-0.030086
-0.0279259
-0.0213391
-0.0120478
-0.00239332
0.00623303
0.00453256
0.00585547
0.00752468
0.00889403
0.00904874
0.0072195
0.0034311
-0.00145332
-0.00619863
-0.00968102
-0.0111038
-0.0101039
-0.00703297
-0.00289354
0.000978511
0.00412097
-0.0017886
-0.00284002
-0.00159132
0.00126642
0.00453423
0.00709551
0.008462
0.00879771
0.00853615
0.00804739
0.00754596
0.0070947
0.00651309
0.00541553
0.00346451
0.00106972
-0.00757765
-0.0105877
-0.00972547
-0.00587562
-0.000259549
0.00592637
0.0118117
0.0168446
0.020596
0.0226723
0.0227916
0.0208602
0.0169645
0.0113571
0.00458223
-0.00221044
-0.00947195
-0.0139993
-0.013986
-0.00963509
-0.00207722
0.00713108
0.01646
0.0246009
0.030504
0.0334597
0.0331963
0.0298761
0.0238916
0.0159169
0.00675678
-0.00223677
-0.0127544
-0.0182593
-0.0190925
-0.0153395
-0.00799141
0.00144663
0.0114001
0.0204092
0.0271329
0.0306111
0.0304979
0.0270936
0.0211783
0.0133061
0.00422781
-0.00484887
-0.013276
-0.019596
-0.0217818
-0.0194528
-0.0128064
-0.00290244
0.00830984
0.0187612
0.0264433
0.0301334
0.0296401
0.0256569
0.0193277
0.0115309
0.00293826
-0.00536823
-0.00955494
-0.0159573
-0.0188423
-0.0176869
-0.0123064
-0.00352289
0.00684227
0.0164849
0.0232908
0.0260862
0.0249655
0.0210397
0.0157006
0.00974608
0.00334203
-0.00283807
-0.00398812
-0.0100819
-0.0136129
-0.0139429
-0.0105741
-0.0040029
0.00419043
0.0118403
0.0169743
0.0186212
0.0171717
0.0140322
0.0106905
0.00763257
0.00432984
0.000829325
0.00246511
-0.00265705
-0.00647855
-0.00826218
-0.00734391
-0.00390502
0.000880901
0.0053117
0.00789044
0.00807642
0.00657297
0.00489362
0.00435174
0.00492405
0.00531076
0.00481681
0.00882338
0.0054913
0.00199339
-0.000919247
-0.00259504
-0.00299086
-0.00274187
-0.00278391
-0.00377458
-0.00555175
-0.00702302
-0.00671332
-0.00379274
0.000974765
0.00550418
0.00831486
0.013993
0.0130865
0.0105087
0.00691651
0.00279545
-0.0016666
-0.00651049
-0.0117253
-0.0169272
-0.0211091
-0.0227322
-0.0203392
-0.0137472
-0.00461433
0.00421638
0.010543
0.0171795
0.0188281
0.017529
0.0137271
0.00766521
-0.000387554
-0.00990255
-0.0199319
-0.0290872
-0.0356073
-0.0375653
-0.0335774
-0.0239255
-0.0110572
0.00156281
0.0111887
0.018105
0.0218023
0.0218004
0.0182229
0.0110619
0.000607818
-0.0121554
-0.0255382
-0.0373916
-0.0454651
-0.0477151
-0.0428692
-0.0314804
-0.0164082
-0.00142325
0.0105391
0.0169558
0.0216759
0.0226617
0.0196556
0.0124292
0.00123816
-0.0126821
-0.027214
-0.0398487
-0.0482076
-0.0503898
-0.0453745
-0.0338427
-0.0186323
-0.00339372
0.00922039
0.0140858
0.0185496
0.0200178
0.0178123
0.0115692
0.00143033
-0.0113517
-0.0246228
-0.0359501
-0.043203
-0.0448531
-0.0402276
-0.0300398
-0.0167646
-0.00353912
0.00769016
0.00973361
0.0128262
0.0141423
0.0129469
0.00863361
0.00115224
-0.00843588
-0.0183393
-0.0265929
-0.0316151
-0.032402
-0.0286375
-0.0209746
-0.0113295
-0.0020054
0.00583791
0.004118
0.00508665
0.00589394
0.00582065
0.00412321
0.00051663
-0.00443532
-0.0095669
-0.0136697
-0.015885
-0.0157689
-0.0132873
-0.00896857
-0.00401847
0.00021558
0.00339293
-0.00230287
-0.00366565
-0.00351533
-0.00242183
-0.00119894
-0.000413242
-0.000103534
4.04614e-05
0.000327253
0.000862714
0.00160826
0.00244976
0.00310811
0.00309489
0.00199772
0.000194836
-0.00827517
-0.011659
-0.0121847
-0.0101688
-0.00630494
-0.00136199
0.00395848
0.00900189
0.0131352
0.0158018
0.0166596
0.0156554
0.0128589
0.00845987
0.00282881
-0.0031227
-0.0108974
-0.0153445
-0.0159577
-0.0128347
-0.00670116
0.00137645
0.0101331
0.0182007
0.0242934
0.0275263
0.0276144
0.0247466
0.019309
0.0121278
0.00388201
-0.00428118
-0.0123423
-0.0188665
-0.0214933
-0.0200082
-0.0146763
-0.00635168
0.00362905
0.0134085
0.0211184
0.0255301
0.0262299
0.0239634
0.0189266
0.0119962
0.0036816
-0.00487479
-0.013326
-0.0207494
-0.023991
-0.0224886
-0.0161942
-0.00624401
0.00523682
0.0157581
0.0232775
0.0267995
0.0264195
0.0229978
0.0176622
0.010861
0.00291404
-0.0051608
-0.00782071
-0.0149469
-0.0183379
-0.0174756
-0.0120473
-0.00305195
0.00735826
0.0165761
0.0225526
0.0245236
0.0230627
0.0195106
0.015145
0.0103048
0.00472035
-0.000929319
-0.000425971
-0.00690305
-0.0104867
-0.0106884
-0.00698366
-9.64801e-05
0.00799429
0.0148969
0.0187765
0.0191679
0.0170596
0.0141312
0.0117181
0.00978883
0.0073587
0.00460625
0.00745367
0.00213166
-0.00147922
-0.00289606
-0.00146227
0.00239304
0.00715191
0.0109063
0.0122954
0.011245
0.00900647
0.00738064
0.00752162
0.00894603
0.0099746
0.0101769
0.0145087
0.0109787
0.00772525
0.00523859
0.00413644
0.00427421
0.00477161
0.00454394
0.00300087
0.000583708
-0.00130207
-0.00104586
0.00206339
0.00700559
0.011554
0.0145644
0.0194512
0.01821
0.0157733
0.0125834
0.00904474
0.00523059
0.000979576
-0.00377086
-0.00862427
-0.0125021
-0.0138586
-0.0114299
-0.00519539
0.0031872
0.0110809
0.0167442
0.0215547
0.0226956
0.021425
0.0179969
0.0125072
0.00516553
-0.00351424
-0.0125675
-0.0206328
-0.0260001
-0.0269996
-0.0226837
-0.0136994
-0.00236545
0.00837105
0.0163847
0.0208753
0.0239116
0.0238722
0.0206339
0.0139764
0.004178
-0.00770083
-0.0198973
-0.0302546
-0.0366964
-0.0375373
-0.0320783
-0.0213766
-0.00820195
0.00433007
0.0140373
0.0180767
0.0219973
0.0228864
0.0200958
0.0131681
0.00241155
-0.0107727
-0.0241426
-0.0352068
-0.0417954
-0.0424123
-0.0366099
-0.0255835
-0.0121799
0.000565034
0.0108324
0.0139393
0.0174722
0.0186657
0.0163812
0.0100431
-3.734e-05
-0.0123653
-0.0246416
-0.034487
-0.0400226
-0.0401187
-0.0345948
-0.0245971
-0.0126849
-0.00153139
0.0077554
0.00888874
0.0108821
0.0116487
0.00983378
0.00486581
-0.00299372
-0.0124295
-0.0215113
-0.0283972
-0.0317982
-0.0310865
-0.0263161
-0.0184718
-0.00953717
-0.00159339
0.00503316
0.00302738
0.00275005
0.00253577
0.00123811
-0.00166331
-0.00603995
-0.0110385
-0.0154419
-0.0182487
-0.0189277
-0.0173624
-0.0137759
-0.0088873
-0.00398769
-0.000367507
0.002245
-0.00353614
-0.00630825
-0.00766312
-0.00826111
-0.00853014
-0.00864545
-0.00839337
-0.00754675
-0.00604323
-0.00409741
-0.0019994
1.05512e-05
0.00151974
0.00197811
0.000888103
-0.00109435
-0.009778
-0.0147342
-0.0170623
-0.0168193
-0.0142819
-0.00995267
-0.00451163
0.00117491
0.00631283
0.0100747
0.0119638
0.0121174
0.0103147
0.00671141
0.00149225
-0.00455278
-0.0109549
-0.0168599
-0.0193479
-0.0184374
-0.0140988
-0.00687691
0.00202744
0.0108731
0.0178529
0.0219594
0.0230436
0.020749
0.0163168
0.010178
0.00281722
-0.00488552
-0.0127782
-0.022079
-0.0275259
-0.0285246
-0.0244462
-0.0160893
-0.00485188
0.00666729
0.016024
0.0218719
0.0238965
0.0225762
0.0184945
0.0121932
0.00397116
-0.00494677
-0.0150449
-0.0246262
-0.0291028
-0.0283765
-0.022307
-0.0121724
-0.00029273
0.0106876
0.0187994
0.0231693
0.0239112
0.0217036
0.017272
0.0108492
0.00250539
-0.00605949
-0.00700066
-0.0159674
-0.0200465
-0.0196346
-0.0143385
-0.0054579
0.00479582
0.0137226
0.0194867
0.0216493
0.020946
0.0185823
0.0154098
0.0113278
0.00577314
0.000501318
0.00274919
-0.00507599
-0.00868658
-0.00895155
-0.00534717
0.00128956
0.00864231
0.0145211
0.0174086
0.0173574
0.0156274
0.0138077
0.0127396
0.0118262
0.00978968
0.00822967
0.0124202
0.00630357
0.0032147
0.00210626
0.00356377
0.00702313
0.0108064
0.0131277
0.0130507
0.0110883
0.00883967
0.0080889
0.00950423
0.0119893
0.0136124
0.0154879
0.0204562
0.0166168
0.0141784
0.0122278
0.0112996
0.0111454
0.0107992
0.00928089
0.00635389
0.00294564
0.000807583
0.00154082
0.00549559
0.011161
0.0161692
0.0208383
0.0253551
0.0241529
0.0225819
0.0200327
0.0168376
0.0130196
0.00839451
0.00298261
-0.00261082
-0.00703419
-0.00860377
-0.00613747
0.000187445
0.00852502
0.0163302
0.0230189
0.0264426
0.0277985
0.0272928
0.0245466
0.019571
0.0125738
0.00410466
-0.00482758
-0.0127567
-0.0179533
-0.0188461
-0.0147438
-0.00644636
0.00386915
0.0136737
0.0216884
0.0240519
0.02729
0.0278759
0.0253234
0.0193016
0.0101355
-0.00104838
-0.0124457
-0.0219567
-0.0276091
-0.0279886
-0.0227897
-0.0132759
-0.00190457
0.00887949
0.017615
0.0192898
0.0231965
0.0245642
0.0223908
0.0161179
0.00613279
-0.00606704
-0.0182386
-0.02802
-0.0334666
-0.0334184
-0.0278423
-0.018169
-0.00692561
0.00358181
0.0123396
0.0133883
0.0165038
0.0179751
0.0161183
0.0102824
0.000937702
-0.0103061
-0.0212083
-0.0295887
-0.0338534
-0.0332157
-0.0278463
-0.0190924
-0.00926665
-0.000399916
0.00736886
0.00706381
0.00811527
0.00879675
0.00703498
0.00226969
-0.00500365
-0.0133729
-0.0210279
-0.0263921
-0.0284912
-0.0269967
-0.0222296
-0.0153002
-0.00805882
-0.00211396
0.00332203
0.000420533
-0.00130319
-0.00214819
-0.00393524
-0.00701116
-0.0109862
-0.0149379
-0.0178822
-0.0191314
-0.0184682
-0.0160225
-0.0121999
-0.00778543
-0.00399192
-0.00188827
-0.000181754
-0.00676678
-0.0113657
-0.0139392
-0.0154831
-0.0162095
-0.0160172
-0.0147478
-0.0124756
-0.00936614
-0.00599203
-0.00283269
-0.000294385
0.00118749
0.00107125
-0.00109146
-0.00396358
-0.0135096
-0.0205634
-0.0244944
-0.0253394
-0.0232204
-0.018596
-0.0122537
-0.0054919
0.00132056
0.00655392
0.00973101
0.0106275
0.00916964
0.00538096
-0.000616361
-0.0077762
-0.0115591
-0.0200995
-0.0254521
-0.0268215
-0.023565
-0.0160674
-0.00593561
0.00463848
0.0127604
0.0179548
0.0198369
0.0187086
0.0152399
0.00987369
0.00284016
-0.00546797
-0.0159077
-0.0286716
-0.0368171
-0.0392425
-0.0351471
-0.024854
-0.0112913
0.00227291
0.0132623
0.0203693
0.023398
0.0228023
0.0191242
0.0127013
0.00357257
-0.00685836
-0.0198059
-0.0316733
-0.0370501
-0.0365349
-0.0302254
-0.0194335
-0.0067792
0.00516184
0.0145326
0.020438
0.0227521
0.0217443
0.0177015
0.0106397
0.000677217
-0.00953915
-0.00888631
-0.0200035
-0.0247125
-0.0245993
-0.0195061
-0.0104098
-4.44141e-06
0.00919309
0.0155962
0.0188978
0.0196859
0.0187345
0.0163786
0.0121601
0.00552753
-0.000356181
0.00351367
-0.00600132
-0.00970711
-0.0101107
-0.00682722
-0.000797594
0.0060407
0.0113627
0.0141432
0.0147215
0.0142977
0.0139944
0.0140441
0.0134041
0.0108292
0.00975456
0.0153658
0.00817014
0.00556859
0.00457847
0.00565051
0.00820075
0.0107031
0.0116851
0.0107509
0.00882748
0.00758871
0.00830981
0.0110101
0.014079
0.0156514
0.0189027
0.0249293
0.020618
0.0190638
0.0174503
0.0161874
0.015036
0.0131696
0.00997698
0.00576024
0.00191469
0.000320208
0.00222346
0.0073708
0.0137451
0.0190329
0.0255412
0.0304578
0.0292931
0.0287522
0.0266747
0.0233225
0.0187398
0.0128773
0.00604492
-0.000786064
-0.0058173
-0.00727761
-0.00418278
0.00287574
0.0116848
0.0197841
0.0282207
0.0312023
0.0329567
0.033415
0.0311862
0.0263059
0.0190007
0.00994727
0.000262969
-0.00832591
-0.013944
-0.0149747
-0.0108624
-0.00258613
0.0075799
0.0173338
0.0265018
0.0276048
0.0314307
0.0328103
0.0307863
0.0250952
0.0161382
0.00510727
-0.00616956
-0.0156289
-0.0213203
-0.0218991
-0.0171945
-0.00849608
0.00194055
0.0120957
0.0211967
0.0210197
0.0254908
0.0274911
0.0258858
0.0201278
0.0107897
-0.000595045
-0.0119255
-0.0210522
-0.026212
-0.0263901
-0.0216703
-0.0134186
-0.00377497
0.00552852
0.0140619
0.0130327
0.0164119
0.0184704
0.0171754
0.012017
0.00365305
-0.00632871
-0.0159288
-0.0232993
-0.0271127
-0.0267496
-0.0224564
-0.0154533
-0.00760044
-0.000312724
0.00696968
0.00470677
0.00550725
0.00664367
0.00543058
0.00147455
-0.0045857
-0.0114348
-0.0175737
-0.0217958
-0.0233904
-0.0221704
-0.0184935
-0.0133255
-0.0081185
-0.00394817
0.000948095
-0.00362208
-0.00624816
-0.00695166
-0.00827535
-0.0104547
-0.013054
-0.0153404
-0.0166775
-0.0167432
-0.0155152
-0.0132087
-0.0102464
-0.00730982
-0.00536587
-0.00509202
-0.00406927
-0.012284
-0.0183262
-0.0211535
-0.0223672
-0.0221858
-0.0207166
-0.0176134
-0.013693
-0.0093475
-0.00520588
-0.00184113
0.00027254
0.000703589
-0.000988575
-0.00500968
-0.00904031
-0.0200947
-0.0289441
-0.0334684
-0.0340854
-0.0311369
-0.0254006
-0.0173877
-0.00893201
-0.00097805
0.00535796
0.00928433
0.0103346
0.00831655
0.00322525
-0.00471636
-0.0136081
-0.0145812
-0.0262533
-0.0341123
-0.0366217
-0.0328737
-0.0234681
-0.0116163
0.000362486
0.0099386
0.0160936
0.0187187
0.018255
0.0152319
0.0098682
0.00197182
-0.00753908
-0.0166831
-0.0320398
-0.0426038
-0.0463909
-0.0417078
-0.0284852
-0.0111545
0.00545745
0.0176786
0.0243162
0.0260652
0.0242867
0.0199556
0.0133575
0.00404279
-0.007182
-0.0247286
-0.0379047
-0.0439511
-0.0436931
-0.0369079
-0.0244132
-0.00909081
0.00557494
0.01679
0.0233738
0.0254728
0.0237045
0.0184941
0.00988829
-0.00190873
-0.0138999
-0.0132924
-0.0257054
-0.0308179
-0.0307083
-0.0250049
-0.0144856
-0.00193308
0.00946365
0.0174682
0.0215947
0.0225907
0.0213348
0.0180885
0.0123426
0.00371387
-0.00386962
0.00112115
-0.00958018
-0.0133675
-0.0136751
-0.0100364
-0.00333935
0.00447722
0.0109791
0.0148474
0.0163407
0.0166347
0.0166592
0.0163496
0.0145414
0.0102787
0.00821681
0.0157175
0.00756543
0.00516
0.00419744
0.00504459
0.0072294
0.00942567
0.0103679
0.00981357
0.00875087
0.00864851
0.0103524
0.0133806
0.0159243
0.0164667
0.0197417
0.0280044
0.0229703
0.0217276
0.0199701
0.017993
0.0156852
0.0124976
0.0082527
0.00369443
0.000430113
7.25163e-05
0.00337785
0.0094528
0.0160107
0.021067
0.0286087
0.0354115
0.0337811
0.0335352
0.0311576
0.0268559
0.0208563
0.0133546
0.00507049
-0.00251264
-0.00738756
-0.00787002
-0.00346282
0.00470458
0.0141387
0.0226329
0.0327754
0.0366927
0.0382984
0.0389805
0.0364057
0.0306444
0.0222074
0.0119345
0.00117095
-0.0081376
-0.0138742
-0.0144677
-0.00963431
-0.000646693
0.0100821
0.0204496
0.0314625
0.0323378
0.0363715
0.0379099
0.0355547
0.0292919
0.0198304
0.00843047
-0.00314515
-0.0128465
-0.018698
-0.0193637
-0.0147415
-0.00612787
0.0043638
0.0149421
0.0254942
0.0243421
0.0292941
0.0314452
0.0295399
0.0235796
0.0143798
0.0034473
-0.00738457
-0.0162413
-0.0214984
-0.022143
-0.0181859
-0.0107913
-0.00172805
0.00771393
0.0171476
0.0152303
0.019127
0.021215
0.0196863
0.0145584
0.00678989
-0.00217954
-0.0107999
-0.0176609
-0.0216291
-0.022031
-0.0189186
-0.0131855
-0.00622476
0.00100979
0.00908864
0.00669725
0.00775918
0.00878148
0.00716773
0.0032176
-0.00204554
-0.0075935
-0.0125876
-0.0163707
-0.0183763
-0.0182079
-0.0158759
-0.0119432
-0.00743862
-0.00309084
0.00298796
-0.00117678
-0.00395767
-0.00504591
-0.00713761
-0.00954173
-0.0112714
-0.0120787
-0.0122346
-0.0120261
-0.0115221
-0.0105138
-0.00888243
-0.0068382
-0.00507339
-0.00419278
-0.0014768
-0.00988747
-0.016429
-0.0199281
-0.0222653
-0.022595
-0.0199617
-0.0155036
-0.0101366
-0.00545414
-0.00217007
-0.000222002
0.000670528
0.000558033
-0.000875345
-0.00415497
-0.00653877
-0.0190663
-0.0286438
-0.0340138
-0.0358927
-0.0337048
-0.0268651
-0.0170747
-0.00663363
0.00202407
0.00769869
0.0103419
0.0103348
0.00787338
0.0028737
-0.00456577
-0.012606
-0.0129639
-0.0269682
-0.0371884
-0.0413493
-0.0373277
-0.0262615
-0.0108304
0.00391113
0.0142144
0.0192578
0.0202177
0.0187481
0.0157679
0.0111465
0.00400883
-0.00545429
)
;

boundaryField
{
    patch0_half0
    {
        type            cyclic;
    }
    patch0_half1
    {
        type            cyclic;
    }
    patch1_half0
    {
        type            cyclic;
    }
    patch1_half1
    {
        type            cyclic;
    }
    patch2_half0
    {
        type            cyclic;
    }
    patch2_half1
    {
        type            cyclic;
    }
}


// ************************************************************************* //
