   5.67371 9.33563e-05
   11.3474 1.12392e-05
   17.0211 1.15497e-09
   22.6948 4.84913e-10
   28.3685 4.57704e-10
   34.0422 4.74544e-10
   39.7159 4.86254e-10
   45.3896 4.26468e-10
   51.0633 3.10552e-10
   56.7371 1.88471e-10
   62.4108 9.48813e-11
   68.0845 2.49427e-11
   73.7582 3.06886e-13
   79.4319 1.88806e-11
   85.1056 4.66322e-11
   90.7793 6.19448e-11
    96.453 7.10422e-11
   102.127 6.55106e-11
     107.8 3.80289e-11
   113.474 1.86151e-11
   119.148 6.03927e-12
   124.822 5.82709e-14
   130.495 1.90715e-12
   136.169 6.26217e-12
   141.843 8.55064e-12
   147.516 9.94409e-12
    153.19 9.54378e-12
   158.864 5.99232e-12
   164.537 3.50333e-12
   170.211 1.45171e-12
   175.885 6.13929e-15
   181.559 4.17585e-13
   187.232 2.19789e-12
   192.906 3.98718e-12
    198.58 5.76383e-12
   204.253 3.49429e-12
