/*--------------------------------*- C++ -*----------------------------------*\
| =========                 |                                                 |
| \\      /  F ield         | OpenFOAM: The Open Source CFD Toolbox           |
|  \\    /   O peration     | Version:  3.0.0                                 |
|   \\  /    A nd           | Web:      www.OpenFOAM.org                      |
|    \\/     M anipulation  |                                                 |
\*---------------------------------------------------------------------------*/
FoamFile
{
    version     2.0;
    format      ascii;
    class       volScalarField;
    location    "6.5";
    object      p;
}
// * * * * * * * * * * * * * * * * * * * * * * * * * * * * * * * * * * * * * //

dimensions      [0 2 -2 0 0 0 0];

internalField   nonuniform List<scalar> 
4096
(
-0.0220161
-0.0278437
-0.0239844
-0.0181573
-0.0139562
-0.0147018
-0.0209053
-0.0280987
-0.0296435
-0.0231947
-0.0139289
-0.00774102
-0.00643721
-0.00935451
-0.0149827
-0.0145829
-0.0242223
-0.0333339
-0.0334665
-0.0305893
-0.0275277
-0.0275368
-0.0319766
-0.038194
-0.0411016
-0.0380433
-0.0314694
-0.0240286
-0.0167049
-0.0119331
-0.0122883
-0.011914
-0.00293941
-0.0104799
-0.0105211
-0.00915262
-0.00924387
-0.0136746
-0.0233227
-0.0352504
-0.0438089
-0.0445833
-0.0380639
-0.0271995
-0.0143804
-0.00371522
0.00099224
0.00496901
0.0217048
0.0149176
0.0153752
0.0160187
0.013702
0.0058091
-0.00807922
-0.0247369
-0.0383331
-0.0433021
-0.0378742
-0.0236645
-0.00485567
0.011597
0.0202112
0.0266969
0.0454589
0.0387123
0.040104
0.0409962
0.0378291
0.0281002
0.0116633
-0.00812316
-0.0254929
-0.0344135
-0.0312506
-0.0144488
0.00943958
0.0304782
0.0412678
0.0490116
0.064135
0.056911
0.0597819
0.0619427
0.0593825
0.0495882
0.032479
0.0114314
-0.00802345
-0.0197496
-0.0183581
-0.00134911
0.0253838
0.0487592
0.0596363
0.0675541
0.0736321
0.0653705
0.0702515
0.0744965
0.0738907
0.0657665
0.0498912
0.0295241
0.00980952
-0.00335459
-0.0038364
0.0123065
0.0393714
0.0622964
0.0710524
0.0781846
0.071883
0.0619913
0.068936
0.0761142
0.0785869
0.0735781
0.06048
0.0424528
0.024113
0.010963
0.0090029
0.0235466
0.0485904
0.0683473
0.072965
0.0784804
0.0594929
0.0477397
0.0567771
0.0671069
0.0732444
0.0721295
0.0630189
0.048466
0.0327194
0.020785
0.0185673
0.0306353
0.051719
0.0661179
0.0650525
0.068543
0.0394148
0.0256777
0.0366577
0.0499845
0.0598896
0.0629822
0.0581786
0.0476508
0.0352371
0.0254856
0.0235565
0.0332258
0.0491579
0.0569638
0.0493764
0.0506555
0.016175
0.000988824
0.0130171
0.0285547
0.0415975
0.0484215
0.0476258
0.041088
0.0324278
0.0255883
0.0247192
0.0322327
0.0426097
0.0434506
0.0302904
0.0288462
-0.0053801
-0.0209772
-0.00925087
0.00696409
0.0217642
0.0311224
0.0333542
0.0302802
0.0254355
0.0221827
0.0231807
0.0290697
0.0344001
0.029364
0.0123023
0.00785997
-0.0214018
-0.036108
-0.026634
-0.011677
0.0031388
0.0134924
0.0174494
0.0168998
0.0156196
0.0163457
0.0198574
0.0248437
0.0263552
0.0175883
-0.00104728
-0.00818696
-0.0319895
-0.0457691
-0.0396108
-0.0272527
-0.0137337
-0.00352998
0.00114597
0.00224542
0.0038705
0.00824173
0.0142172
0.0188545
0.0182605
0.00834193
-0.00946122
-0.0183686
-0.0384129
-0.0511114
-0.0479695
-0.0385766
-0.0271915
-0.0182045
-0.0140199
-0.0126934
-0.00977038
-0.00332089
0.00417446
0.00892287
0.00811413
-0.000412613
-0.0153468
-0.02422
-0.0251191
-0.0310539
-0.0265811
-0.0192565
-0.0128729
-0.0110556
-0.0150179
-0.0211474
-0.0226342
-0.0157028
-0.00478081
0.0019906
0.000795016
-0.00694338
-0.0173191
-0.0198479
-0.0164471
-0.0293096
-0.0292135
-0.0250644
-0.0190404
-0.0149236
-0.0156621
-0.0195939
-0.0211878
-0.0185947
-0.0129584
-0.00815299
-0.0056817
-0.00634241
-0.0100641
-0.00631801
-0.02394
-0.0376839
-0.0394954
-0.0367286
-0.0314338
-0.027385
-0.027758
-0.0317227
-0.0348925
-0.0335496
-0.0290063
-0.022403
-0.0148667
-0.00975189
-0.0100723
-0.0081978
-0.00483553
-0.0167935
-0.0194657
-0.0195657
-0.0188749
-0.0202545
-0.0258471
-0.03433
-0.0409286
-0.0413492
-0.0358987
-0.0262704
-0.0141505
-0.00366043
0.000767473
0.00591007
0.0174159
0.0069186
0.00437773
0.00268189
-5.87711e-05
-0.00603421
-0.0163833
-0.0291681
-0.0394302
-0.0420981
-0.0360808
-0.0232026
-0.0062371
0.00886944
0.0170661
0.0243797
0.0386632
0.0293285
0.0279531
0.0262265
0.0218695
0.0130753
-0.000503091
-0.0165486
-0.0299835
-0.0353064
-0.0296742
-0.0143814
0.00657462
0.0249934
0.0349037
0.0433216
0.0550154
0.0465268
0.0472463
0.0470565
0.0430533
0.0335546
0.0185926
0.000908928
-0.0146543
-0.0224978
-0.0183311
-0.00216277
0.0209091
0.0406084
0.0501967
0.0586814
0.0627999
0.0546066
0.0579703
0.0606619
0.0588005
0.0506755
0.0364244
0.0188146
0.00244919
-0.00724876
-0.00516171
0.0102235
0.0331989
0.0518753
0.059162
0.0667994
0.0604754
0.0518182
0.0583249
0.064467
0.065944
0.0607474
0.0488809
0.0329098
0.017047
0.00645235
0.00659435
0.020038
0.0408812
0.0563629
0.059664
0.0658824
0.0490694
0.0390745
0.048456
0.0583274
0.0637792
0.0624567
0.0540429
0.040776
0.0265519
0.0161754
0.0150199
0.0259215
0.0430934
0.0537816
0.0518167
0.0564552
0.0318901
0.0196966
0.0313211
0.0445005
0.0538184
0.0565483
0.0519999
0.0420782
0.0303535
0.0212445
0.0196453
0.0280414
0.0407318
0.0460068
0.0377234
0.0411008
0.0132488
-0.00153176
0.0111627
0.0265951
0.0390393
0.0453573
0.0444461
0.0379476
0.0292396
0.0223288
0.0212698
0.0275985
0.0356453
0.0348813
0.0223825
0.0237942
-0.00301983
-0.0199172
-0.00780092
0.00829076
0.0226208
0.0315754
0.0335653
0.0300964
0.0245674
0.0205936
0.0210133
0.0260028
0.0301035
0.0246319
0.00871314
0.00824084
-0.0149427
-0.0326747
-0.0229141
-0.00786929
0.00695109
0.017412
0.0213501
0.0201906
0.0176071
0.0168952
0.0194199
0.0238319
0.0251514
0.0168766
-0.000452589
-0.00298322
-0.0237736
-0.0413332
-0.034918
-0.0220138
-0.00762407
0.00359308
0.00876023
0.00915921
0.00885126
0.0109434
0.0154229
0.0197437
0.0197239
0.0108403
-0.00578771
-0.010361
-0.0307982
-0.0474149
-0.0440846
-0.0336393
-0.0203284
-0.00910572
-0.0035702
-0.0027209
-0.00211951
0.00135231
0.00686206
0.0114094
0.0116606
0.00433425
-0.0098422
-0.0154744
-0.0172011
-0.0298296
-0.0287598
-0.022939
-0.0151531
-0.00937973
-0.00879608
-0.0120297
-0.0136562
-0.00968206
-0.00221308
0.00325397
0.00367923
-0.00126677
-0.00966855
-0.00957414
-0.011121
-0.0278428
-0.0283452
-0.0235394
-0.0156069
-0.00919731
-0.0086688
-0.0133095
-0.0173838
-0.0168413
-0.0123964
-0.00712699
-0.00300838
-0.00218483
-0.00540877
-0.000409317
-0.0204274
-0.0347522
-0.0352093
-0.0310272
-0.0244748
-0.0198597
-0.0209935
-0.0269558
-0.0325883
-0.0332728
-0.028628
-0.0207174
-0.0122188
-0.0071018
-0.00797369
-0.00529468
-0.00600706
-0.0185715
-0.0209908
-0.0205655
-0.0189965
-0.0194843
-0.024883
-0.0341559
-0.0421135
-0.0436551
-0.038035
-0.0272615
-0.0143325
-0.00400265
4.2766e-05
0.00494021
0.0108116
2.51056e-05
-0.00304266
-0.00501239
-0.00749121
-0.0127188
-0.0223388
-0.0347543
-0.0449757
-0.0475276
-0.0412273
-0.0275868
-0.0104172
0.00419275
0.0117226
0.0182885
0.0264464
0.0174493
0.0151018
0.0124628
0.00778203
-0.000578016
-0.0132593
-0.0279808
-0.0401556
-0.0444085
-0.0380215
-0.0223972
-0.00208288
0.0151767
0.0243117
0.0316061
0.0376904
0.0304026
0.0300382
0.0285643
0.0238281
0.0145243
0.000682345
-0.0152284
-0.0288007
-0.0348877
-0.0297483
-0.013734
0.00781408
0.0257138
0.0345336
0.0417171
0.0415948
0.0356624
0.0382144
0.039496
0.036699
0.028571
0.0154148
-0.000305449
-0.0144894
-0.0222576
-0.0191755
-0.00443455
0.0163511
0.0328209
0.0393541
0.0455818
0.0371337
0.0318403
0.0378128
0.0428217
0.0433882
0.0380928
0.0271884
0.0129415
-0.000916522
-0.0097875
-0.0089012
0.0034291
0.0215662
0.0345513
0.0373035
0.042042
0.0256883
0.019901
0.0291773
0.0382459
0.0429065
0.0414458
0.033871
0.0221249
0.00955656
0.000462931
-0.000400064
0.00900146
0.0231356
0.0312739
0.0290535
0.0321021
0.0107085
0.00296941
0.0148107
0.0275404
0.0362951
0.038982
0.0352384
0.0266393
0.0161929
0.00788416
0.00612754
0.0127261
0.0222712
0.024947
0.0171646
0.0186057
-0.00347289
-0.0145795
-0.00154219
0.0137386
0.0259145
0.0324154
0.03239
0.0270909
0.019334
0.0128057
0.0112376
0.0156224
0.0207941
0.0180142
0.00561756
0.00557062
-0.0134819
-0.0285346
-0.0161182
5.38951e-05
0.0144401
0.0238791
0.0268971
0.0245312
0.0196487
0.015678
0.0153232
0.0184746
0.0202028
0.0132148
-0.00268403
-0.00373515
-0.0186017
-0.03673
-0.0266394
-0.0112785
0.00392197
0.0151484
0.020153
0.0198719
0.017529
0.0164
0.0179538
0.020808
0.0204416
0.0111321
-0.00626558
-0.00813679
-0.0217834
-0.041016
-0.0339685
-0.0204019
-0.00527619
0.00678073
0.0126818
0.0133421
0.0126023
0.0137811
0.0172037
0.0204568
0.0194183
0.00989034
-0.0069458
-0.0097601
-0.0254284
-0.0437993
-0.0393121
-0.0276559
-0.0131804
-0.00111183
0.00455578
0.00477821
0.00412058
0.0063045
0.0109933
0.0151337
0.014947
0.00706422
-0.00761503
-0.0112615
-0.0124956
-0.029701
-0.0297269
-0.0232723
-0.0130156
-0.00395254
-0.00093744
-0.00349558
-0.00598338
-0.00377968
0.0020948
0.0072357
0.00858275
0.00467927
-0.00367723
-0.00299804
-0.0076488
-0.0274504
-0.0285666
-0.0222336
-0.0116036
-0.00290568
-0.00188203
-0.00757936
-0.0136528
-0.0145826
-0.0100681
-0.00309006
0.00319433
0.00528695
0.00139657
0.00354783
-0.0148896
-0.0294627
-0.0298657
-0.0252951
-0.0183361
-0.0139748
-0.0162187
-0.0240372
-0.0315361
-0.032816
-0.027145
-0.0173016
-0.0074758
-0.00213395
-0.00344562
-0.00203584
-0.00572547
-0.0177982
-0.0201797
-0.0193025
-0.0171626
-0.0176095
-0.0238815
-0.0347428
-0.0443062
-0.0465221
-0.04007
-0.0276144
-0.0134683
-0.00288043
0.000856513
0.00412426
0.00459483
-0.00493098
-0.00801152
-0.0097315
-0.0117296
-0.0168071
-0.0269213
-0.0402862
-0.051443
-0.0547075
-0.047723
-0.0330811
-0.0153243
-0.000662286
0.00656301
0.0115412
0.0133445
0.00641428
0.00404726
0.0014758
-0.00298687
-0.011175
-0.0238622
-0.0388221
-0.0511584
-0.0555182
-0.0491634
-0.0335186
-0.0136059
0.00319787
0.0122889
0.0181546
0.0181682
0.0137939
0.0135271
0.0119115
0.00719406
-0.00191998
-0.0154331
-0.0309592
-0.0441366
-0.050048
-0.0452803
-0.0302598
-0.0100956
0.00682448
0.0157372
0.0217012
0.0169393
0.0148489
0.0176415
0.0186836
0.0157507
0.00780516
-0.00479969
-0.019762
-0.0332346
-0.040698
-0.0382226
-0.0251625
-0.00682591
0.00811885
0.0149527
0.0201678
0.00916031
0.00869072
0.0150659
0.0198184
0.0201448
0.0150025
0.00477955
-0.00849958
-0.0214969
-0.0300476
-0.0299758
-0.019919
-0.0049326
0.00619917
0.00933879
0.0129395
-0.00351437
-0.00360242
0.0062304
0.0151073
0.0195339
0.018272
0.011511
0.000870305
-0.0107966
-0.0196415
-0.0215028
-0.0147765
-0.00412486
0.00191599
0.000142283
0.00143928
-0.0174846
-0.0190585
-0.00658747
0.0061501
0.0148854
0.0179933
0.0152631
0.00786467
-0.00172502
-0.00991317
-0.0128019
-0.00907132
-0.00303909
-0.00256687
-0.00978705
-0.0110378
-0.0283481
-0.0336194
-0.0200237
-0.00440868
0.00820281
0.0155484
0.0168202
0.0127807
0.00575066
-0.000823303
-0.00348042
-0.00192188
-1.03925e-05
-0.00472634
-0.016958
-0.0205537
-0.0327809
-0.0435237
-0.0307754
-0.0138846
0.00155195
0.012413
0.0170505
0.0159365
0.0115476
0.00728786
0.00574004
0.00662228
0.00570318
-0.00284462
-0.0189293
-0.0240565
-0.0307316
-0.0470874
-0.0369308
-0.0205664
-0.00366149
0.0095535
0.0163991
0.0172147
0.0150069
0.0133069
0.0137619
0.015038
0.012867
0.00246048
-0.0154994
-0.021197
-0.0262594
-0.0460659
-0.0392406
-0.0245758
-0.00753356
0.00670818
0.0143291
0.0156987
0.014652
0.0150421
0.0176469
0.0201227
0.0181915
0.00794582
-0.00973063
-0.0153108
-0.0233446
-0.0435921
-0.0394321
-0.026871
-0.0106267
0.00326271
0.0101132
0.0104663
0.00914111
0.0105475
0.0150181
0.0192334
0.0188077
0.0103969
-0.0052348
-0.010544
-0.0107849
-0.0318562
-0.0324394
-0.0237528
-0.00932526
0.00359644
0.00833195
0.0053679
0.00128039
0.00189762
0.00731324
0.0134576
0.0162894
0.0130552
0.00348316
0.000978586
-0.00148488
-0.0222042
-0.0243368
-0.0164761
-0.00308905
0.00748537
0.00887521
0.00235269
-0.0050239
-0.00681156
-0.00173598
0.00712019
0.0150796
0.0176232
0.0124312
0.00850053
-0.00580954
-0.0202085
-0.022104
-0.0179301
-0.0109722
-0.00643863
-0.00904054
-0.0175291
-0.0255988
-0.0270476
-0.0206922
-0.00923714
0.0013029
0.00683146
0.00534284
0.00365712
-0.00166126
-0.012558
-0.015376
-0.0142269
-0.0116076
-0.0121678
-0.0194664
-0.0316217
-0.0420851
-0.0445366
-0.0374199
-0.0237793
-0.00888484
0.00178044
0.00536737
0.00618729
0.00210278
-0.00542686
-0.0082357
-0.00934969
-0.010805
-0.0160461
-0.0271776
-0.0417748
-0.05375
-0.0571878
-0.0500845
-0.0349594
-0.0170689
-0.00264341
0.00464411
0.00784764
0.00388523
-0.000386729
-0.00205682
-0.00397566
-0.00790898
-0.0161428
-0.0294974
-0.0453005
-0.0581999
-0.0628686
-0.0568192
-0.0416216
-0.022491
-0.0063063
0.00287262
0.00776287
0.00224648
0.00111962
0.00174181
0.000777278
-0.00348225
-0.0124915
-0.0262643
-0.0421622
-0.0556057
-0.06182
-0.0578031
-0.0441421
-0.0257484
-0.00997856
-0.000827522
0.00477825
-0.00411393
-0.0023495
0.00141187
0.00288927
0.000217665
-0.00756046
-0.0200577
-0.0349285
-0.0483406
-0.0560171
-0.054593
-0.0437981
-0.0279497
-0.0146348
-0.00741078
-0.00224343
-0.0152623
-0.0112456
-0.00398027
0.000910704
0.00124683
-0.003712
-0.0135026
-0.026252
-0.0388556
-0.0474844
-0.0485996
-0.0412906
-0.0294681
-0.0203228
-0.0166892
-0.013181
-0.0293991
-0.0244057
-0.0138341
-0.00504571
-0.00073827
-0.00170884
-0.00770443
-0.0174336
-0.0284357
-0.0372513
-0.0403562
-0.0365828
-0.0295446
-0.0256849
-0.0269601
-0.0263455
-0.0429768
-0.0389849
-0.0259356
-0.0132765
-0.00448152
-0.000769694
-0.00236724
-0.00857413
-0.0173688
-0.0255215
-0.0297154
-0.028911
-0.0265921
-0.0283629
-0.0351816
-0.038297
-0.0515826
-0.0511698
-0.0371976
-0.0213701
-0.0081026
0.000378924
0.00318023
0.00048181
-0.0058051
-0.0124867
-0.0167119
-0.0176246
-0.0190991
-0.025901
-0.0380751
-0.0451662
-0.0519088
-0.0575316
-0.0447289
-0.0270857
-0.0102263
0.00252724
0.00909629
0.00934807
0.00548363
0.000933319
-0.00185234
-0.00325803
-0.00697581
-0.0172865
-0.033714
-0.0440733
-0.0436622
-0.0566458
-0.0469762
-0.0293687
-0.0101884
0.00564876
0.0147296
0.0167858
0.0147663
0.0125284
0.011948
0.0116119
0.00750122
-0.00423149
-0.0229413
-0.0350121
-0.0316043
-0.0503684
-0.0447064
-0.0288131
-0.00902958
0.00820424
0.0181494
0.0205974
0.0194609
0.0191733
0.0211159
0.0227353
0.0197845
0.00866023
-0.00999933
-0.0220691
-0.0207964
-0.0420362
-0.0399477
-0.0268094
-0.00817515
0.00845505
0.0174787
0.0188357
0.0174604
0.0183145
0.0227365
0.026661
0.02593
0.0170563
0.000558917
-0.010253
-0.00655578
-0.0296142
-0.0312057
-0.0200822
-0.00100131
0.0151372
0.0208415
0.0170524
0.0115084
0.010983
0.0167962
0.0241214
0.0284094
0.0255308
0.0143735
0.00543262
0.0103201
-0.00941098
-0.0127175
-0.00352487
0.0120545
0.024027
0.0257388
0.0190383
0.0113967
0.00988515
0.0159592
0.0261881
0.0348704
0.036789
0.0298694
0.0193864
0.0072897
-0.00645174
-0.00988611
-0.00599603
0.00157277
0.00661386
0.00428408
-0.00408331
-0.0121051
-0.0133696
-0.00643523
0.00520702
0.0160025
0.0213179
0.0195067
0.0146053
0.00711024
-0.00268428
-0.00565391
-0.00387082
-0.000449656
-0.00101238
-0.00910443
-0.0220546
-0.032897
-0.0351975
-0.0275256
-0.0134001
0.00150596
0.0117432
0.014842
0.0137343
0.00510234
-0.000881531
-0.00286416
-0.00291142
-0.00350737
-0.00893807
-0.0211445
-0.0368038
-0.0493215
-0.0526663
-0.0453351
-0.0301054
-0.0126196
0.00107038
0.00783127
0.0101065
0.000783425
-0.00151555
-0.00192482
-0.00265728
-0.00570419
-0.0140874
-0.0283607
-0.0451195
-0.0584754
-0.0632013
-0.0572995
-0.0426808
-0.0246658
-0.00945889
-0.000807205
0.00397604
-0.00637496
-0.00514669
-0.00311448
-0.00298567
-0.00656663
-0.0155653
-0.0299482
-0.0464351
-0.0601369
-0.0664282
-0.0628785
-0.0504673
-0.033936
-0.01964
-0.0108256
-0.00472113
-0.0167755
-0.0124285
-0.00746269
-0.00531063
-0.0076648
-0.0153974
-0.028065
-0.0430353
-0.0563662
-0.0640021
-0.0632061
-0.0541485
-0.0408433
-0.0293077
-0.0222216
-0.0162455
-0.0303096
-0.0235046
-0.0154867
-0.0105709
-0.010355
-0.0152552
-0.0247729
-0.0370758
-0.0491842
-0.0575758
-0.0593407
-0.0540675
-0.0451329
-0.037908
-0.0342322
-0.0297333
-0.0448522
-0.0371337
-0.0263699
-0.0181518
-0.0142777
-0.0150794
-0.0203634
-0.0291606
-0.0393041
-0.0476718
-0.0513728
-0.0497282
-0.0456421
-0.0437039
-0.0448555
-0.0436445
-0.0574138
-0.050644
-0.0378246
-0.0260303
-0.0176561
-0.0134719
-0.0139501
-0.0188881
-0.0266258
-0.0342358
-0.038933
-0.0401546
-0.0406298
-0.044239
-0.050979
-0.0544354
-0.0637395
-0.0604178
-0.0469727
-0.0318607
-0.0186217
-0.00913186
-0.0048437
-0.00612018
-0.0113687
-0.0175592
-0.0221123
-0.0248916
-0.0288535
-0.0373396
-0.0496346
-0.0584977
-0.0605982
-0.063312
-0.0513667
-0.0339665
-0.016296
-0.00189561
0.00645377
0.0081253
0.00510445
0.00083387
-0.00232139
-0.00513977
-0.0108412
-0.0226031
-0.0394109
-0.0533744
-0.0479143
-0.0582453
-0.0498264
-0.0318754
-0.0109838
0.0071625
0.0182635
0.0215651
0.0200991
0.0179194
0.0169635
0.0156648
0.0101843
-0.00268169
-0.0219938
-0.0394914
-0.0300284
-0.0472402
-0.0433608
-0.0269407
-0.00486591
0.0151304
0.0272089
0.0307953
0.0300253
0.0296463
0.0312177
0.0322909
0.0285345
0.0166684
-0.00262379
-0.0211724
-0.0130406
-0.0340131
-0.0346993
-0.0213617
-0.000544712
0.0189577
0.0302707
0.032896
0.0319052
0.0326566
0.0365011
0.0402102
0.0391297
0.0299532
0.0130657
-0.00405947
0.00329955
-0.0197397
-0.0227754
-0.00941738
0.0130413
0.0316543
0.037721
0.0332944
0.0270763
0.0264896
0.0326533
0.0412538
0.0463768
0.043241
0.030639
0.0148185
0.0274531
0.00798676
0.00477921
0.0151329
0.032094
0.0446897
0.0465708
0.0398708
0.0332541
0.0328584
0.0400495
0.0510994
0.0595733
0.0600819
0.0511026
0.0388498
0.0239128
0.00958589
0.00603587
0.0103655
0.0188509
0.0246316
0.0226434
0.0144902
0.00698183
0.00603923
0.0135077
0.0253105
0.035856
0.0404006
0.0375092
0.0325045
0.0201681
0.00990789
0.00773861
0.0107985
0.0153123
0.0148877
0.00617073
-0.00721476
-0.0177372
-0.0194208
-0.0113089
0.00296866
0.0174171
0.0265929
0.028364
0.0276966
0.0137998
0.00757861
0.00690313
0.00847818
0.00897514
0.00347277
-0.00966922
-0.0260154
-0.0383632
-0.0411843
-0.033381
-0.0181845
-0.00147432
0.0108757
0.0161908
0.0190975
0.00500465
0.002693
0.00383783
0.00469618
0.00255
-0.0059122
-0.0210049
-0.038385
-0.0516559
-0.055874
-0.0496297
-0.0354054
-0.0185677
-0.00502492
0.00232566
0.00788008
-0.00583464
-0.00451502
-0.0010955
0.000260217
-0.00266057
-0.0117769
-0.0266605
-0.0435099
-0.056996
-0.0627431
-0.0589904
-0.0473346
-0.0323899
-0.0197651
-0.0121603
-0.0053155
-0.018564
-0.0142571
-0.00850081
-0.0056969
-0.00794579
-0.0157908
-0.0285977
-0.0434824
-0.0563084
-0.063279
-0.0622909
-0.0541431
-0.0426113
-0.0326138
-0.0264562
-0.0196698
-0.0326346
-0.0263979
-0.0184265
-0.0139032
-0.01411
-0.0191039
-0.0283532
-0.0400784
-0.0513411
-0.0589426
-0.060292
-0.0558494
-0.0485173
-0.0426012
-0.039462
-0.034101
-0.0463682
-0.0396937
-0.0299257
-0.0230254
-0.020022
-0.0208353
-0.0254646
-0.0332728
-0.0422782
-0.0495629
-0.0527497
-0.0516691
-0.0488213
-0.0477792
-0.0491054
-0.0467116
-0.0568607
-0.0515572
-0.040518
-0.0306159
-0.0232815
-0.0189278
-0.0184604
-0.0221533
-0.0285876
-0.0349999
-0.039044
-0.0405214
-0.0417951
-0.045874
-0.0526102
-0.0547476
-0.0603969
-0.0587162
-0.0474305
-0.0342857
-0.0218999
-0.0119493
-0.00652353
-0.00650927
-0.0104903
-0.01551
-0.0193712
-0.0221964
-0.0265665
-0.0352274
-0.0474302
-0.0551869
-0.0543651
-0.0584174
-0.0486131
-0.0328177
-0.0154719
-0.000247384
0.00933135
0.0121628
0.0101925
0.00689182
0.00427447
0.00156002
-0.00430599
-0.0160918
-0.0327857
-0.0462017
-0.0389467
-0.0499919
-0.0435167
-0.0264372
-0.00516392
0.0141568
0.0264107
0.0306817
0.0299829
0.0284556
0.0278483
0.0266006
0.0210357
0.00818422
-0.0110511
-0.0287117
-0.0181953
-0.035673
-0.0335392
-0.0173432
0.00573843
0.0272118
0.0404173
0.0447187
0.0444859
0.0444275
0.0460559
0.0470514
0.0432084
0.0313709
0.0121241
-0.00721962
0.00168739
-0.0198224
-0.0220659
-0.00872127
0.013427
0.0347253
0.0473032
0.0505425
0.0498937
0.0506449
0.0542267
0.0577459
0.0566085
0.0475093
0.0306218
0.0123964
0.0180739
-0.00497436
-0.00804047
0.00716766
0.0319251
0.0514962
0.0571472
0.0521644
0.0460094
0.0459233
0.052551
0.0615321
0.0665336
0.0626306
0.048868
0.0316298
0.0431127
0.0218184
0.0213498
0.0331636
0.0505539
0.0626347
0.0637175
0.0571331
0.0510413
0.0515551
0.0591795
0.0699961
0.0775723
0.0766531
0.0654856
0.0583519
0.0397086
0.0225429
0.0208124
0.0264337
0.0358317
0.0418619
0.0395153
0.031197
0.0240844
0.0240441
0.0319868
0.0439981
0.0542417
0.0577912
0.0528163
0.0516242
0.0341325
0.0210785
0.0207786
0.0255534
0.0310929
0.0306097
0.0212308
0.00759711
-0.0023794
-0.00314962
0.00566212
0.0200157
0.0337917
0.0416066
0.0412083
0.0435764
0.0254164
0.0167657
0.0178364
0.0211907
0.0227145
0.0171007
0.00330803
-0.0132697
-0.0250163
-0.026835
-0.0182725
-0.00312779
0.0126319
0.0233699
0.0265222
0.0317711
0.0142685
0.00992955
0.0125655
0.0149735
0.0136902
0.00514103
-0.0104676
-0.0279481
-0.0405666
-0.0437264
-0.0367172
-0.0226275
-0.00687346
0.00497498
0.0101949
0.0170695
0.00172719
0.00115426
0.00559673
0.00795068
0.00558209
-0.00364521
-0.0188181
-0.0355553
-0.0483015
-0.0529233
-0.048392
-0.0368373
-0.0228903
-0.0117789
-0.00612495
0.00155399
-0.0115887
-0.00954155
-0.00350433
-0.000609584
-0.00278458
-0.0107277
-0.023541
-0.0380427
-0.0499798
-0.0557586
-0.0539237
-0.0456574
-0.0347261
-0.0257746
-0.0209652
-0.0135875
-0.0249574
-0.0218939
-0.0147565
-0.0110018
-0.0117176
-0.0168049
-0.0257782
-0.0368703
-0.047094
-0.0532523
-0.0537987
-0.0488966
-0.0415841
-0.0358808
-0.0334605
-0.027222
-0.0369611
-0.0345789
-0.0267078
-0.0214752
-0.0194347
-0.0203127
-0.024454
-0.0314661
-0.0393827
-0.0454001
-0.0474709
-0.0455577
-0.0420662
-0.0403992
-0.0417639
-0.037713
-0.0451786
-0.0451225
-0.0366366
-0.0290297
-0.0229258
-0.0186045
-0.0175567
-0.0204228
-0.0258365
-0.0310932
-0.034004
-0.0344549
-0.0345971
-0.0373751
-0.0436586
-0.0429779
-0.0468025
-0.050683
-0.0418162
-0.0311203
-0.0200096
-0.0100855
-0.00413002
-0.00342724
-0.00655596
-0.0106587
-0.0135924
-0.015475
-0.018563
-0.0255745
-0.0371568
-0.0407316
-0.0396075
-0.0486506
-0.0405288
-0.0268523
-0.0105965
0.00457082
0.0144733
0.0177227
0.0163472
0.0136283
0.0115344
0.00941317
0.00460084
-0.00568698
-0.0216803
-0.0296547
-0.0239777
-0.0389164
-0.032682
-0.0170586
0.00347384
0.0226733
0.0349241
0.0392743
0.0388831
0.0375837
0.0370543
0.0359248
0.0309618
0.0191842
0.000418455
-0.010831
-0.00348179
-0.0236941
-0.0205413
-0.004721
0.0181071
0.0394731
0.0523689
0.0563754
0.0561782
0.0560855
0.0574812
0.0582703
0.0546496
0.0434085
0.0241911
0.0117387
0.0163813
-0.00727215
-0.00762629
0.0061781
0.0286131
0.0500385
0.0622761
0.0647504
0.0639947
0.0646145
0.0679591
0.0713183
0.0703276
0.0614705
0.0440409
0.0325919
0.0320027
0.00724025
0.00712569
0.0241485
0.0496131
0.0684429
0.0727059
0.0670015
0.0612064
0.0614923
0.0680403
0.0764423
0.0806405
0.0758766
0.0607473
0.0499116
0.0480463
0.0252237
0.0284777
0.0416722
0.0585543
0.0691364
0.0686853
0.0613858
0.0552924
0.0560772
0.0629722
0.0724952
0.0787428
0.0770874
0.064238
0.0643358
0.0472268
0.0269158
0.0276047
0.0347504
0.0446273
0.0500339
0.0464607
0.0374328
0.0305327
0.0309714
0.0397708
0.0516442
0.0612713
0.0640029
0.0568088
0.0603128
0.0423708
0.0262804
0.0278219
0.034002
0.0400168
0.0390236
0.0288383
0.0150268
0.00572518
0.00591498
0.0153687
0.0295514
0.0424527
0.0491398
0.0464262
0.0521932
0.034158
0.0227104
0.0251719
0.0298338
0.0318997
0.0260092
0.0117628
-0.00469051
-0.0155806
-0.0162771
-0.00708575
0.00782495
0.022559
0.0319534
0.0326902
0.0399915
0.0234941
0.0165473
0.0201647
0.0236694
0.022884
0.0142308
-0.00157404
-0.0187496
-0.0304562
-0.0325065
-0.0247893
-0.010787
0.00404768
0.0144451
0.0176479
0.0254508
0.0115362
0.00827879
0.0131954
0.0162368
0.0141389
0.00489653
-0.0102858
-0.026621
-0.0384608
-0.042068
-0.0367125
-0.0249204
-0.0114229
-0.00131906
0.00282305
0.0104695
-0.000988135
-0.00217943
0.00364152
0.00662548
0.0044962
-0.00342616
-0.0161182
-0.0302175
-0.0414172
-0.0462778
-0.0434975
-0.0345576
-0.0233278
-0.0145801
-0.011006
-0.00367652
-0.0133789
-0.0145436
-0.00843255
-0.00518628
-0.00610266
-0.0111152
-0.0198871
-0.0306695
-0.0403839
-0.0458818
-0.0453739
-0.0393944
-0.030979
-0.0244575
-0.022552
-0.0159112
-0.0244758
-0.0273701
-0.0211873
-0.0169794
-0.0153356
-0.0161103
-0.0200593
-0.0268901
-0.0345525
-0.040091
-0.0413169
-0.0381564
-0.0329592
-0.0295746
-0.0306635
-0.0252152
-0.0323238
-0.0381181
-0.0315184
-0.0252435
-0.0196941
-0.0153239
-0.0141729
-0.0170709
-0.022509
-0.0276063
-0.0300028
-0.0293575
-0.0276097
-0.0281754
-0.03356
-0.0298913
-0.0344628
-0.0438698
-0.0365416
-0.0271883
-0.0167595
-0.00697597
-0.00116756
-0.000736759
-0.00416663
-0.00848234
-0.0113834
-0.0126497
-0.0141357
-0.0189404
-0.0293731
-0.0280542
-0.0289139
-0.0428026
-0.0347616
-0.022039
-0.00653922
0.00816126
0.0175478
0.0202301
0.0183083
0.0150291
0.0124237
0.0102394
0.00639838
-0.00204191
-0.0172038
-0.0183579
-0.0155628
-0.0340833
-0.0263077
-0.0109796
0.008776
0.0269959
0.0383965
0.0418979
0.0408075
0.0387212
0.0372547
0.0354311
0.0307179
0.020177
0.00167825
-0.00131516
0.00287916
-0.0198037
-0.0136073
0.00263764
0.0248305
0.0451472
0.0564506
0.059383
0.0584156
0.057559
0.0579406
0.0577671
0.0539021
0.0432541
0.0235697
0.0199811
0.0219104
-0.00380032
-0.000417771
0.0144773
0.0366063
0.0568032
0.0671487
0.0685211
0.0669585
0.0671819
0.0699995
0.0727113
0.0714292
0.0627238
0.0438855
0.0409254
0.0375716
0.0108696
0.0145967
0.0327186
0.0573159
0.0741846
0.0766137
0.0703906
0.0649542
0.065588
0.0716964
0.0790136
0.0821934
0.077107
0.059857
0.0577049
0.0394196
0.0171231
0.022087
0.0351595
0.0504651
0.0591139
0.0572065
0.0494502
0.0436666
0.0444492
0.0512319
0.0596679
0.0647509
0.0624066
0.0505674
0.0541205
0.04167
0.0208421
0.0227357
0.0304027
0.0397689
0.0437436
0.0386251
0.0289666
0.022591
0.0241625
0.033029
0.0444436
0.0532097
0.055157
0.0479184
0.0534334
0.0404199
0.0231195
0.0252314
0.0315752
0.0370591
0.0350162
0.0240252
0.0102523
0.00179877
0.00304192
0.013012
0.0268429
0.0389011
0.0446574
0.0416724
0.0487054
0.0355306
0.0226311
0.0253772
0.030202
0.0319405
0.0254462
0.0108551
-0.00532408
-0.0154183
-0.0152562
-0.00559138
0.00905304
0.0230076
0.0314342
0.0318196
0.0397101
0.0279784
0.0194429
0.023183
0.0269734
0.0260783
0.0171613
0.00126984
-0.0156203
-0.0267434
-0.0281669
-0.0200733
-0.00617633
0.00815511
0.0178864
0.020396
0.02838
0.0186023
0.013479
0.0183014
0.0215861
0.0195711
0.0103102
-0.00484617
-0.021004
-0.0325359
-0.0357225
-0.0299846
-0.0179542
-0.0044055
0.00549892
0.00882736
0.0163244
0.00779271
0.00420212
0.00964341
0.0128168
0.0109385
0.00317032
-0.00949632
-0.0236398
-0.0348482
-0.0395409
-0.0363289
-0.0266965
-0.0146522
-0.00537178
-0.00230238
0.00446642
-0.00395798
-0.0082264
-0.00276052
0.000669877
0.000181547
-0.00452742
-0.0133431
-0.0244448
-0.0345492
-0.0401978
-0.039291
-0.0322669
-0.0223073
-0.014435
-0.0126137
-0.00655634
-0.0155499
-0.0221614
-0.0167452
-0.0122996
-0.0100779
-0.010469
-0.0145613
-0.0220022
-0.0304101
-0.0364316
-0.0374849
-0.0332308
-0.0260856
-0.0207236
-0.0213907
-0.0159675
-0.0251633
-0.034781
-0.0287623
-0.0221686
-0.016011
-0.0113031
-0.0104579
-0.0141907
-0.0206472
-0.0265608
-0.02917
-0.0277505
-0.0241449
-0.022534
-0.0270781
-0.022401
-0.0302106
-0.0429481
-0.0355802
-0.0258143
-0.0149222
-0.00504829
0.000218811
-0.000350714
-0.00495269
-0.0103596
-0.0139511
-0.0150567
-0.0152302
-0.018122
-0.0275017
-0.0238686
-0.0283927
-0.0443349
-0.0355198
-0.0223055
-0.00664994
0.00772852
0.0162372
0.0177851
0.0146657
0.0101358
0.00639323
0.00365404
0.000340232
-0.00673489
-0.0208689
-0.018462
-0.0189111
-0.0381276
-0.0286851
-0.0128031
0.0067035
0.0241881
0.0342671
0.0365647
0.034357
0.0310383
0.0281724
0.0252146
0.0202952
0.0106202
-0.00714416
-0.00573055
-0.00371901
-0.0261056
-0.0174603
-0.000560381
0.0209909
0.0398275
0.0496988
0.0514655
0.0496025
0.0477479
0.0467909
0.0452385
0.0406345
0.0300882
0.0110425
0.0121216
0.0135871
-0.0117726
-0.00535727
0.0103911
0.031799
0.050226
0.058624
0.058808
0.0567421
0.0565838
0.0585247
0.0601022
0.0579026
0.048754
0.0301545
0.0313646
0.0302241
0.0035672
0.00921072
0.026871
0.049347
0.0639751
0.0652404
0.0592862
0.0548062
0.056168
0.0621957
0.0685243
0.0705809
0.0645662
0.0476838
0.0493934
0.021177
0.000593073
0.00407279
0.0148426
0.0274686
0.034231
0.0318112
0.0248888
0.0206883
0.0230801
0.0307818
0.0391914
0.0439841
0.0418139
0.0312958
0.0337737
0.0260197
0.00665505
0.00764236
0.0140744
0.0215746
0.0235386
0.0172166
0.00771596
0.00251842
0.00547059
0.0149554
0.026166
0.0344939
0.0365418
0.0306122
0.0353521
0.0292017
0.012651
0.0135907
0.0183975
0.0220149
0.0184922
0.00687322
-0.00650091
-0.0138171
-0.0112801
-0.00051569
0.013402
0.0252581
0.0311544
0.0291611
0.0353542
0.0292607
0.0166421
0.0182965
0.0217947
0.0221723
0.0146264
-0.000377041
-0.0163401
-0.0257989
-0.0248646
-0.0146015
0.000320538
0.0144167
0.0232594
0.0245719
0.0316959
0.0265784
0.0180023
0.0208306
0.0237008
0.0222084
0.0126649
-0.00358262
-0.0206275
-0.0317797
-0.0330938
-0.0247353
-0.0104461
0.00442716
0.0149701
0.0184134
0.0257241
0.0211861
0.015722
0.0198443
0.0228648
0.0207106
0.0112329
-0.00425532
-0.0209078
-0.0330203
-0.0366268
-0.0308922
-0.0183275
-0.0037909
0.00729369
0.0115383
0.0182988
0.0127831
0.00856653
0.0134885
0.0169453
0.0155041
0.00786308
-0.00515165
-0.0200731
-0.0322428
-0.037669
-0.0345568
-0.024182
-0.0107314
2.9963e-05
0.00389828
0.00960188
0.00154907
-0.00357128
0.00160372
0.00584608
0.00632865
0.00201868
-0.00718059
-0.0192756
-0.0305797
-0.0371204
-0.0363204
-0.0283695
-0.0166967
-0.00715673
-0.00470947
-0.000205153
-0.0113075
-0.0188124
-0.0134649
-0.00777822
-0.00420219
-0.00403499
-0.00855452
-0.0171184
-0.02684
-0.0338318
-0.0350325
-0.0298329
-0.0208953
-0.0138211
-0.0139286
-0.0104488
-0.0235389
-0.0338602
-0.0278023
-0.0198022
-0.0121605
-0.00688096
-0.00651289
-0.0113858
-0.019142
-0.0260533
-0.0289467
-0.0268125
-0.0216427
-0.0184544
-0.0223402
-0.0196495
-0.0323859
-0.0451713
-0.0377164
-0.0266582
-0.0145154
-0.00428215
0.00042946
-0.00119947
-0.00696651
-0.0133463
-0.0174338
-0.0182649
-0.0173771
-0.0189885
-0.0274806
-0.0255528
-0.0350656
-0.0500119
-0.0411556
-0.0270583
-0.0107054
0.00362761
0.0114688
0.0121183
0.00807331
0.00266559
-0.0017812
-0.00475337
-0.00763843
-0.0138592
-0.0267765
-0.0256412
-0.0302129
-0.0474508
-0.0379707
-0.0217268
-0.00228414
0.0146156
0.0238803
0.0255283
0.0227502
0.0187457
0.0150596
0.011434
0.00634335
-0.00316497
-0.0191085
-0.0185705
-0.0189413
-0.0385396
-0.0298935
-0.0131778
0.00746394
0.0251069
0.0340512
0.0353791
0.0333076
0.0310837
0.0293086
0.0268665
0.0217525
0.0114743
-0.0059108
-0.00556166
-0.00445635
-0.0265395
-0.0201639
-0.00489394
0.0151429
0.031742
0.0388732
0.0387434
0.0369175
0.0368084
0.0378743
0.0387077
0.0357209
0.0265928
0.00961349
0.0101467
0.0117288
-0.012318
-0.00756792
0.00778622
0.0272193
0.0398402
0.041103
0.036546
0.0339667
0.0367256
0.0435164
0.0490215
0.0500787
0.0433726
0.0274232
0.0277483
-0.00108458
-0.019439
-0.0194668
-0.0126126
-0.00332208
0.00174784
-0.00033825
-0.00520831
-0.00650237
-0.00130746
0.00828715
0.0175976
0.022618
0.020803
0.0116043
0.0101612
0.00593445
-0.0110403
-0.012579
-0.00897181
-0.00431179
-0.00452667
-0.0114892
-0.0200308
-0.0232502
-0.0183662
-0.00779034
0.00367821
0.0121666
0.0151327
0.0113316
0.0135926
0.0133266
-0.00129426
-0.00281482
-0.000866732
-1.96226e-05
-0.00548214
-0.0176013
-0.0302351
-0.0360583
-0.0318406
-0.0198166
-0.00523414
0.00715998
0.0141525
0.0141053
0.018154
0.0188864
0.00771532
0.00714584
0.00830396
0.00642222
-0.00270664
-0.0183743
-0.0342857
-0.0431666
-0.0412642
-0.0298794
-0.0138962
0.0013582
0.011793
0.0151463
0.0205518
0.02194
0.0144658
0.0155865
0.0169328
0.0138978
0.00321889
-0.0139192
-0.0317318
-0.0434037
-0.0447362
-0.0356861
-0.0201238
-0.00344138
0.00928195
0.0149675
0.0209519
0.0213664
0.0167869
0.0197265
0.0220874
0.0194029
0.00926736
-0.00720308
-0.0251822
-0.0386832
-0.0431503
-0.0372837
-0.0234092
-0.00667561
0.00697148
0.0135035
0.0190814
0.0159915
0.0126348
0.0169702
0.0206535
0.0195946
0.0117883
-0.0021672
-0.0186763
-0.0326385
-0.0394024
-0.0365331
-0.0249943
-0.00925612
0.00400673
0.00988715
0.0141498
0.00561428
0.00164944
0.00669916
0.0120005
0.0135535
0.0094743
-0.00053723
-0.0141907
-0.0272726
-0.0351884
-0.0347572
-0.0258222
-0.0121361
-0.000476381
0.00341189
0.0057695
-0.00844985
-0.0143202
-0.00878442
-0.00146043
0.00356106
0.00418842
-0.00100932
-0.0109376
-0.0221508
-0.0302513
-0.0317238
-0.0256853
-0.0151305
-0.00649325
-0.00576151
-0.00542511
-0.0235047
-0.0316351
-0.0254538
-0.0159015
-0.0065057
-0.000720766
-0.000914712
-0.00687526
-0.0157143
-0.0233415
-0.0263151
-0.0234598
-0.0170536
-0.0128499
-0.0161838
-0.017609
-0.0360914
-0.0462568
-0.0390536
-0.0267421
-0.01326
-0.00267435
0.00156141
-0.000834298
-0.00724275
-0.0139468
-0.0179465
-0.0181956
-0.0164249
-0.0173378
-0.0251778
-0.0279766
-0.0430959
-0.0550849
-0.047041
-0.032427
-0.015454
-0.001132
0.00630416
0.00654951
0.00231102
-0.0030719
-0.00732449
-0.00988146
-0.0121614
-0.0177611
-0.0296784
-0.0334562
-0.0427762
-0.0565616
-0.0486472
-0.0328876
-0.0137802
0.00261335
0.0115457
0.0131843
0.0106762
0.0070462
0.00364409
0.000299044
-0.00439223
-0.0131104
-0.0277347
-0.0320223
-0.0358837
-0.0516525
-0.0450222
-0.0298025
-0.0103702
0.00614943
0.0147586
0.016471
0.0151238
0.0135768
0.0121521
0.00975243
0.00481457
-0.00474319
-0.0201975
-0.0243506
-0.0251607
-0.0429455
-0.038575
-0.0251356
-0.00725009
0.00750403
0.0140524
0.0144953
0.0136592
0.0144983
0.0160641
0.0163218
0.0131521
0.00473105
-0.00991928
-0.0133652
-0.0116212
-0.0313503
-0.0290748
-0.0171649
-0.00139132
0.0093117
0.0110232
0.0085458
0.00838901
0.0128925
0.0203376
0.0261583
0.0267427
0.0198902
0.00532127
0.00121707
-0.0214735
-0.0371112
-0.0405713
-0.0377734
-0.032291
-0.0289625
-0.030511
-0.0330352
-0.030917
-0.0225398
-0.0108401
-0.000619559
0.00457712
0.00303839
-0.00512748
-0.0108057
-0.012661
-0.0271119
-0.0315797
-0.0313219
-0.029972
-0.0322786
-0.0393646
-0.0462521
-0.0469561
-0.039854
-0.0281389
-0.0163622
-0.007474
-0.00324042
-0.00479541
-0.00533108
-0.00140838
-0.0136726
-0.0178736
-0.0191909
-0.0215003
-0.0290649
-0.0415892
-0.0532433
-0.0572984
-0.051224
-0.0378633
-0.0225308
-0.00930977
-0.000787238
0.00146837
0.0032674
0.00972811
0.000477477
-0.00242001
-0.00405958
-0.00861899
-0.0196876
-0.0362599
-0.0522052
-0.0604309
-0.05737
-0.0446093
-0.0272762
-0.0104088
0.00215591
0.00801994
0.0116907
0.0188378
0.0128566
0.0121135
0.0115401
0.00663712
-0.00568448
-0.0242088
-0.0431309
-0.0554461
-0.056656
-0.0465135
-0.029113
-0.00998719
0.00555097
0.0140081
0.0187134
0.0236201
0.0202972
0.021996
0.023386
0.0198567
0.00853226
-0.00958214
-0.0294946
-0.0446919
-0.0499574
-0.0435848
-0.0277743
-0.00801978
0.00882183
0.018198
0.0227623
0.0219315
0.0198883
0.023693
0.0273758
0.0264157
0.0179435
0.0023986
-0.0163301
-0.032525
-0.0407687
-0.0379485
-0.0247985
-0.005895
0.0103593
0.0188044
0.02198
0.013046
0.0108001
0.0158872
0.0219539
0.0243573
0.0200641
0.00870939
-0.00699246
-0.0222238
-0.0317309
-0.0316652
-0.0214813
-0.00526822
0.00877444
0.014615
0.0153565
-0.00175784
-0.00531804
0.000582677
0.0090559
0.0153513
0.0160325
0.00978075
-0.00176414
-0.0146091
-0.0239141
-0.0257082
-0.0187539
-0.00637121
0.00377654
0.00568126
0.00343851
-0.0193755
-0.0246823
-0.0183366
-0.00720597
0.0032348
0.00909806
0.0080911
0.00100787
-0.00878314
-0.0169684
-0.0199223
-0.0162784
-0.00863072
-0.00360229
-0.00641058
-0.0116152
-0.0358178
-0.0427809
-0.0358307
-0.0225984
-0.00825436
0.00228764
0.00589954
0.00285461
-0.00384891
-0.0104484
-0.013984
-0.0133845
-0.0106919
-0.0111472
-0.0186996
-0.0263573
-0.0472856
-0.0558737
-0.0488523
-0.0341512
-0.0169937
-0.00298947
0.00397258
0.00403006
8.2655e-05
-0.0046415
-0.00804165
-0.00964031
-0.0111026
-0.0162593
-0.0277084
-0.0370156
-0.0515456
-0.061849
-0.0557132
-0.0408949
-0.0225544
-0.00694176
0.00165036
0.00358125
0.00192148
-0.000600028
-0.00287728
-0.00519816
-0.00906701
-0.0171442
-0.0309053
-0.0408867
-0.0489877
-0.0611603
-0.0569002
-0.0435343
-0.0259176
-0.0107548
-0.00240903
1.06975e-05
5.89093e-05
-5.98748e-05
-0.000274666
-0.00170859
-0.00585327
-0.014545
-0.0286109
-0.0381684
-0.0422053
-0.0559788
-0.0540912
-0.0432533
-0.0278536
-0.0150755
-0.00889345
-0.00743796
-0.00654838
-0.0043444
-0.00186159
-0.00112781
-0.00375858
-0.0110926
-0.0236981
-0.0317884
-0.0322769
-0.0469596
-0.0468974
-0.0385173
-0.0263614
-0.018179
-0.0163758
-0.017303
-0.0154676
-0.00897373
-0.000311966
0.00593217
0.00636889
-0.000268178
-0.0133318
-0.0217305
-0.0346213
-0.047278
-0.0525001
-0.0525008
-0.049911
-0.0486986
-0.0502069
-0.0509087
-0.0462033
-0.0356322
-0.0229291
-0.0127368
-0.00786384
-0.00922481
-0.0163702
-0.0241925
-0.0252438
-0.0376951
-0.0443783
-0.0468378
-0.0480086
-0.0517388
-0.058319
-0.0631199
-0.061325
-0.0525561
-0.0406255
-0.0293301
-0.020421
-0.0150831
-0.0147346
-0.0170181
-0.0101888
-0.020344
-0.0262954
-0.0299748
-0.0346378
-0.0436522
-0.0562635
-0.0668814
-0.0694247
-0.0621843
-0.0484806
-0.033354
-0.0198482
-0.00997272
-0.00557027
-0.00484377
0.00649136
-0.000998197
-0.00526493
-0.00873808
-0.0151741
-0.0276985
-0.0450481
-0.0611544
-0.0690727
-0.0654918
-0.0522129
-0.0344468
-0.0166002
-0.00217326
0.00604164
0.00917577
0.0217735
0.0170356
0.0152827
0.0135388
0.00743255
-0.00620072
-0.0261055
-0.0463472
-0.0596215
-0.0611142
-0.0505791
-0.0320104
-0.0110437
0.00694218
0.0179179
0.0225747
0.0322244
0.0297109
0.0308121
0.0317935
0.0277795
0.0154199
-0.00443468
-0.0265177
-0.0437207
-0.0501825
-0.0436
-0.0262015
-0.00401099
0.0156558
0.0275607
0.0324867
0.0347284
0.0333431
0.0369273
0.0409146
0.0400939
0.0309044
0.0135693
-0.00765491
-0.0263503
-0.0363102
-0.033687
-0.0188844
0.00243376
0.0215198
0.0322485
0.0360257
0.0279192
0.0263783
0.0317091
0.0385457
0.0414734
0.0366968
0.023716
0.00568249
-0.0119316
-0.0232007
-0.0235796
-0.0120837
0.00639101
0.0226766
0.0302506
0.031547
0.0127518
0.0102004
0.0166517
0.0261201
0.0330658
0.0333489
0.0256948
0.0122571
-0.00241899
-0.013062
-0.0152205
-0.00721907
0.00694431
0.0185761
0.0215066
0.0194486
-0.0072534
-0.011366
-0.00421631
0.00770545
0.0186886
0.024108
0.0218908
0.0134123
0.00249818
-0.00633805
-0.00924294
-0.00462065
0.00437752
0.0102292
0.0077696
0.00188125
-0.0276622
-0.0331994
-0.0258494
-0.0120093
0.00252336
0.0124805
0.0150455
0.0110697
0.00391854
-0.00260309
-0.00554057
-0.0038235
2.40625e-05
2.52943e-05
-0.00758444
-0.0169541
-0.0436842
-0.0508518
-0.0439657
-0.0292584
-0.0124208
0.000737205
0.00679991
0.0063743
0.00258739
-0.00143627
-0.00376026
-0.00401315
-0.00431391
-0.00904398
-0.0206049
-0.032623
-0.0526863
-0.0611987
-0.0559517
-0.0419981
-0.0247348
-0.0102917
-0.00244541
-0.000490458
-0.00143897
-0.00276959
-0.00362877
-0.00447798
-0.0071351
-0.0146161
-0.0282241
-0.0415087
-0.0544529
-0.0645538
-0.0618615
-0.0502632
-0.0345676
-0.0209342
-0.0130326
-0.0099299
-0.00870792
-0.00727019
-0.00596912
-0.00600071
-0.00899037
-0.0168551
-0.0303612
-0.0433361
-0.0514938
-0.0628521
-0.0628316
-0.0543513
-0.0416525
-0.0307155
-0.0247151
-0.0220594
-0.0195219
-0.0158143
-0.0122402
-0.0106297
-0.012354
-0.0186035
-0.029915
-0.0409909
-0.044014
-0.0540386
-0.0546827
-0.0489955
-0.040653
-0.0349864
-0.0339296
-0.0343388
-0.0314127
-0.0237341
-0.0142665
-0.00777179
-0.00732001
-0.0133373
-0.0250821
-0.0350472
-0.0366973
-0.046546
-0.0510715
-0.0518785
-0.0509094
-0.0510393
-0.0528207
-0.0530306
-0.0479356
-0.0378723
-0.0266543
-0.0181594
-0.0142608
-0.0153803
-0.0208545
-0.0270142
-0.0295354
-0.0410549
-0.0486254
-0.0524652
-0.0545486
-0.0577875
-0.0623116
-0.0646076
-0.0614287
-0.0529873
-0.0430942
-0.0339135
-0.0258015
-0.0198145
-0.0179941
-0.0196409
-0.0108272
-0.019703
-0.0259835
-0.0305152
-0.0357572
-0.0443356
-0.0555161
-0.0646925
-0.0666436
-0.0602883
-0.0487562
-0.0358784
-0.0233037
-0.0127557
-0.00661069
-0.00467265
0.010812
0.00435498
-1.78156e-06
-0.0040141
-0.0108016
-0.0230011
-0.0395017
-0.0549768
-0.0630478
-0.0606083
-0.0492545
-0.0333003
-0.0160952
-0.00088415
0.00909357
0.0139405
0.0315876
0.0272044
0.0254358
0.0233085
0.0169591
0.00349722
-0.016058
-0.036329
-0.0503354
-0.0531034
-0.0440832
-0.0265385
-0.0056436
0.0132804
0.0258675
0.032632
0.047198
0.0443137
0.0454722
0.0461963
0.0419611
0.0295484
0.00957735
-0.0130345
-0.031345
-0.0391453
-0.0336495
-0.0165297
0.00614925
0.0268424
0.0401216
0.047572
0.0537366
0.0513473
0.0551719
0.0590725
0.0580301
0.0485398
0.0306868
0.00860676
-0.0113291
-0.0225368
-0.0206736
-0.00567145
0.0164645
0.0365139
0.0482803
0.0550281
0.0492449
0.0462576
0.0521298
0.0591045
0.0618199
0.0565096
0.0426834
0.0235938
0.00478734
-0.00752925
-0.00841634
0.00352604
0.0229388
0.0399492
0.0481651
0.0527095
0.0344215
0.0300586
0.037412
0.0472483
0.0539864
0.0535335
0.0447909
0.030195
0.014471
0.0030405
0.000545595
0.00926561
0.0243529
0.0364097
0.039527
0.0407776
0.0126045
0.00637527
0.0149103
0.027322
0.0380456
0.0425557
0.0391041
0.0294607
0.0176938
0.00837564
0.00558659
0.0110587
0.0209629
0.0270266
0.0243733
0.0216287
-0.0111448
-0.0183963
-0.0099661
0.00425206
0.0183421
0.027225
0.0285144
0.0234522
0.0156786
0.00909057
0.00668155
0.00947459
0.0143193
0.0145071
0.00641867
-0.000318229
-0.0315606
-0.039762
-0.0322222
-0.0174904
-0.00143182
0.0104714
0.0153034
0.0139782
0.00993277
0.00620836
0.00474722
0.00579448
0.00664437
0.00226494
-0.0098355
-0.019926
-0.0448253
-0.0538867
-0.0484695
-0.0350505
-0.0190325
-0.00599689
0.000837861
0.00227851
0.0014065
0.000645084
0.000849528
0.0014031
-5.02302e-05
-0.00707001
-0.0207442
-0.0330235
-0.0506775
-0.0608251
-0.0587231
-0.0483174
-0.0342716
-0.0219451
-0.0145488
-0.0113172
-0.0095141
-0.00738342
-0.00509539
-0.00391285
-0.00578551
-0.0130621
-0.0261708
-0.0388508
-0.0514374
-0.0627292
-0.0635332
-0.056762
-0.0459973
-0.036113
-0.0298706
-0.0262837
-0.02278
-0.0185051
-0.0145143
-0.0122756
-0.0131464
-0.0185449
-0.0289486
-0.0399549
-0.0434426
-0.0502149
-0.049463
-0.0445184
-0.0385014
-0.0353263
-0.0360902
-0.0378549
-0.03569
-0.0286802
-0.019824
-0.013822
-0.0134613
-0.0188255
-0.0282133
-0.0362566
-0.0241031
-0.0275138
-0.0265314
-0.0251776
-0.0253623
-0.0285507
-0.0339187
-0.0377428
-0.0365305
-0.0304039
-0.022976
-0.017722
-0.0157964
-0.0171114
-0.0205413
-0.0202035
-0.0233805
-0.0318609
-0.0364126
-0.0390035
-0.0407114
-0.0432485
-0.0467474
-0.0489418
-0.0476054
-0.0433256
-0.0377973
-0.0318488
-0.0253433
-0.0196671
-0.0173788
-0.0151624
-0.00353802
-0.010103
-0.0137448
-0.017053
-0.0215322
-0.0287806
-0.0383069
-0.0467267
-0.0502971
-0.0478494
-0.0412676
-0.0320427
-0.0212108
-0.0111005
-0.00441123
0.00114528
0.0201129
0.014512
0.0117406
0.00820197
0.00187831
-0.00885326
-0.0231276
-0.0369068
-0.0453156
-0.0455987
-0.0384611
-0.0260417
-0.0104669
0.00416668
0.0142976
0.0222646
0.0434416
0.0381657
0.036641
0.0338504
0.027177
0.0147961
-0.00240807
-0.0201867
-0.032973
-0.0365539
-0.0294522
-0.0151184
0.00446893
0.0226732
0.0348208
0.0442446
0.0620071
0.0566588
0.056946
0.0559781
0.0505134
0.0384337
0.0204033
0.000519989
-0.0154199
-0.0222582
-0.0171286
-0.0014031
0.0205557
0.0404223
0.0526842
0.0626455
0.0714436
0.0654921
0.0679219
0.0695923
0.0666938
0.0567799
0.0401401
0.0204546
0.00328988
-0.00580945
-0.00278846
0.0122299
0.0342041
0.053343
0.0635657
0.0732794
0.0691975
0.0622018
0.0667467
0.0715979
0.0723112
0.0660794
0.0527128
0.0353363
0.0189824
0.00907141
0.0103062
0.0229629
0.0426252
0.0586987
0.0653044
0.0728139
0.0555794
0.0471403
0.0537109
0.0619557
0.0669107
0.0653374
0.0565259
0.0429425
0.028987
0.0195872
0.0191725
0.0289389
0.0444921
0.0555528
0.05695
0.0617066
0.0335518
0.0239066
0.0319186
0.0433278
0.0526057
0.0560036
0.052229
0.0431462
0.0325334
0.0245942
0.0231818
0.0298246
0.0402144
0.0452122
0.0406775
0.0421547
0.00808964
-0.00282957
0.00635654
0.020116
0.0329618
0.0407477
0.0416459
0.0370301
0.0301078
0.0242853
0.0227121
0.0264727
0.0316311
0.0307303
0.0205375
0.0185673
-0.014753
-0.0257549
-0.0170826
-0.00268551
0.0120196
0.0226553
0.0270459
0.0262088
0.02278
0.0196026
0.0187178
0.0204002
0.0212412
0.0154919
0.00195325
-0.00350051
-0.0304285
-0.0411453
-0.0342756
-0.02131
-0.00698103
0.0044219
0.0105666
0.0123282
0.0120645
0.0118423
0.0124447
0.0132357
0.0114432
0.00314054
-0.0116195
-0.0194456
-0.0386436
-0.0491568
-0.045481
-0.0356155
-0.0234645
-0.0130174
-0.0065059
-0.00317612
-0.000869026
0.00170237
0.00413125
0.00507071
0.00253938
-0.00585953
-0.0195159
-0.0281572
-0.0418087
-0.0519014
-0.0512339
-0.0448773
-0.0358845
-0.0277643
-0.0224131
-0.018924
-0.0153951
-0.0111389
-0.0074766
-0.00597134
-0.00773295
-0.0139807
-0.0244024
-0.031778
-0.0295857
-0.0312008
-0.0267541
-0.0208955
-0.0169114
-0.0173863
-0.0220749
-0.0270567
-0.0281035
-0.0231524
-0.0159893
-0.0118311
-0.0129138
-0.0184437
-0.0258467
-0.0279091
)
;

boundaryField
{
    patch0_half0
    {
        type            cyclic;
    }
    patch0_half1
    {
        type            cyclic;
    }
    patch1_half0
    {
        type            cyclic;
    }
    patch1_half1
    {
        type            cyclic;
    }
    patch2_half0
    {
        type            cyclic;
    }
    patch2_half1
    {
        type            cyclic;
    }
}


// ************************************************************************* //
