/*--------------------------------*- C++ -*----------------------------------*\
| =========                 |                                                 |
| \\      /  F ield         | OpenFOAM: The Open Source CFD Toolbox           |
|  \\    /   O peration     | Version:  3.0.0                                 |
|   \\  /    A nd           | Web:      www.OpenFOAM.org                      |
|    \\/     M anipulation  |                                                 |
\*---------------------------------------------------------------------------*/
FoamFile
{
    version     2.0;
    format      ascii;
    class       volScalarField;
    location    "3.5";
    object      p;
}
// * * * * * * * * * * * * * * * * * * * * * * * * * * * * * * * * * * * * * //

dimensions      [0 2 -2 0 0 0 0];

internalField   nonuniform List<scalar> 
4096
(
0.0082364
-0.00988253
-0.0199532
-0.0246677
-0.0220177
-0.011591
0.0027779
0.0155017
0.0237565
0.0287952
0.0331098
0.0371355
0.0387314
0.0355391
0.0265827
0.0172265
0.012833
-0.00302312
-0.0104361
-0.0162184
-0.0184251
-0.0157235
-0.00936465
-0.00145855
0.0067742
0.0149633
0.0223886
0.0275108
0.0287755
0.025582
0.0186807
0.0167627
0.0224731
0.00782377
0.0031995
-0.00122491
-0.00352033
-0.0023446
0.000831103
0.00383768
0.00623913
0.00931463
0.0138571
0.0187768
0.022009
0.0218087
0.018619
0.0235729
0.0264929
0.0161483
0.0156764
0.0137945
0.0117523
0.0106864
0.00960524
0.00723639
0.00414907
0.00273357
0.00448032
0.00852883
0.0125522
0.0144661
0.0146449
0.0249722
0.023821
0.0202089
0.0242436
0.0253331
0.0239452
0.0209103
0.0159671
0.00902841
0.0012607
-0.00387246
-0.00485123
-0.00230029
0.00147257
0.00449135
0.00730992
0.0203686
0.0159717
0.0194185
0.027228
0.0311592
0.0309063
0.0268751
0.0193712
0.00923003
-0.0015069
-0.00966926
-0.0131206
-0.0123469
-0.00949026
-0.00627294
-0.00186924
0.0113048
0.00534921
0.0141555
0.0244988
0.0307209
0.0317925
0.0276182
0.0188622
0.00713272
-0.00505663
-0.0148816
-0.0199473
-0.0206403
-0.0189125
-0.0161761
-0.0114099
0.000111059
-0.00508016
0.00590913
0.0173706
0.0251135
0.0274742
0.0238297
0.0149467
0.00296747
-0.00936843
-0.0192724
-0.024863
-0.0263512
-0.0254721
-0.0235129
-0.0195244
-0.0101102
-0.0128263
-0.00333749
0.00786318
0.016274
0.0197348
0.0171239
0.00910546
-0.00193324
-0.0131695
-0.0220033
-0.0271094
-0.0286605
-0.0281138
-0.0269017
-0.0244334
-0.0170721
-0.0169694
-0.011819
-0.00203283
0.00619505
0.0104561
0.00927095
0.00298282
-0.00597949
-0.0151493
-0.0219908
-0.0257971
-0.0268372
-0.0262782
-0.0257227
-0.0252972
-0.0194646
-0.0178165
-0.0183929
-0.0109699
-0.00370234
0.000998602
0.00149382
-0.00231798
-0.00844597
-0.0143849
-0.0184557
-0.0203472
-0.0204961
-0.0198923
-0.0201788
-0.0221081
-0.0178408
-0.0169982
-0.022606
-0.018251
-0.0127127
-0.00799736
-0.00568269
-0.00634559
-0.0086575
-0.0107122
-0.0114415
-0.0110003
-0.01007
-0.00963084
-0.0112253
-0.0156913
-0.0139183
-0.0156556
-0.0246628
-0.0238667
-0.0205935
-0.0162363
-0.0121628
-0.00906089
-0.00684791
-0.0045723
-0.00182692
0.000974013
0.00289784
0.00287898
-0.000424624
-0.00735828
-0.00944022
-0.0140399
-0.0247715
-0.0277228
-0.0273114
-0.0241134
-0.01877
-0.0122418
-0.00550519
0.00119079
0.00757178
0.0128253
0.0156579
0.0148916
0.00980482
0.000864795
-0.00564097
-0.0104704
-0.0221106
-0.0285405
-0.0315792
-0.030786
-0.026153
-0.0181132
-0.00828662
0.00249317
0.0128961
0.0210209
0.0250022
0.0239255
0.0178296
0.00798078
-0.00165315
0.00412694
-0.0119255
-0.0223305
-0.0273485
-0.0245692
-0.0136375
0.00120574
0.0137539
0.0212526
0.0253543
0.0289219
0.0326403
0.0344739
0.0319059
0.0240039
0.0134297
0.0117214
-0.00811383
-0.0194674
-0.0229704
-0.0178863
-0.00625409
0.00690282
0.0172985
0.0240724
0.0291389
0.0345812
0.0403654
0.0437544
0.0419893
0.0335512
0.0218577
0.0114358
-0.00268871
-0.00933739
-0.0130382
-0.0134562
-0.0110079
-0.00680751
-0.00119814
0.00627088
0.0155831
0.0252191
0.0324101
0.0347582
0.0313459
0.0233241
0.0171446
0.0212464
0.00972984
0.00556791
0.00280029
0.00198632
0.00317976
0.00486465
0.00622679
0.00824763
0.0123809
0.0185417
0.0246474
0.0281818
0.0277356
0.0239285
0.024253
0.0249741
0.0184262
0.0181466
0.0174027
0.0166135
0.0158522
0.0140049
0.0107062
0.00764187
0.00709488
0.00972141
0.0140044
0.0177417
0.0194587
0.0195506
0.0254558
0.0225735
0.0221121
0.0258212
0.0274352
0.026934
0.0243447
0.0192755
0.0119591
0.0047089
0.000128593
-0.000624097
0.00146091
0.00469323
0.00780905
0.0111322
0.0207302
0.0156303
0.0207841
0.0276147
0.0312806
0.0313248
0.0276393
0.0203788
0.0105387
0.000353584
-0.00738188
-0.0111218
-0.0111774
-0.00875407
-0.00487284
0.000725957
0.0119404
0.00624885
0.0152026
0.0239263
0.0290026
0.0295835
0.0253716
0.0169291
0.00580309
-0.00573302
-0.0151496
-0.0207302
-0.0223125
-0.0206831
-0.0166553
-0.00999444
0.00135287
-0.00343627
0.00679797
0.0162427
0.0220459
0.023073
0.0188165
0.0100597
-0.00123341
-0.0126663
-0.0221282
-0.028149
-0.0303862
-0.0293607
-0.0257547
-0.019374
-0.00866324
-0.0114299
-0.0027508
0.00637912
0.0124209
0.0138788
0.01007
0.00186004
-0.00856731
-0.0186411
-0.0267546
-0.0319663
-0.0340788
-0.0334745
-0.0307776
-0.0258188
-0.01644
-0.0170754
-0.0119951
-0.00387979
0.00202668
0.00401732
0.00124124
-0.00554759
-0.0141615
-0.0217868
-0.0275413
-0.0310749
-0.0325555
-0.032321
-0.0309623
-0.0284413
-0.0205644
-0.0201818
-0.019819
-0.0133819
-0.00789376
-0.00517311
-0.00627951
-0.0107137
-0.0163404
-0.0209331
-0.0237425
-0.0251412
-0.0257397
-0.0259207
-0.0262418
-0.0267983
-0.0210484
-0.0211096
-0.0255326
-0.0215258
-0.0168133
-0.0132073
-0.0120621
-0.0133524
-0.0153371
-0.0162801
-0.0158691
-0.0149799
-0.0145719
-0.0151541
-0.0172861
-0.0210929
-0.0186461
-0.0202743
-0.0287298
-0.0279939
-0.024573
-0.0200973
-0.0162727
-0.0137449
-0.0116195
-0.00882202
-0.00539871
-0.00237242
-0.000894229
-0.00172646
-0.00551511
-0.0122984
-0.0144423
-0.0182396
-0.0295014
-0.0323877
-0.0309637
-0.0264033
-0.020446
-0.0144124
-0.00839076
-0.00205011
0.00434654
0.00972774
0.0126241
0.0118155
0.00658182
-0.0026845
-0.00990208
-0.014033
-0.0269797
-0.0331403
-0.0345028
-0.0315352
-0.0260044
-0.0191071
-0.0109315
-0.00126812
0.00903411
0.0179706
0.0231733
0.0230148
0.0170866
0.0064085
-0.00474829
0.00599305
-0.0127413
-0.0247196
-0.0284767
-0.0232637
-0.011063
0.00240225
0.012465
0.0184947
0.0227209
0.0274054
0.0326587
0.0364361
0.0355018
0.0281157
0.0161305
0.0158017
-0.00416848
-0.0157867
-0.018813
-0.0130495
-0.00171394
0.00976936
0.0179357
0.0231703
0.0277249
0.03341
0.0400508
0.044689
0.0446825
0.0379004
0.0261489
0.0106709
-0.00175971
-0.00775099
-0.00981867
-0.00865784
-0.00612455
-0.00322087
0.000665284
0.00689054
0.0158387
0.0260138
0.0343368
0.0379491
0.0351978
0.0269951
0.0177913
0.0194291
0.0103702
0.006531
0.00515057
0.00587478
0.00759329
0.00867113
0.00904298
0.0104829
0.0146811
0.0214261
0.0283437
0.0324858
0.0321491
0.0278475
0.0241237
0.0229354
0.0188534
0.0185913
0.0188816
0.019421
0.0194006
0.0175422
0.0139672
0.0109392
0.010822
0.0140226
0.0187548
0.0225416
0.0239065
0.0232651
0.0248543
0.0212674
0.0226136
0.026027
0.0281463
0.0284736
0.026465
0.0216555
0.0147136
0.00808474
0.00431302
0.00422251
0.00652415
0.00945532
0.0119545
0.0144515
0.0202896
0.0159298
0.0217876
0.0279313
0.0314065
0.0315181
0.0279288
0.0209263
0.0117701
0.00273737
-0.00374957
-0.00661882
-0.00647211
-0.00443887
-0.00117804
0.00371869
0.0123091
0.00820841
0.0168389
0.0244605
0.028618
0.0284463
0.0237239
0.0153141
0.00503002
-0.00498211
-0.0127335
-0.0171586
-0.018413
-0.0170925
-0.013508
-0.00726373
0.0025854
-0.000543419
0.00879666
0.0168173
0.0210996
0.0207132
0.0154422
0.00650908
-0.00386978
-0.0135526
-0.0210683
-0.0257106
-0.0275083
-0.0267112
-0.0233569
-0.0170088
-0.00708107
-0.00886984
-0.000830852
0.00668158
0.0109002
0.0106011
0.00552903
-0.00296867
-0.0124425
-0.0207109
-0.026797
-0.0305913
-0.0323059
-0.0320009
-0.0294862
-0.0242536
-0.0151586
-0.0157415
-0.0105441
-0.00396015
0.000146755
0.000379779
-0.00367172
-0.0107496
-0.0183728
-0.0243998
-0.0283158
-0.0306539
-0.0319829
-0.0322725
-0.0311551
-0.0280586
-0.0203456
-0.0202896
-0.0189267
-0.0136697
-0.00966077
-0.00842006
-0.0106435
-0.0153783
-0.0203153
-0.0235691
-0.0249947
-0.0256647
-0.0264875
-0.0274302
-0.0280228
-0.0277152
-0.022033
-0.022026
-0.0249566
-0.0216404
-0.0178882
-0.0153122
-0.015055
-0.016732
-0.0184435
-0.0186564
-0.0175489
-0.0165095
-0.016645
-0.0180085
-0.0202481
-0.0229462
-0.0202208
-0.0210225
-0.0281932
-0.0275722
-0.0244932
-0.0205386
-0.0173717
-0.0154626
-0.0136844
-0.0109641
-0.00758842
-0.00487118
-0.0039735
-0.00530258
-0.008766
-0.0143134
-0.0156545
-0.0182748
-0.0288766
-0.0313588
-0.0295913
-0.0249628
-0.0194901
-0.0144274
-0.00951119
-0.00408819
0.00164849
0.00656074
0.00923906
0.00870987
0.00412733
-0.0040398
-0.010151
-0.0136249
-0.0265396
-0.0319042
-0.0321092
-0.0285593
-0.0233475
-0.0177616
-0.0112983
-0.00317909
0.00612007
0.0147561
0.0203656
0.0211396
0.0162436
0.00629528
-0.0040918
0.00878879
-0.0104226
-0.0226939
-0.0261284
-0.020292
-0.00832254
0.00374677
0.0120062
0.0167661
0.0205343
0.0253247
0.0310858
0.0359557
0.0365461
0.0305972
0.0195994
0.0161434
-0.00172469
-0.0124181
-0.0149137
-0.00954049
-0.00016542
0.00824658
0.0137668
0.0177346
0.0223711
0.028795
0.0362105
0.0418307
0.0428471
0.0372341
0.0271146
0.0101683
-0.00158242
-0.00705676
-0.00791578
-0.00598416
-0.00375287
-0.00225698
-0.000103102
0.00481269
0.0131876
0.0236081
0.0329256
0.0378907
0.0362461
0.0283748
0.0182222
0.0170899
0.0088702
0.00519922
0.00472799
0.00641488
0.0083303
0.00874851
0.00822519
0.00919529
0.0135154
0.0208113
0.0285801
0.033463
0.0334506
0.0287879
0.0228105
0.0198904
0.0165212
0.0159781
0.0168247
0.0182331
0.0187491
0.0169702
0.0133987
0.0106969
0.0112106
0.0151197
0.0204228
0.0244054
0.0254731
0.0239791
0.0226208
0.0187381
0.0202688
0.0230371
0.0252746
0.026119
0.0246402
0.0203769
0.0141345
0.00854353
0.005913
0.00663199
0.00927764
0.0119763
0.0137784
0.015181
0.0181193
0.0148009
0.0201924
0.0254033
0.0284983
0.0285769
0.0251687
0.0187103
0.0106619
0.00323202
-0.00164738
-0.00350175
-0.00316751
-0.00163263
0.000789647
0.0046318
0.0109537
0.00873867
0.0163851
0.0228366
0.0261528
0.0253948
0.0204257
0.0124007
0.00335231
-0.00474818
-0.0106072
-0.0139172
-0.0150865
-0.0143723
-0.0115445
-0.0060698
0.00228824
0.00127219
0.00945356
0.0160787
0.01922
0.01788
0.012096
0.00343487
-0.00569628
-0.0134145
-0.0190368
-0.0226659
-0.0245373
-0.02441
-0.0216044
-0.0156024
-0.00658755
-0.00667229
0.000581383
0.00668632
0.00962221
0.00826711
0.00264774
-0.00556412
-0.0138015
-0.0202664
-0.0247434
-0.027856
-0.0299186
-0.0303741
-0.0282283
-0.0228861
-0.0143453
-0.0138101
-0.00865655
-0.0033801
-0.00044882
-0.0011387
-0.00561296
-0.0123381
-0.0188032
-0.0233641
-0.0261704
-0.0283257
-0.0303502
-0.0315275
-0.030653
-0.0270618
-0.0197388
-0.0189301
-0.0166987
-0.0124421
-0.0093284
-0.00877734
-0.0113034
-0.0157275
-0.0197735
-0.0220429
-0.022971
-0.0239888
-0.025808
-0.0276893
-0.0283766
-0.0271161
-0.021843
-0.0209556
-0.0223875
-0.0195482
-0.0163167
-0.0142328
-0.0143144
-0.0159557
-0.017282
-0.0171504
-0.0161628
-0.0158673
-0.0170882
-0.0192496
-0.0213459
-0.0227555
-0.0200048
-0.0196825
-0.0252583
-0.0244856
-0.0215197
-0.0179513
-0.0153909
-0.014045
-0.0126504
-0.0102964
-0.00750235
-0.00563716
-0.0055953
-0.00727389
-0.0102635
-0.0143
-0.0147889
-0.0162841
-0.0257636
-0.0275252
-0.0253755
-0.0209835
-0.01648
-0.012781
-0.00916289
-0.00478714
0.000101045
0.0043239
0.00662922
0.00622943
0.00277456
-0.00376505
-0.00818751
-0.0112839
-0.023804
-0.0281205
-0.0274048
-0.0236817
-0.0194759
-0.015673
-0.0111028
-0.00456797
0.00360512
0.0116732
0.0174331
0.0190974
0.0156383
0.00712156
-0.00124844
0.00900748
-0.00913851
-0.020069
-0.0228019
-0.0171972
-0.00699908
0.00242395
0.00848572
0.0123251
0.0163059
0.0217501
0.028134
0.0334115
0.0346557
0.0296158
0.0207653
0.0138266
-0.00292904
-0.0113441
-0.0130754
-0.00899087
-0.00260802
0.00236744
0.00562691
0.00917264
0.0147757
0.0225587
0.0308906
0.036997
0.0380498
0.0323816
0.0249774
0.00984389
-0.00279771
-0.0079673
-0.0085129
-0.00652987
-0.00485232
-0.00450072
-0.00360409
0.000367048
0.00827701
0.0188176
0.0288822
0.0349782
0.0345212
0.0271963
0.0185177
0.0143706
0.00540924
0.00172154
0.00156578
0.0035188
0.0052534
0.00499719
0.00376532
0.00441235
0.00884105
0.0165655
0.025239
0.0308956
0.0314255
0.026593
0.0205788
0.0161886
0.0121106
0.0112038
0.0121595
0.0138304
0.0144456
0.0125599
0.00894445
0.0064798
0.00751491
0.0120587
0.0180278
0.0225032
0.0236396
0.0215565
0.0191611
0.0153483
0.0161985
0.0183184
0.0203911
0.0213315
0.0199778
0.0158215
0.0100846
0.00522403
0.00344801
0.00490674
0.00803207
0.0108796
0.0124382
0.0131397
0.0147056
0.0126266
0.017367
0.0218172
0.0244977
0.0243692
0.0208736
0.0145465
0.00711923
0.000750175
-0.00298525
-0.00404414
-0.00345189
-0.00209249
-6.89846e-05
0.0031821
0.00848349
0.00823705
0.0152259
0.0209255
0.0236627
0.0224439
0.0171805
0.00921375
0.000807951
-0.00612135
-0.0107784
-0.0134431
-0.0146839
-0.0143987
-0.0119881
-0.00672469
0.00111079
0.00240196
0.00991744
0.0158336
0.0183624
0.0165048
0.0104338
0.00190756
-0.00655398
-0.013176
-0.0178454
-0.0212433
-0.0236333
-0.0241764
-0.0216155
-0.015467
-0.00646121
-0.00437093
0.0023352
0.00778917
0.0102153
0.00850627
0.00282241
-0.00501964
-0.0124735
-0.0180456
-0.0220476
-0.0255134
-0.0285547
-0.029861
-0.027809
-0.0219937
-0.0133204
-0.0110078
-0.00598262
-0.00128405
0.0013368
0.000574917
-0.0036578
-0.00974596
-0.0153609
-0.0192896
-0.0221496
-0.0252097
-0.0285658
-0.0306898
-0.0297912
-0.0254347
-0.018301
-0.0160697
-0.0133416
-0.0095362
-0.00652813
-0.00583148
-0.00795583
-0.0116616
-0.0149473
-0.0168828
-0.0182815
-0.0205317
-0.023797
-0.0265916
-0.0271819
-0.0250456
-0.020181
-0.0181626
-0.0185123
-0.0158596
-0.0125772
-0.0103534
-0.0102001
-0.011397
-0.0122867
-0.0121441
-0.0118424
-0.012782
-0.0152684
-0.0181428
-0.0200473
-0.0204904
-0.0181323
-0.0168269
-0.0210624
-0.0200596
-0.0169369
-0.0134929
-0.01127
-0.0101856
-0.00894657
-0.00688253
-0.00473156
-0.00376533
-0.00454538
-0.00656834
-0.00920068
-0.012183
-0.012472
-0.0130796
-0.0215099
-0.0226125
-0.0201982
-0.0162346
-0.0127935
-0.0102632
-0.0075164
-0.00371118
0.000698674
0.00444937
0.00645047
0.00621576
0.00342968
-0.00189764
-0.0050562
-0.00792638
-0.0201216
-0.0235519
-0.0224091
-0.01906
-0.0160388
-0.0137155
-0.0103888
-0.00476002
0.00273003
0.0103325
0.0160297
0.0182226
0.0158696
0.0086181
0.00253184
0.00692989
-0.00994897
-0.0184676
-0.0201607
-0.0154335
-0.00790039
-0.00155913
0.00262237
0.00633523
0.0113849
0.0180772
0.0251383
0.0303605
0.0311963
0.0258924
0.0192668
0.0095541
-0.00710051
-0.0133526
-0.0146479
-0.0123248
-0.00892439
-0.00658673
-0.00436562
-3.64711e-05
0.00729294
0.0167474
0.0258992
0.0319661
0.0322961
0.0256508
0.0206067
0.00835861
-0.00603555
-0.0109563
-0.0118641
-0.0104691
-0.00936229
-0.00951572
-0.00904274
-0.00535795
0.00227897
0.0129542
0.0231366
0.0297998
0.0300872
0.0231468
0.017275
0.0109463
0.000264599
-0.0033021
-0.00361219
-0.00202904
-0.000764506
-0.00150856
-0.00311355
-0.00261475
0.00188057
0.00988324
0.0187458
0.0250971
0.0262203
0.0214056
0.0171545
0.0121532
0.00666458
0.00558337
0.00632803
0.00771076
0.00796355
0.00570433
0.0018534
-0.000662894
0.000497701
0.00533647
0.0117718
0.0169383
0.0186259
0.0165012
0.0149401
0.0118905
0.0118492
0.0135802
0.0153429
0.0159791
0.0142386
0.0097235
0.00370369
-0.00120645
-0.00285179
-0.00108238
0.00255403
0.00608298
0.00823023
0.00909691
0.0109626
0.010499
0.0149101
0.018996
0.0213458
0.020852
0.0168695
0.00999336
0.0021448
-0.00436067
-0.00800494
-0.00882926
-0.0078686
-0.00597453
-0.00331489
0.000478364
0.00598446
0.00789244
0.0149208
0.0204479
0.0229557
0.0214096
0.0156869
0.0071129
-0.0017981
-0.00902553
-0.0138141
-0.0165813
-0.0178598
-0.0173493
-0.0142299
-0.00814108
0.00040137
0.00391977
0.0115465
0.0175336
0.0200484
0.0180722
0.0117614
0.0028773
-0.00599018
-0.0130738
-0.0182734
-0.0223434
-0.02534
-0.0259844
-0.0227797
-0.0155566
-0.00540188
-0.00127915
0.00540716
0.0111024
0.0137862
0.0123095
0.00680535
-0.000958445
-0.00857806
-0.0146835
-0.019638
-0.0243611
-0.0285286
-0.0302237
-0.027602
-0.0207156
-0.0108232
-0.00689829
-0.00200484
0.00295152
0.0060524
0.00587257
0.00224819
-0.0033188
-0.00879007
-0.0132164
-0.017272
-0.0219264
-0.026666
-0.0293361
-0.0280038
-0.0227723
-0.0149136
-0.0116787
-0.00892203
-0.00496247
-0.00139889
3.09543e-05
-0.00129659
-0.00420509
-0.00710722
-0.00939244
-0.0119212
-0.0156981
-0.020255
-0.0235973
-0.0239006
-0.0211983
-0.0164758
-0.0139297
-0.0139744
-0.0113115
-0.00758897
-0.00480151
-0.00400823
-0.00451113
-0.00494234
-0.00491815
-0.00537997
-0.00740726
-0.0108072
-0.0140859
-0.0158617
-0.0159931
-0.0145302
-0.0130474
-0.0167357
-0.0157258
-0.0124089
-0.00890455
-0.00666322
-0.00535944
-0.00379216
-0.00158369
0.0003834
0.000914746
-0.000277376
-0.00251547
-0.00511556
-0.00792805
-0.00920423
-0.00973991
-0.017681
-0.018624
-0.0162744
-0.0128481
-0.010133
-0.0080204
-0.00519562
-0.00105129
0.00363701
0.00746655
0.00941592
0.00913948
0.00646349
0.00136683
-0.00196032
-0.00516434
-0.0173208
-0.0203761
-0.0194052
-0.01679
-0.0146491
-0.0128355
-0.00952911
-0.0037116
0.00387929
0.0114159
0.0170024
0.0192459
0.0171706
0.0102299
0.00537282
0.00369618
-0.0125193
-0.0188216
-0.0197383
-0.0162128
-0.0113409
-0.00746046
-0.00412253
0.000461669
0.00725072
0.0154816
0.0231634
0.0279817
0.0277043
0.0211911
0.01594
0.0041153
-0.012663
-0.0178802
-0.0195398
-0.0187839
-0.0173976
-0.0160742
-0.0132164
-0.00709261
0.00228467
0.0131396
0.0225312
0.0279401
0.0271004
0.0191724
0.0151054
0.00395023
-0.0116063
-0.0161244
-0.0174224
-0.0168062
-0.0160661
-0.0160516
-0.0151703
-0.011191
-0.00333605
0.00696628
0.0169826
0.023467
0.0236696
0.016562
0.0129496
0.00569997
-0.00624174
-0.00934417
-0.00989312
-0.00894043
-0.00826439
-0.00926173
-0.0108108
-0.0101994
-0.00568464
0.00217735
0.0108855
0.0173176
0.0186204
0.0137574
0.0116967
0.00724692
0.000709427
-0.000123763
0.000382949
0.00119582
0.000753603
-0.00206917
-0.0062363
-0.00896405
-0.00800874
-0.00329029
0.00327237
0.00894952
0.0112686
0.00944875
0.00965008
0.0082979
0.00770773
0.00949077
0.011008
0.0111211
0.00866967
0.00331516
-0.0035056
-0.00910771
-0.0112872
-0.00969978
-0.00568944
-0.00121182
0.0020787
0.0037683
0.00698969
0.00875546
0.0132119
0.0173568
0.0195552
0.0186888
0.0140173
0.00611829
-0.0029725
-0.0106936
-0.015282
-0.0164939
-0.0151263
-0.0120535
-0.00786874
-0.00272587
0.00400434
0.00823448
0.0157596
0.0215476
0.0241652
0.0225072
0.0162797
0.006736
-0.00365239
-0.0125238
-0.0187418
-0.0223275
-0.0234971
-0.0218978
-0.0170923
-0.00927288
0.000716007
0.00634521
0.014567
0.0211342
0.0241075
0.0223809
0.0159204
0.0063141
-0.00394216
-0.0128821
-0.0199447
-0.0253625
-0.0287499
-0.0286296
-0.0238219
-0.0147949
-0.00286266
0.00294189
0.00999795
0.0165108
0.0199684
0.0191101
0.0138774
0.00582624
-0.00285899
-0.0107434
-0.0177566
-0.0241952
-0.0291679
-0.03047
-0.0265402
-0.0181246
-0.00644705
-0.0014623
0.00343612
0.00919828
0.0132162
0.013905
0.0109378
0.00553788
-0.000516033
-0.00634801
-0.0122767
-0.0186227
-0.0242722
-0.0268012
-0.0245782
-0.0184035
-0.00933433
-0.00568818
-0.00332666
0.00111508
0.00548026
0.00779412
0.00735252
0.0049361
0.00198965
-0.00107881
-0.00489413
-0.00990013
-0.0151281
-0.0184023
-0.0182801
-0.0153289
-0.0104991
-0.00830934
-0.00887734
-0.0062128
-0.00204206
0.00135118
0.00286798
0.00309666
0.00313495
0.00312883
0.00222097
-0.000307918
-0.00394621
-0.0071807
-0.00889542
-0.00936394
-0.00905401
-0.00855573
-0.0126692
-0.012076
-0.00877094
-0.00517837
-0.00260711
-0.000626005
0.00178278
0.00468899
0.00707121
0.00784582
0.00681512
0.00460634
0.00176745
-0.00172721
-0.00493939
-0.0068004
-0.0150443
-0.0165167
-0.014583
-0.0116018
-0.0089614
-0.00631897
-0.00245884
0.00284399
0.00848102
0.0129348
0.0151722
0.0148253
0.0117187
0.00585545
0.00072699
-0.00407544
-0.016529
-0.0197817
-0.0193696
-0.0173898
-0.0154497
-0.0130399
-0.00864054
-0.00173678
0.00662969
0.0145502
0.0201526
0.0221053
0.0194512
0.0119195
0.00625839
0.000259317
-0.0158094
-0.0209909
-0.0215861
-0.0193215
-0.016293
-0.0135066
-0.00968968
-0.00339703
0.00533671
0.0148635
0.0227547
0.0267678
0.0250594
0.017047
0.0119584
-0.00170169
-0.0178816
-0.02318
-0.0255306
-0.025889
-0.0250998
-0.0230048
-0.0181631
-0.00978777
0.00119174
0.0124555
0.021195
0.0251954
0.0229503
0.0139173
0.00934123
-0.00350484
-0.0185147
-0.0224576
-0.0238456
-0.0236213
-0.0229289
-0.0223277
-0.0205474
-0.0158402
-0.00778345
0.0022078
0.0114565
0.017057
0.0164405
0.00880502
0.00559193
-0.0019178
-0.0133739
-0.0156627
-0.0161873
-0.0157625
-0.0155984
-0.0166074
-0.0177138
-0.0166973
-0.012167
-0.004734
0.00333713
0.00914182
0.00997646
0.00492495
0.00396849
0.000701288
-0.00544973
-0.00560242
-0.00510761
-0.00487405
-0.00605895
-0.0093767
-0.0136951
-0.0165164
-0.0158377
-0.0115181
-0.00524681
0.000411979
0.00291353
0.00139139
0.00287837
0.00375257
0.0035187
0.00573952
0.00722702
0.00690637
0.00373094
-0.00244401
-0.0100698
-0.0164822
-0.0194436
-0.0183436
-0.0142288
-0.00902049
-0.0047551
-0.00219793
0.00222951
0.00668485
0.0115517
0.0160214
0.0183308
0.0173042
0.012125
0.00328505
-0.00715146
-0.0164402
-0.0224577
-0.0244401
-0.0227705
-0.0183948
-0.0125549
-0.00601394
0.0018855
0.00868015
0.0166896
0.0229336
0.0259673
0.024549
0.0181289
0.00771846
-0.00433603
-0.0153808
-0.0236641
-0.0284465
-0.0294103
-0.0262977
-0.0194673
-0.0099022
0.00139115
0.00912106
0.0178355
0.0251354
0.0288897
0.0277957
0.0214724
0.011157
-0.00081161
-0.0122089
-0.0217373
-0.0287234
-0.0321694
-0.0306699
-0.0238463
-0.0130584
0.000406556
0.00771077
0.0151164
0.0225817
0.0270612
0.027075
0.0222404
0.0137074
0.00351885
-0.0066956
-0.016151
-0.0242377
-0.0294631
-0.0296846
-0.0240676
-0.0142056
-0.0010521
0.00478298
0.00969682
0.0163651
0.0213818
0.0229489
0.0204947
0.0149372
0.0078427
0.000218937
-0.00765147
-0.0153204
-0.0211572
-0.0228739
-0.0194776
-0.0124967
-0.00242546
0.00127178
0.00319692
0.0081485
0.0132003
0.0161958
0.0162619
0.0140601
0.0107255
0.00671081
0.00181882
-0.00381373
-0.0089578
-0.0115904
-0.0108304
-0.00784007
-0.00294968
-0.00165682
-0.00303905
-0.00049617
0.00385998
0.00759254
0.00961016
0.0103872
0.0107614
0.0107721
0.00976603
0.0073675
0.00417715
0.00147608
-8.45383e-05
-0.00118114
-0.00198442
-0.00326304
-0.0083885
-0.00849893
-0.00551496
-0.00194762
0.00104132
0.00387004
0.00727296
0.011056
0.0141767
0.0156582
0.0152727
0.0134159
0.0103415
0.00579867
0.000481888
-0.00388724
-0.0129604
-0.0154311
-0.0140931
-0.0113847
-0.00839347
-0.00466895
0.000632288
0.00731553
0.0140996
0.0194397
0.0222317
0.0219529
0.0183005
0.0112203
0.00354271
-0.00428065
-0.017146
-0.021093
-0.0211064
-0.0193286
-0.0168284
-0.0131964
-0.00734021
0.000845758
0.0101317
0.0185868
0.0243196
0.0259301
0.0224346
0.0136834
0.00579101
-0.00280358
-0.0183976
-0.0232866
-0.0243527
-0.0230286
-0.0206997
-0.0174445
-0.0120282
-0.00369092
0.00659568
0.0166295
0.0239261
0.0265622
0.023168
0.0140217
0.00822359
-0.00704284
-0.021289
-0.0269746
-0.0300574
-0.0308523
-0.0294146
-0.0254447
-0.018314
-0.00813434
0.00341341
0.0139505
0.0210135
0.0229235
0.0189797
0.00951301
0.00392439
-0.0123626
-0.0249599
-0.0281872
-0.0292131
-0.0289539
-0.0281222
-0.0268671
-0.0241438
-0.0187576
-0.0106695
-0.00132006
0.00679071
0.011046
0.00923598
0.00132832
-0.00299102
-0.0108936
-0.0198385
-0.0212268
-0.021497
-0.0213889
-0.0215803
-0.02239
-0.022787
-0.0211405
-0.0165792
-0.00977966
-0.00280354
0.00177947
0.00166027
-0.00344706
-0.004746
-0.00711946
-0.0112208
-0.0105884
-0.00998029
-0.0102
-0.0119405
-0.0154083
-0.0194367
-0.0219833
-0.0214389
-0.0176493
-0.0120588
-0.00702849
-0.00492959
-0.00624219
-0.00469911
-0.00193271
-0.000884194
0.00188077
0.00344879
0.00283149
-0.000746804
-0.00721642
-0.0150615
-0.021838
-0.0253874
-0.0248482
-0.0209326
-0.0155333
-0.0109213
-0.00787098
-0.00320728
0.00366085
0.00901455
0.0138422
0.0164017
0.0155012
0.0103043
0.00119818
-0.00991861
-0.0203178
-0.0275795
-0.0303581
-0.0285624
-0.0232606
-0.016362
-0.00907824
-0.000829181
0.00827195
0.0162466
0.0228945
0.0265257
0.0257526
0.0197288
0.00910502
-0.00401906
-0.0168308
-0.0269881
-0.0328791
-0.0335971
-0.0290996
-0.0207359
-0.0102834
0.00147207
0.0110863
0.0195979
0.0275055
0.0322235
0.0321477
0.026443
0.0158909
0.00260767
-0.0109413
-0.0226879
-0.0309555
-0.034147
-0.0311369
-0.0226503
-0.0110005
0.00299799
0.0117097
0.0190052
0.027253
0.0328494
0.0339519
0.0297061
0.0208772
0.00932456
-0.00302177
-0.0145875
-0.0238234
-0.0287549
-0.0275646
-0.0204524
-0.00989483
0.00366087
0.0104605
0.0153072
0.0227061
0.0286681
0.0310883
0.0290346
0.0231589
0.0149114
0.00558238
-0.0038611
-0.0122167
-0.0175874
-0.0180455
-0.0135112
-0.00619423
0.00398914
0.0080376
0.00972302
0.0150636
0.0206134
0.0240286
0.0242977
0.0219051
0.0178793
0.0128711
0.0071884
0.00146923
-0.00291083
-0.00442415
-0.00291011
-3.44457e-05
0.00448076
0.00523647
0.00329462
0.00570543
0.0100202
0.0137712
0.0159046
0.0167826
0.0170843
0.0169001
0.0158805
0.0139456
0.0116869
0.00994009
0.00878047
0.0071704
0.00539361
0.00257197
-0.00341198
-0.00411349
-0.0015958
0.00175867
0.00495015
0.00828928
0.0122433
0.0165039
0.0201527
0.0223677
0.022851
0.0216563
0.018649
0.0133426
0.00648513
-0.000559882
-0.0102459
-0.0135724
-0.012804
-0.0102725
-0.00685309
-0.00224003
0.00402946
0.0115312
0.0190082
0.0250057
0.0283667
0.0283664
0.0244454
0.0164868
0.00682505
-0.00467579
-0.0174878
-0.0219219
-0.0221469
-0.0202397
-0.0171425
-0.0125068
-0.005611
0.00338033
0.0131956
0.0219548
0.0277587
0.0290945
0.0250071
0.0153159
0.00523329
-0.005237
-0.0193707
-0.0243896
-0.0260786
-0.0253846
-0.022869
-0.0182055
-0.0106724
-0.000577573
0.0104159
0.019951
0.0258272
0.0266206
0.021714
0.0118839
0.00518393
-0.0114018
-0.0225242
-0.0280979
-0.0314847
-0.0321897
-0.0297688
-0.0241071
-0.0153685
-0.00469569
0.00624995
0.0152548
0.0202513
0.0200174
0.0145919
0.00536266
-0.000762641
-0.0200636
-0.0290574
-0.0314728
-0.0320755
-0.0317655
-0.0308801
-0.0291259
-0.0256306
-0.0198292
-0.012067
-0.00376528
0.00288943
0.00564637
0.00287119
-0.00478182
-0.0102752
-0.018795
-0.024207
-0.0248882
-0.025056
-0.0253016
-0.0257604
-0.0261548
-0.0256232
-0.0232471
-0.018715
-0.012747
-0.00710482
-0.00398124
-0.00510336
-0.00990548
-0.0120798
-0.0141604
-0.0156135
-0.0144923
-0.0139954
-0.0146908
-0.0167209
-0.0198095
-0.0229693
-0.0248036
-0.0241859
-0.0209512
-0.0162625
-0.0122273
-0.0108509
-0.0119727
-0.0110594
-0.00722331
-0.00500748
-0.0020109
-0.000553383
-0.00140377
-0.00494027
-0.0109148
-0.0180833
-0.0244819
-0.0281674
-0.0280597
-0.0245432
-0.0194556
-0.015113
-0.0120719
-0.00781474
0.000452107
0.00552443
0.0104336
0.013138
0.0125536
0.00793421
-0.000501594
-0.0112264
-0.021794
-0.0296472
-0.0329222
-0.031109
-0.0254366
-0.0183521
-0.0113195
-0.00339234
0.00704169
0.0138189
0.0205987
0.0248181
0.0249724
0.0199771
0.0100528
-0.00306021
-0.0166413
-0.0278728
-0.0343814
-0.0347764
-0.0293737
-0.0204811
-0.0104823
0.000784319
0.0115168
0.0187643
0.027004
0.0327141
0.033951
0.029405
0.0193494
0.00562193
-0.00915307
-0.0222484
-0.0311382
-0.0337857
-0.0295547
-0.0203517
-0.00921527
0.00397604
0.013725
0.0202326
0.0289859
0.0357149
0.0381093
0.0347849
0.0260712
0.0137062
-5.40173e-05
-0.0129257
-0.0225854
-0.0267742
-0.0242429
-0.0163692
-0.00632287
0.00622773
0.0140713
0.0186941
0.0266014
0.033489
0.0368082
0.0352132
0.0290631
0.0198261
0.00918115
-0.00125059
-0.00967153
-0.0140944
-0.0131895
-0.00790061
-0.00100358
0.0080664
0.0130635
0.0148107
0.0204733
0.0264938
0.0302478
0.0305029
0.027605
0.0226469
0.0166268
0.0103817
0.00495924
0.00169768
0.00151041
0.00375383
0.00632815
0.00981017
0.0110058
0.0091151
0.0115775
0.0158699
0.0194733
0.0213232
0.0217199
0.0213515
0.0205373
0.0193085
0.0178621
0.0166911
0.0161234
0.0156291
0.0138354
0.0112411
0.00796604
0.00198823
0.00109279
0.00325177
0.00622515
0.00915652
0.012275
0.0159309
0.0198935
0.0235
0.026128
0.0274074
0.0270479
0.0245321
0.0191282
0.0116497
0.00289161
-0.00650677
-0.0100372
-0.00962534
-0.00739105
-0.00399251
0.000738003
0.0070341
0.0144252
0.021813
0.0279199
0.0315941
0.031918
0.0282126
0.0202124
0.0100355
-0.00455944
-0.0163152
-0.0206313
-0.0208718
-0.0189744
-0.0157117
-0.0107377
-0.0035648
0.00545466
0.0150592
0.0235156
0.0290477
0.0301457
0.0258342
0.0161191
0.00525387
-0.0069425
-0.0185328
-0.023489
-0.0257508
-0.0255187
-0.022556
-0.0164307
-0.00724969
0.00374139
0.0145109
0.0228393
0.0269777
0.0259247
0.0197784
0.0100753
0.00299283
-0.0144621
-0.0220078
-0.0267724
-0.0300734
-0.0307225
-0.0279496
-0.0217558
-0.0128909
-0.00273249
0.00704787
0.0145634
0.0179872
0.016295
0.00998274
0.0014978
-0.00429558
-0.0243582
-0.0298955
-0.0316141
-0.0322475
-0.0323196
-0.0315862
-0.0293872
-0.0252139
-0.019197
-0.0120662
-0.00508256
1.24681e-05
0.00141675
-0.00192068
-0.00873472
-0.0142436
-0.0228857
-0.0256002
-0.0259647
-0.0265534
-0.0274591
-0.0281348
-0.0279022
-0.0262958
-0.0231919
-0.0187703
-0.013685
-0.0093152
-0.0074432
-0.00923663
-0.0134785
-0.0157891
-0.0174452
-0.0176881
-0.0165789
-0.0166734
-0.0180285
-0.0201139
-0.0223632
-0.0242186
-0.0250432
-0.0241714
-0.0213868
-0.0175369
-0.0144526
-0.0137575
-0.0148077
-0.0137778
-0.00951652
-0.00788726
-0.0051099
-0.00413746
-0.00529925
-0.00844382
-0.0132721
-0.0190282
-0.0243963
-0.0277251
-0.0277683
-0.0246286
-0.0201011
-0.0164413
-0.0139761
-0.00948986
-0.00109381
0.00195131
0.00660622
0.00921559
0.00894777
0.00529989
-0.0017237
-0.0111128
-0.0208877
-0.0285207
-0.0317917
-0.0299473
-0.0244165
-0.0180149
-0.0122561
-0.00434157
0.00581861
0.0100225
0.0166868
0.0213444
0.0224638
0.0188897
0.0104153
-0.00167638
-0.0148869
-0.0261512
-0.0325821
-0.0325698
-0.0269057
-0.0186526
-0.0104344
0.000108817
0.0104689
0.015543
0.0238877
0.0304871
0.0331004
0.0300728
0.0211775
0.00793564
-0.00693781
-0.0202839
-0.0290064
-0.0309226
-0.0260742
-0.0173809
-0.00817574
0.0033982
0.0131722
0.0184488
0.0274927
0.0353011
0.0390845
0.036967
0.0288442
0.0163639
0.00209081
-0.0111518
-0.0205086
-0.0237148
-0.0202808
-0.0126667
-0.00435212
0.00603252
0.0145857
0.0189185
0.0271997
0.0350424
0.0393857
0.038405
0.0321805
0.0222815
0.0108301
6.82637e-06
-0.0079922
-0.0112711
-0.0092605
-0.003858
0.00182215
0.00872719
0.0150375
0.0170644
0.0231024
0.0297369
0.0339432
0.0341645
0.0306331
0.0246453
0.0176555
0.0110023
0.0060228
0.00390733
0.00494104
0.00769054
0.00972104
0.0116436
0.0142078
0.0128313
0.0156736
0.0201943
0.0237051
0.0250443
0.0245117
0.0229864
0.0211565
0.0194597
0.0183161
0.0180937
0.0186595
0.0189237
0.0172118
0.0140366
0.0113945
0.00627365
0.0058024
0.00790204
0.0104435
0.0126852
0.0148967
0.017511
0.0205135
0.0235338
0.0261502
0.0279527
0.0283808
0.0266197
0.0216693
0.0146887
0.00544569
-0.00271827
-0.00566099
-0.00541406
-0.00367505
-0.00086947
0.0032337
0.00880206
0.0153773
0.0220228
0.0276693
0.0312604
0.0318093
0.0285548
0.0213035
0.0121553
-0.00405508
-0.0137858
-0.0174035
-0.0177225
-0.0162631
-0.0133716
-0.00856738
-0.0016003
0.00689986
0.0156542
0.0231693
0.0279477
0.0286531
0.0244345
0.0155858
0.00567481
-0.00799442
-0.0165664
-0.0211654
-0.0239295
-0.0242179
-0.0210982
-0.0142289
-0.00441547
0.00654568
0.0165463
0.0236533
0.0263894
0.0241156
0.017417
0.00839017
0.0016888
-0.0159778
-0.0206731
-0.0244356
-0.0277015
-0.0287668
-0.026472
-0.0207092
-0.0124615
-0.00318483
0.00562763
0.0123628
0.015236
0.0131209
0.00664797
-0.00119708
-0.00607811
-0.023988
-0.0278106
-0.0293781
-0.0307734
-0.031704
-0.0311216
-0.0282892
-0.0233411
-0.017141
-0.01065
-0.00485163
-0.00102593
-0.000547625
-0.00402012
-0.00991825
-0.0138834
-0.0213276
-0.0239974
-0.0246152
-0.0261815
-0.0280164
-0.028803
-0.0277929
-0.0251346
-0.0214286
-0.0171342
-0.0127114
-0.00917913
-0.00798432
-0.00996152
-0.0137621
-0.0143345
-0.0150281
-0.0170705
-0.0163847
-0.0174319
-0.0195724
-0.02158
-0.0228636
-0.0234227
-0.0232857
-0.0220791
-0.0194709
-0.0160889
-0.0135481
-0.0132928
-0.0145896
-0.0115972
-0.00714535
-0.00874017
-0.00638238
-0.00607787
-0.00762622
-0.0103095
-0.0138799
-0.018099
-0.0222306
-0.0248741
-0.0246934
-0.0217494
-0.0177519
-0.01495
-0.0135792
-0.00720247
0.000147929
-0.000574283
0.00381643
0.00623896
0.00614605
0.00343707
-0.0020541
-0.00979704
-0.0182544
-0.0250364
-0.0278105
-0.0258642
-0.0208575
-0.0157686
-0.0119577
-0.0030294
0.005246
0.00614286
0.0127508
0.0177384
0.0196125
0.0173517
0.0104933
-7.83876e-05
-0.0121313
-0.0225643
-0.0283122
-0.0278958
-0.0226342
-0.0159996
-0.0103636
-0.000231702
0.0081858
0.0110628
0.0195296
0.0268594
0.0306181
0.0290416
0.0215525
0.00941562
-0.00468285
-0.0173659
-0.0253147
-0.0265378
-0.0218323
-0.0147374
-0.00829612
0.0014311
0.0100112
0.0143023
0.0235954
0.0323386
0.0373809
0.036516
0.0292901
0.0172624
0.00323502
-0.00960856
-0.0182085
-0.0205126
-0.0168582
-0.0104545
-0.00458333
0.00311445
0.011708
0.01592
0.0245521
0.0333273
0.038733
0.038523
0.0325068
0.0223369
0.0105711
-0.000198682
-0.00757379
-0.00988397
-0.00729204
-0.00245904
0.00151987
0.00585262
0.0133682
0.0156551
0.0221711
0.0295742
0.0344248
0.0348024
0.0307965
0.02394
0.016155
0.00919972
0.00458597
0.00333985
0.00518318
0.00804086
0.00930454
0.00964482
0.0139371
0.0129782
0.0164919
0.0215359
0.025196
0.0261375
0.0246611
0.0219192
0.0190023
0.0166998
0.0156018
0.0159773
0.0173355
0.0181368
0.0164922
0.013236
0.0119298
0.00761211
0.00799249
0.01038
0.0126439
0.0141498
0.0152876
0.0166816
0.0185511
0.0207607
0.0230553
0.025029
0.025948
0.024752
0.020481
0.0147049
0.00598093
-0.000724845
-0.0026543
-0.00238681
-0.00120162
0.000825924
0.00412444
0.00884847
0.0144972
0.0202146
0.025113
0.0282906
0.0288084
0.0259142
0.0195756
0.0123334
-0.00382674
-0.0113526
-0.0141811
-0.0148245
-0.0141174
-0.0117275
-0.00706192
-0.000235183
0.00772837
0.0154868
0.0218053
0.0255472
0.0256707
0.0215509
0.01388
0.00589954
-0.00854379
-0.014642
-0.0188818
-0.0221653
-0.0230865
-0.0201781
-0.0132207
-0.00348936
0.00694464
0.0161313
0.0224699
0.0246315
0.0220086
0.0153311
0.00715764
0.00127311
-0.0155347
-0.0194983
-0.0227888
-0.0263166
-0.0280033
-0.0261996
-0.0207135
-0.0127819
-0.00399934
0.0043835
0.0110727
0.0142846
0.0125726
0.00632904
-0.00133634
-0.00580224
-0.018918
-0.0239319
-0.0261663
-0.028884
-0.0307663
-0.0301065
-0.0263908
-0.0205645
-0.0140418
-0.00780011
-0.00256765
0.000665993
0.000767201
-0.00266846
-0.0079494
-0.00969321
-0.0142364
-0.0200679
-0.0214188
-0.0242264
-0.0269606
-0.0276956
-0.0259489
-0.0225262
-0.0184767
-0.0142323
-0.0100011
-0.00661595
-0.005422
-0.00730585
-0.0108262
-0.00825009
-0.00733366
-0.0139428
-0.0137975
-0.0157791
-0.0186119
-0.0205381
-0.021162
-0.0209695
-0.0203339
-0.0188774
-0.0161292
-0.012673
-0.0101283
-0.010091
-0.0116678
-0.00487873
-0.000774725
-0.00722644
-0.00508677
-0.00527374
-0.00717757
-0.00961798
-0.0124467
-0.015755
-0.0190874
-0.0211064
-0.0204937
-0.0174352
-0.0137474
-0.0117759
-0.0114391
-0.00171035
0.00349682
-0.00120439
0.00330287
0.00570175
0.00563188
0.00342455
-0.00114907
-0.00776823
-0.0151241
-0.0209369
-0.0229982
-0.0209114
-0.0165921
-0.0130418
-0.0110603
-0.000179055
0.00492607
0.00338245
0.0103142
0.015646
0.0179416
0.016399
0.0106067
0.0012778
-0.00952984
-0.0188074
-0.023637
-0.0229791
-0.018633
-0.0140212
-0.0108342
-0.000638668
0.00469511
0.00663116
0.0154797
0.023376
0.0278195
0.0271453
0.0207307
0.00971641
-0.00327486
-0.0148645
-0.0218371
-0.0226551
-0.0187731
-0.0137826
-0.00999603
-0.00185645
0.00463385
0.00891946
0.0185828
0.0280088
0.033891
0.0339571
0.0275763
0.0162746
0.00293103
-0.00913292
-0.0168904
-0.0186718
-0.0154924
-0.0108305
-0.00731766
-0.00198984
0.00595783
0.0103706
0.0194027
0.0289151
0.0351811
0.0357265
0.0301394
0.0201246
0.00845629
-0.00201436
-0.00884415
-0.010636
-0.00811144
-0.00432426
-0.00205605
0.00023469
0.00836485
0.0106138
0.0176607
0.025822
0.0313962
0.0322155
0.0281594
0.0208856
0.0126495
0.00550133
0.00106443
0.000196788
0.00224726
0.0047553
0.005104
0.00461047
0.0101166
0.00894721
0.0131684
0.0188954
0.0230386
0.024062
0.0221565
0.0186503
0.0149494
0.0121037
0.0108359
0.0113681
0.0129747
0.0138341
0.0119541
0.00929151
0.00907754
0.00477411
0.00607316
0.00897742
0.0114009
0.0126997
0.0132906
0.0139252
0.0149912
0.0165193
0.0183861
0.0202267
0.0212282
0.0201363
0.0160146
0.0118196
0.00384939
-0.0021265
-0.00316339
-0.0027151
-0.00174061
-2.31275e-05
0.00297709
0.00734322
0.0124829
0.0175668
0.0218213
0.0244822
0.0247099
0.0218386
0.0157887
0.0103678
-0.00451372
-0.0107422
-0.0132692
-0.0144373
-0.0143078
-0.0120134
-0.00701856
0.000122574
0.00799532
0.0152017
0.0206571
0.0234893
0.0229433
0.0186156
0.0117197
0.00540786
-0.00858416
-0.0136865
-0.0179788
-0.0218097
-0.0231675
-0.020247
-0.0130923
-0.00343884
0.00645824
0.0149995
0.0210404
0.0233603
0.0211083
0.0148303
0.0071594
0.00176956
-0.0130283
-0.0189997
-0.0227093
-0.0265126
-0.0281658
-0.0257805
-0.0195489
-0.0112194
-0.0024051
0.00592998
0.0129422
0.0169399
0.0160633
0.010092
0.0017883
-0.00314112
-0.0107364
-0.0194008
-0.0229158
-0.0269962
-0.0295359
-0.0285105
-0.0239365
-0.0173307
-0.0102706
-0.00361359
0.00198078
0.00544579
0.00564734
0.0021835
-0.00330647
-0.00295133
-0.00374379
-0.014571
-0.0168625
-0.0207119
-0.0240219
-0.0246021
-0.0224128
-0.018727
-0.014636
-0.0102938
-0.00571564
-0.001836
-0.000162118
-0.00179331
-0.00545864
0.000545343
0.00300778
-0.00872137
-0.00896629
-0.0115168
-0.0147589
-0.0166995
-0.0172292
-0.0171089
-0.0166631
-0.0152145
-0.0121533
-0.00823368
-0.00526613
-0.00513938
-0.00694495
0.00378456
0.00698652
-0.00340729
-0.00110814
-0.001404
-0.00351968
-0.00604983
-0.00893218
-0.0123478
-0.0157749
-0.0176705
-0.0167128
-0.0134515
-0.00980835
-0.00823173
-0.00836182
0.00476816
0.00703053
0.000373144
0.00543455
0.00805814
0.00796593
0.00568386
0.00111623
-0.00541786
-0.0125425
-0.0179344
-0.0195796
-0.0175111
-0.0138229
-0.0113007
-0.0101456
0.00266751
0.00403342
0.00241487
0.0100291
0.0157067
0.0180499
0.01656
0.0109444
0.00200617
-0.00818513
-0.0167301
-0.0209921
-0.0204559
-0.0171758
-0.0141467
-0.0121411
-0.00165225
0.000268541
0.00323485
0.0126839
0.0209067
0.0254778
0.024959
0.0188964
0.00849076
-0.00368657
-0.0143856
-0.0207048
-0.0215989
-0.018882
-0.0156936
-0.0133213
-0.00601377
-0.00191353
0.00349124
0.0136184
0.0233256
0.0294167
0.0297555
0.0238429
0.0131543
0.000538898
-0.0107581
-0.017954
-0.0197699
-0.0175067
-0.0144357
-0.0123149
-0.00810629
-0.00132346
0.00347868
0.0129457
0.0227574
0.029365
0.0303398
0.0251881
0.0155824
0.00432805
-0.00572147
-0.012243
-0.0140617
-0.0121353
-0.00947686
-0.00835304
-0.00660065
0.00127418
0.00299541
0.0105001
0.0190817
0.0251908
0.026555
0.0228567
0.0157209
0.00751737
0.0003899
-0.0040453
-0.00502534
-0.00333537
-0.0015215
-0.00201766
-0.00201562
0.00363211
0.0012986
0.00611207
0.0124298
0.0172505
0.0188895
0.0172827
0.0137408
0.00982409
0.00672162
0.00522128
0.00553102
0.00685102
0.00723591
0.00468755
0.00336105
0.00327965
-0.00212414
-0.000204849
0.00333334
0.00648152
0.00843442
0.0093811
0.0100315
0.0108847
0.0121002
0.0136399
0.0151741
0.0158592
0.0142547
0.00953007
0.00678468
-0.000757509
-0.00732562
-0.00803637
-0.00722793
-0.00568751
-0.00333931
0.000217365
0.00491575
0.0101228
0.0151054
0.0190918
0.0213706
0.0211204
0.0176121
0.0111195
0.00657604
-0.00637598
-0.0129346
-0.0159264
-0.0175328
-0.0173613
-0.0143988
-0.00857431
-0.000633942
0.00769034
0.0151128
0.0204827
0.0229225
0.0218269
0.0170998
0.00981135
0.00385275
-0.00770896
-0.0140644
-0.0190637
-0.023191
-0.0241509
-0.0202725
-0.0122132
-0.00227155
0.00716425
0.0151357
0.0211191
0.02403
0.0226114
0.0168479
0.00900915
0.00297144
-0.00859037
-0.0190815
-0.0239893
-0.0274256
-0.0275626
-0.0231766
-0.0152915
-0.00611161
0.00279311
0.0110634
0.0184376
0.0233645
0.0235387
0.017758
0.00836076
0.00188992
-0.00213303
-0.0152705
-0.0200127
-0.024727
-0.02724
-0.0257339
-0.0206907
-0.0136764
-0.00597998
0.00170791
0.00852791
0.0129645
0.013553
0.00978142
0.00325399
0.00425817
0.0065557
-0.00853769
-0.0114861
-0.015631
-0.0188922
-0.0192559
-0.0170861
-0.013712
-0.00984853
-0.00523593
0.000105345
0.00486017
0.00709552
0.00568821
0.00155497
0.00933167
0.0122768
-0.00228966
-0.00250894
-0.00493843
-0.00807908
-0.0100782
-0.0110736
-0.0117894
-0.0121411
-0.0109829
-0.00763534
-0.00316926
0.000276516
0.000719038
-0.00105434
0.0117648
0.0131567
0.00209033
0.0049797
0.00508758
0.00306424
0.000240308
-0.00337967
-0.00785208
-0.0122801
-0.0147308
-0.0139192
-0.01049
-0.00672836
-0.00496855
-0.00469813
0.0101177
0.00926479
0.00396032
0.00988103
0.0129596
0.0128643
0.0101315
0.00477049
-0.0027002
-0.0106489
-0.0165395
-0.0184494
-0.016682
-0.0133322
-0.010886
-0.00914161
0.00463882
0.00268886
0.00357071
0.0119998
0.0179348
0.0200612
0.0180142
0.0117225
0.00219086
-0.00832663
-0.0170996
-0.0215512
-0.0215367
-0.0189914
-0.0163559
-0.0137828
-0.00285392
-0.00370104
0.00179629
0.0118212
0.0199851
0.0241024
0.0229767
0.0164291
0.00582749
-0.00623709
-0.0166995
-0.0229992
-0.0244322
-0.0226368
-0.0200711
-0.0172928
-0.00960895
-0.00752176
-0.000464475
0.00999745
0.0194027
0.0248962
0.0246907
0.0185153
0.00801585
-0.00419166
-0.0149697
-0.0219676
-0.0242009
-0.0228656
-0.0205312
-0.0182372
-0.0132173
-0.00790605
-0.00269801
0.0069796
0.0164427
0.0225461
0.0231866
0.0180337
0.00877541
-0.00189322
-0.0113514
-0.0176483
-0.0198163
-0.0187072
-0.0168179
-0.0158076
-0.0125488
-0.00579589
-0.00495431
0.00282763
0.0112635
0.0172448
0.0186854
0.0152559
0.00855704
0.000904361
-0.00573305
-0.0100106
-0.0113433
-0.01039
-0.00941654
-0.0104109
-0.00838421
-0.00375896
-0.00765241
-0.00246497
0.0040817
0.00931769
0.0115546
0.0105177
0.00746961
0.00399922
0.00121537
-0.000242572
-0.000288279
0.000354462
-0.000212094
-0.00368416
-0.00311809
-0.00393859
-0.0110562
-0.00891854
-0.00481399
-0.000649086
0.00248542
0.00432666
0.00556311
0.006789
0.00821021
0.00973371
0.0109503
0.010979
0.00841179
0.00247243
0.000670186
-0.00665277
-0.0149165
-0.0159174
-0.0145389
-0.011696
-0.00778327
-0.00306192
0.00234257
0.00800688
0.0132968
0.0174479
0.0195854
0.0188042
0.0143478
0.00657909
0.00165023
-0.00936097
-0.0175931
-0.0216029
-0.0231401
-0.0219153
-0.0176059
-0.0107022
-0.00209373
0.00699025
0.0152216
0.0212821
0.0239727
0.022551
0.0169969
0.00854904
0.00123129
-0.00572483
-0.0155137
-0.0218247
-0.0256381
-0.0248799
-0.0188692
-0.00933819
0.000872007
0.0098444
0.0172738
0.0232654
0.026967
0.0266715
0.0214816
0.0129131
0.00494407
-6.85598e-05
-0.0160086
-0.0231821
-0.0263983
-0.0244484
-0.0169102
-0.00604738
0.00477621
0.0136533
0.0208971
0.0273806
0.0323811
0.0336447
0.0291912
0.0188315
0.0103135
0.00583698
-0.0105287
-0.0162658
-0.0209001
-0.0227138
-0.0202682
-0.0143785
-0.00679118
0.00130343
0.00947012
0.0170038
0.0223281
0.0235754
0.0196375
0.011836
0.0114272
0.01432
-0.0022669
-0.00533593
-0.00879479
-0.0109936
-0.0104486
-0.0079671
-0.0050202
-0.00196395
0.00213504
0.00771889
0.013358
0.0165584
0.0151093
0.0102679
0.0168345
0.0183954
0.00489416
0.00552819
0.00428984
0.00222467
0.000671519
-0.000832725
-0.00294991
-0.00500821
-0.00496848
-0.00165373
0.00356305
0.00769993
0.00829824
0.00632854
0.017957
0.0172628
0.00972633
0.0141579
0.015563
0.0141953
0.0110325
0.00604193
-0.000529142
-0.00713474
-0.0108596
-0.0100575
-0.00601419
-0.00182114
-6.61223e-06
0.000460389
0.0141968
0.0116265
0.0112242
0.0189888
0.0230797
0.0229491
0.0190563
0.0117004
0.00187575
-0.00815277
-0.0150202
-0.0167087
-0.0143691
-0.0107295
-0.00852041
-0.00637805
0.0067088
0.00359253
0.00942133
0.0195755
0.0259666
0.0272944
0.023413
0.0148309
0.00313949
-0.00903684
-0.0177967
-0.0214648
-0.0207145
-0.0182091
-0.0161146
-0.0131772
-0.00229755
-0.00413786
0.0052
0.0165362
0.024542
0.0272652
0.0239577
0.0151815
0.00298266
-0.00958047
-0.019258
-0.0241219
-0.0246346
-0.0231739
-0.0214231
-0.0185671
-0.010159
-0.00933234
-0.000164937
0.011086
0.0198509
0.0236948
0.0213655
0.0133314
0.00180798
-0.00986819
-0.0190502
-0.0241109
-0.0252904
-0.0243913
-0.0231724
-0.0211805
-0.0147878
-0.0110801
-0.00552851
0.00449209
0.0131137
0.0176812
0.0166389
0.0102257
0.000673698
-0.00900596
-0.0165044
-0.020762
-0.0219689
-0.0213874
-0.0207533
-0.0203559
-0.0152023
-0.0105661
-0.0103077
-0.0023291
0.00530408
0.0101435
0.010598
0.00660205
7.93605e-05
-0.00643277
-0.0112535
-0.0138607
-0.0145412
-0.0142094
-0.0145088
-0.0163299
-0.0122274
-0.00947875
-0.0144167
-0.00924226
-0.00319949
0.00163021
0.00374807
0.0028434
0.000272146
-0.00219806
-0.00366752
-0.00408174
-0.00390226
-0.00394
-0.00568501
-0.0100947
-0.00784943
-0.00935946
-0.0176757
-0.0158131
-0.0119366
-0.00749425
-0.00351041
-0.000902526
0.00101859
0.00292715
0.00503632
0.00700133
0.00814405
0.00752506
0.00398534
-0.00291412
-0.00405015
-0.0101628
-0.0199282
-0.0216822
-0.0204403
-0.0169169
-0.011568
-0.00551463
0.000795862
0.00699006
0.0126241
0.0169399
0.018925
0.0176193
0.0123655
0.00359603
-0.00186872
-0.00953767
-0.0199499
-0.0253933
-0.0270373
-0.0252829
-0.0195559
-0.0113585
-0.00167926
0.00814219
0.0169432
0.023408
0.0262011
0.0244923
0.0182702
0.0086822
-4.12033e-05
-0.00076855
-0.0141606
-0.0219882
-0.0260389
-0.0236158
-0.0146733
-0.00222711
0.00939111
0.017807
0.0235765
0.0282169
0.0317731
0.032443
0.0283601
0.0194719
0.00950208
)
;

boundaryField
{
    patch0_half0
    {
        type            cyclic;
    }
    patch0_half1
    {
        type            cyclic;
    }
    patch1_half0
    {
        type            cyclic;
    }
    patch1_half1
    {
        type            cyclic;
    }
    patch2_half0
    {
        type            cyclic;
    }
    patch2_half1
    {
        type            cyclic;
    }
}


// ************************************************************************* //
