/*--------------------------------*- C++ -*----------------------------------*\
| =========                 |                                                 |
| \\      /  F ield         | OpenFOAM: The Open Source CFD Toolbox           |
|  \\    /   O peration     | Version:  3.0.0                                 |
|   \\  /    A nd           | Web:      www.OpenFOAM.org                      |
|    \\/     M anipulation  |                                                 |
\*---------------------------------------------------------------------------*/
FoamFile
{
    version     2.0;
    format      ascii;
    class       volScalarField;
    location    "5.75";
    object      p;
}
// * * * * * * * * * * * * * * * * * * * * * * * * * * * * * * * * * * * * * //

dimensions      [0 2 -2 0 0 0 0];

internalField   nonuniform List<scalar> 
4096
(
-0.0367307
-0.054102
-0.0456491
-0.0349712
-0.0264145
-0.0214337
-0.0194536
-0.0169622
-0.0109141
0.000104859
0.0133655
0.021423
0.017064
-0.000639488
-0.0240996
-0.0270635
-0.0285017
-0.0496439
-0.0392847
-0.0272608
-0.0182135
-0.0137444
-0.0133313
-0.0128124
-0.0079174
0.00365673
0.0179059
0.0254915
0.0197534
0.000862327
-0.023074
-0.0208708
-0.0167402
-0.0386714
-0.0261101
-0.0126604
-0.003438
-0.00014849
-0.0019538
-0.00431317
-0.00167953
0.00856926
0.022272
0.0299546
0.0248496
0.00677303
-0.0162807
-0.0100704
-0.00135888
-0.0207676
-0.00588006
0.00855545
0.0169257
0.0174741
0.0115752
0.00480929
0.00399826
0.0124907
0.0259973
0.0346993
0.0313952
0.0154534
-0.00527902
0.003951
0.0174307
0.00283888
0.0199893
0.0349348
0.0416056
0.0382429
0.0269774
0.0145075
0.00974708
0.0161133
0.0294675
0.0395991
0.038807
0.026038
0.00878843
0.0204495
0.0373307
0.0287043
0.0479361
0.0631073
0.0677244
0.0600846
0.0432309
0.0252894
0.0158303
0.0195537
0.0323249
0.0437009
0.0456117
0.0365648
0.0234992
0.037228
0.0545771
0.0518429
0.0727464
0.087922
0.090563
0.0790895
0.0573935
0.0346182
0.0209937
0.0219081
0.0334821
0.0454501
0.0497039
0.0443774
0.0356285
0.0509348
0.0645793
0.0671809
0.0890546
0.103977
0.105031
0.090797
0.0658339
0.0398509
0.0232492
0.0216403
0.0314861
0.0432552
0.0491443
0.0471249
0.0422256
0.0582014
0.0648471
0.0714376
0.0931835
0.107433
0.107373
0.0917501
0.0655497
0.038493
0.0205949
0.017207
0.0252682
0.0363195
0.0432226
0.0437389
0.0418162
0.0571444
0.0553109
0.0640419
0.0842903
0.0972696
0.0964785
0.0808102
0.0554233
0.029529
0.0122509
0.00834084
0.015199
0.0256106
0.0331556
0.035313
0.0350058
0.0481056
0.0382445
0.0470522
0.064471
0.0755431
0.0742643
0.059803
0.0370215
0.0143097
-0.000417649
-0.00323128
0.00366588
0.0140901
0.0220426
0.0246387
0.0242242
0.0335758
0.017103
0.0241742
0.0379485
0.0467717
0.0453276
0.033043
0.0143121
-0.00359638
-0.0140732
-0.0140609
-0.00557969
0.00560302
0.0134097
0.0147115
0.0122375
0.0167607
-0.00462619
-0.000531245
0.0096734
0.0165611
0.0155726
0.00631865
-0.0073895
-0.0195065
-0.0246147
-0.0205395
-0.00940395
0.00267316
0.00932916
0.00724762
0.00083918
0.000308272
-0.0232821
-0.0232251
-0.0157391
-0.00976891
-0.00935871
-0.0149491
-0.0234441
-0.029866
-0.0296784
-0.0212361
-0.00731629
0.0049097
0.00860416
0.00223068
-0.00908434
-0.0138838
-0.0351344
-0.0403948
-0.0345178
-0.0284292
-0.025985
-0.0279496
-0.0320275
-0.0338088
-0.029126
-0.0166461
-0.000479612
0.0107417
0.0104993
-0.00072209
-0.0168474
-0.0235919
-0.0378722
-0.0502699
-0.0449581
-0.0378231
-0.0327597
-0.0309276
-0.0308544
-0.0284454
-0.0201008
-0.00564034
0.00988446
0.0186428
0.014902
-0.000123449
-0.0200381
-0.0260589
-0.0324312
-0.0526474
-0.0418203
-0.0277538
-0.0161466
-0.00948457
-0.007379
-0.00668153
-0.00260848
0.00665901
0.0188247
0.0265805
0.0230015
0.00556638
-0.0190819
-0.0216605
-0.025476
-0.0492411
-0.0374468
-0.0231978
-0.0119819
-0.00591839
-0.00462638
-0.0047867
-0.000832941
0.00953721
0.0224326
0.0291634
0.0234966
0.00484705
-0.0197927
-0.0172513
-0.0163744
-0.040248
-0.0267718
-0.0116754
-0.000498398
0.00450172
0.00393083
0.00186065
0.00390876
0.0126139
0.0241347
0.0301787
0.0247564
0.00703155
-0.0160827
-0.00970889
-0.00399144
-0.0248068
-0.00971607
0.00555726
0.0153411
0.017658
0.0135092
0.00781353
0.00683113
0.0134265
0.0238531
0.030082
0.0261755
0.0109899
-0.00894943
0.000576732
0.0123485
-0.00359917
0.0128523
0.0275578
0.0349034
0.0331698
0.0241465
0.0137122
0.009007
0.0131921
0.0227018
0.0296787
0.0282013
0.0168106
0.00137068
0.0138442
0.0309776
0.0203536
0.0377673
0.0515779
0.0560478
0.0497488
0.0355055
0.0200884
0.0112884
0.0127113
0.0210841
0.0289331
0.0303639
0.0234816
0.0132474
0.0286462
0.0478038
0.0423269
0.0604009
0.0731201
0.0748053
0.0644522
0.0455875
0.0257661
0.013173
0.0117287
0.0186504
0.0271043
0.0313647
0.0290491
0.0239499
0.041766
0.0587819
0.0574532
0.0757369
0.0874383
0.0870115
0.0737487
0.0517099
0.0288161
0.0133121
0.00927916
0.0145486
0.0231808
0.0297539
0.0313807
0.0306412
0.0499312
0.0607454
0.0622869
0.0802381
0.0911296
0.0895482
0.0749163
0.0515231
0.0272597
0.0101219
0.00419373
0.00800299
0.0165745
0.0248292
0.0293638
0.031573
0.050745
0.0529204
0.0558933
0.0728707
0.08315
0.0813838
0.066928
0.0439942
0.0201216
0.00285046
-0.00380748
-0.000714427
0.00798359
0.0173709
0.0234977
0.0268459
0.0439582
0.0369464
0.0399009
0.0552211
0.0649963
0.0638624
0.0509407
0.0300808
0.00827775
-0.0074762
-0.013309
-0.00965198
-0.000240965
0.00978088
0.0159555
0.0183137
0.0310846
0.0164073
0.0179373
0.0310192
0.0403503
0.0404684
0.0301488
0.0127115
-0.00549793
-0.018059
-0.0213035
-0.0155707
-0.00486609
0.00498071
0.0093639
0.00867626
0.0156991
-0.00457554
-0.00563636
0.00506615
0.014105
0.0159814
0.00907463
-0.00391643
-0.0173273
-0.025318
-0.0245134
-0.0156203
-0.00366971
0.00453121
0.0054032
-0.000132976
0.000811379
-0.0219637
-0.0266722
-0.0178919
-0.0087652
-0.00476422
-0.00788953
-0.0160702
-0.0243
-0.0272111
-0.0217352
-0.00948655
0.00295395
0.00842462
0.00392587
-0.00736255
-0.0113092
-0.0319979
-0.0418094
-0.0342547
-0.0247756
-0.0187555
-0.018453
-0.0224012
-0.0260514
-0.0241104
-0.0139183
0.001153
0.0126449
0.0140608
0.00402341
-0.0126339
-0.018572
-0.0332448
-0.0497793
-0.0422732
-0.0314574
-0.022712
-0.0186022
-0.0183614
-0.0178958
-0.0121804
0.00011325
0.0146244
0.0234461
0.021305
0.0069879
-0.0139743
-0.0191672
-0.0274047
-0.0468226
-0.0343811
-0.0188243
-0.00673582
-0.000908315
-0.000792388
-0.00244156
-0.000822325
0.00706409
0.0188787
0.0272436
0.0242765
0.00744095
-0.0170766
-0.020134
-0.0255135
-0.0474906
-0.0344738
-0.0188546
-0.00673048
-0.000612286
-0.000101583
-0.00123343
0.00146092
0.0106698
0.0225902
0.028617
0.0225771
0.00391141
-0.0207215
-0.0199015
-0.0225704
-0.0433045
-0.0287043
-0.0122303
5.83097e-05
0.00571855
0.00522835
0.00287966
0.00434701
0.0121462
0.0223307
0.0268778
0.0201921
0.00190368
-0.0213772
-0.0179147
-0.016499
-0.0333612
-0.0177087
-0.00150655
0.00933654
0.0126733
0.00941104
0.00440172
0.00369459
0.00979291
0.0187421
0.0228464
0.0169828
0.000849156
-0.0192397
-0.01341
-0.00566664
-0.0175734
-0.00163265
0.0132373
0.0212398
0.0206876
0.0132745
0.00459834
0.00114536
0.00547319
0.013622
0.0182308
0.0144749
0.00199123
-0.013458
-0.00503409
0.00889882
0.00170534
0.0175847
0.0303682
0.0347624
0.02961
0.0175094
0.004798
-0.00169854
0.00065731
0.00814117
0.0138434
0.0130941
0.00526015
-0.00479831
0.00647683
0.0239262
0.0205363
0.0358633
0.0463738
0.0471925
0.037737
0.0213941
0.00504606
-0.00434824
-0.00406255
0.00265349
0.00956302
0.0121509
0.00932116
0.00451927
0.0185656
0.0352024
0.0344486
0.0489866
0.0575123
0.0555266
0.0428977
0.0235389
0.00454545
-0.0072216
-0.00893872
-0.00316359
0.00469342
0.0102533
0.0116478
0.0114213
0.0274998
0.0394537
0.04018
0.0538924
0.0610936
0.0575351
0.0433018
0.0224884
0.0020866
-0.0112933
-0.0147166
-0.00992346
-0.00140502
0.00652106
0.0111701
0.0139309
0.0305931
0.0355114
0.0366619
0.0495701
0.0562261
0.0524198
0.0381726
0.0174342
-0.0031222
-0.017188
-0.0216506
-0.0174576
-0.00832607
0.00127709
0.00781688
0.0116613
0.0270174
0.0247146
0.0251747
0.037175
0.0439399
0.041025
0.0281315
0.00883412
-0.010635
-0.0242394
-0.0286465
-0.024154
-0.0141201
-0.00349526
0.00334787
0.00625474
0.0184404
0.0098674
0.00872317
0.0196019
0.0268551
0.0256862
0.0152365
-0.00144539
-0.0185922
-0.0303812
-0.0332793
-0.0272556
-0.0159145
-0.00506238
0.000369626
0.000321265
0.00766468
-0.00519452
-0.00898091
0.000660885
0.00864847
0.00975409
0.00251576
-0.0106045
-0.0243091
-0.0329585
-0.0329171
-0.0243099
-0.0116701
-0.00185413
0.000357775
-0.00428256
-0.00234872
-0.01734
-0.0246508
-0.0160724
-0.00718572
-0.00355009
-0.00726472
-0.016372
-0.0260151
-0.0306771
-0.0267256
-0.0151159
-0.00193118
0.0053253
0.00270336
-0.00747859
-0.0100288
-0.0241071
-0.0361827
-0.0282322
-0.0183738
-0.0124572
-0.0128587
-0.018186
-0.0238112
-0.0241131
-0.0158291
-0.0015189
0.0106834
0.0139559
0.0058198
-0.00979327
-0.0143616
-0.0248336
-0.0424752
-0.0335114
-0.0212649
-0.0120176
-0.00866435
-0.0103777
-0.0125709
-0.0096127
0.00057611
0.0145248
0.0243627
0.0235513
0.0106319
-0.00982553
-0.0142182
-0.0262582
-0.0414007
-0.0281738
-0.0117845
0.000118321
0.00458197
0.00250185
-0.00164928
-0.00215669
0.00472581
0.017024
0.0269323
0.0252635
0.00929877
-0.0149022
-0.0224771
-0.0293526
-0.0457607
-0.0321156
-0.0154806
-0.00290025
0.00274679
0.0019918
-0.00084968
8.06111e-05
0.00800079
0.0194364
0.0256632
0.0199953
0.00192305
-0.0221742
-0.0267278
-0.0326709
-0.0464441
-0.031114
-0.0135654
-0.000600322
0.00494323
0.0036682
9.63961e-05
0.000164913
0.00671444
0.0159564
0.0197927
0.0126192
-0.00552451
-0.0282441
-0.0306406
-0.0334902
-0.0427094
-0.0264938
-0.00937184
0.00228571
0.0059398
0.00258891
-0.00285432
-0.00429259
0.000553214
0.00802295
0.0105754
0.00345293
-0.0129087
-0.0323409
-0.0323873
-0.0290816
-0.0335122
-0.0173292
-0.00199546
0.00673589
0.00687305
0.000123861
-0.00805355
-0.0115255
-0.00808804
-0.00168006
0.00081232
-0.00470355
-0.0176301
-0.032304
-0.0294618
-0.0194631
-0.0198623
-0.004577
0.00801765
0.012825
0.00854905
-0.00223731
-0.0135095
-0.0191216
-0.0170595
-0.0111468
-0.00764407
-0.0102443
-0.0185848
-0.0277663
-0.0216584
-0.00721991
-0.00506371
0.0087777
0.0182979
0.0190677
0.0105165
-0.00400366
-0.0180959
-0.0257228
-0.0249715
-0.019209
-0.0140824
-0.0131306
-0.0166182
-0.0203662
-0.0111288
0.00372982
0.00708819
0.0193187
0.0261234
0.0236368
0.0118604
-0.00535864
-0.021541
-0.0308614
-0.0313707
-0.0257678
-0.0188957
-0.014399
-0.0132525
-0.0127741
-0.00141175
0.0100526
0.0136076
0.024479
0.029492
0.025115
0.0116355
-0.00695979
-0.0243562
-0.0349611
-0.0366263
-0.0312407
-0.022924
-0.0154936
-0.0109863
-0.00780684
0.00434442
0.0102377
0.0132901
0.0232792
0.0276565
0.0228971
0.0092602
-0.00944318
-0.0271881
-0.0385518
-0.0410456
-0.0357699
-0.0261902
-0.016786
-0.0104057
-0.00640003
0.0048177
0.00499115
0.0068991
0.01642
0.0212228
0.0173669
0.00488728
-0.0128056
-0.0300206
-0.0413883
-0.0439914
-0.0382402
-0.0275113
-0.016861
-0.0102103
-0.00741973
0.00112248
-0.0032177
-0.00340412
0.00575463
0.0115979
0.00978052
-0.000480606
-0.0161805
-0.0319193
-0.0422804
-0.0439069
-0.0368253
-0.0246955
-0.0136627
-0.00838872
-0.00871612
-0.0044482
-0.0116543
-0.0146442
-0.0058672
0.0014864
0.00215467
-0.00519661
-0.0181207
-0.0314782
-0.03974
-0.0392069
-0.0299148
-0.0164511
-0.00607966
-0.00374065
-0.00864945
-0.00940546
-0.0180715
-0.0246851
-0.0162559
-0.00731789
-0.0039244
-0.00804584
-0.0177349
-0.0280709
-0.0333638
-0.0297521
-0.017812
-0.0036802
0.00463287
0.00269168
-0.00755241
-0.0127247
-0.0212525
-0.0323284
-0.0240827
-0.0136727
-0.00770777
-0.00868745
-0.0151239
-0.0221837
-0.023933
-0.0166587
-0.00257147
0.0108852
0.0155819
0.00859121
-0.00681449
-0.0144097
-0.0209709
-0.0361414
-0.0261705
-0.0127559
-0.00345371
-0.00132871
-0.00514537
-0.00982536
-0.00929199
-0.000223606
0.0141322
0.0252184
0.0262241
0.0144729
-0.0058314
-0.0139935
-0.0234033
-0.0321629
-0.0196251
-0.00369978
0.00712176
0.0100149
0.00622214
0.000511804
-0.000990977
0.00589468
0.0195037
0.0312256
0.0310776
0.0161858
-0.00704858
-0.0207728
-0.0306604
-0.0395502
-0.0266193
-0.0100814
0.00184321
0.00636229
0.00416302
-0.000236125
-0.000715582
0.00635105
0.0179128
0.0252436
0.0207922
0.00400769
-0.0186165
-0.0296217
-0.039172
-0.044674
-0.0297399
-0.0122936
0.000164374
0.00467447
0.00205502
-0.00302783
-0.00450508
0.000845729
0.00958169
0.0136231
0.00698987
-0.0100517
-0.0310289
-0.0393159
-0.0460089
-0.0468617
-0.0307052
-0.0135181
-0.00206498
0.000933168
-0.00334773
-0.00996765
-0.0130328
-0.00958809
-0.00346201
-0.00174933
-0.00910658
-0.0246398
-0.0421608
-0.0470626
-0.0474832
-0.0440192
-0.027722
-0.0121918
-0.00336267
-0.00341389
-0.0104999
-0.0192379
-0.0238299
-0.0221661
-0.017821
-0.017067
-0.0234627
-0.0358153
-0.048531
-0.0494502
-0.0426529
-0.0361343
-0.0207832
-0.00805827
-0.00301722
-0.00708215
-0.0175723
-0.0286798
-0.0348367
-0.0343961
-0.0307874
-0.0294338
-0.0332447
-0.0411829
-0.0485211
-0.0453795
-0.0333789
-0.0255029
-0.0119287
-0.00254912
-0.00156861
-0.00960512
-0.0232431
-0.0364446
-0.0439171
-0.0442531
-0.0405491
-0.0374227
-0.0376356
-0.0407379
-0.0430128
-0.0364956
-0.0231824
-0.015315
-0.0038346
0.00248706
0.000131813
-0.0109061
-0.0267878
-0.0414872
-0.0499724
-0.0508227
-0.0465299
-0.0412034
-0.037682
-0.0364064
-0.0347912
-0.0262021
-0.0153496
-0.00828876
0.00140831
0.00566828
0.00135019
-0.0112617
-0.0282618
-0.0437978
-0.0530155
-0.0542477
-0.0493
-0.0418589
-0.0352479
-0.0308041
-0.0269899
-0.0179048
-0.0115999
-0.00573027
0.00287779
0.00638527
0.00165212
-0.0111071
-0.0281529
-0.0438981
-0.0535175
-0.0549355
-0.0493183
-0.0401135
-0.0313072
-0.025328
-0.021246
-0.0133016
-0.0117101
-0.00733264
0.000864468
0.00484142
0.00105042
-0.0106407
-0.0268033
-0.0421046
-0.0515997
-0.0527383
-0.0461808
-0.0354751
-0.0254965
-0.0196243
-0.0171799
-0.0119876
-0.0140241
-0.0116553
-0.00348872
0.0018394
-5.87036e-06
-0.00965197
-0.0241454
-0.0382726
-0.0469029
-0.0469813
-0.0389058
-0.0267445
-0.0164708
-0.0122339
-0.0131886
-0.0122254
-0.016464
-0.0167972
-0.00855474
-0.00144006
-0.000736545
-0.0077357
-0.0199533
-0.0322068
-0.0391322
-0.0372669
-0.0270513
-0.0134944
-0.00375636
-0.00242426
-0.00806264
-0.0122054
-0.0177803
-0.0214571
-0.0132392
-0.00427348
-0.000852429
-0.00495229
-0.014474
-0.0243746
-0.0289216
-0.0244167
-0.0117861
0.00265545
0.0108291
0.00832752
-0.00247901
-0.0114812
-0.0178377
-0.0252897
-0.0171858
-0.00652659
-0.000532943
-0.00177195
-0.00855257
-0.0158447
-0.0176287
-0.0102591
0.00432409
0.018382
0.0236904
0.0168838
0.00136681
-0.0109173
-0.0168206
-0.0266492
-0.0166953
-0.00314027
0.00555169
0.00642015
0.00122712
-0.00463223
-0.00487797
0.00387176
0.0185908
0.0314704
0.0337474
0.02269
0.00273298
-0.0112137
-0.0121087
-0.0170624
-0.00627679
0.00742893
0.0163921
0.0180199
0.0138171
0.00861755
0.00850687
0.0174189
0.0333761
0.0470806
0.0483208
0.034086
0.0114431
-0.00558839
-0.022328
-0.0265979
-0.015436
-0.00108322
0.00913724
0.0123174
0.00939383
0.00492581
0.00494791
0.0129872
0.0260542
0.0359376
0.0334237
0.0179894
-0.00356892
-0.0182717
-0.0347151
-0.0353678
-0.0220111
-0.00653798
0.00409909
0.007068
0.00342599
-0.00217807
-0.00380411
0.00175976
0.0114287
0.0172653
0.0125352
-0.00281995
-0.0221834
-0.033318
-0.0461249
-0.0424679
-0.0273164
-0.0115887
-0.00162901
-3.47416e-05
-0.0054009
-0.0128318
-0.0165677
-0.0138451
-0.00776634
-0.00521278
-0.0111527
-0.0249804
-0.0405251
-0.0469519
-0.0525281
-0.0449714
-0.0289964
-0.0142621
-0.00641375
-0.0075436
-0.015565
-0.0251796
-0.030919
-0.0306281
-0.0273584
-0.026789
-0.0323962
-0.0431989
-0.0538453
-0.0549885
-0.0520792
-0.0419958
-0.0264371
-0.0139584
-0.00943235
-0.0141785
-0.0252757
-0.037066
-0.0443942
-0.0457262
-0.0438791
-0.0434775
-0.0470711
-0.0537341
-0.0591497
-0.0553769
-0.0459193
-0.0350843
-0.0210639
-0.0116108
-0.0107814
-0.0190745
-0.0328845
-0.0463858
-0.0547835
-0.0568237
-0.0549917
-0.0531348
-0.0535107
-0.0556843
-0.0563564
-0.049071
-0.0371098
-0.0268244
-0.0149614
-0.00844258
-0.0106845
-0.0215937
-0.0372299
-0.0517934
-0.0607364
-0.0627963
-0.0600296
-0.0558425
-0.0526857
-0.0509554
-0.0483622
-0.0393115
-0.0286631
-0.0196846
-0.00981937
-0.00535505
-0.0093802
-0.0215842
-0.0380271
-0.0530036
-0.0621005
-0.0638191
-0.0597408
-0.0531239
-0.0469688
-0.0425861
-0.0384475
-0.0295077
-0.0223314
-0.0150681
-0.0064431
-0.00277158
-0.00712836
-0.0193704
-0.035594
-0.0504192
-0.0593288
-0.0604593
-0.055004
-0.0463178
-0.0381598
-0.0327368
-0.0289516
-0.0215797
-0.0183089
-0.0128858
-0.00476102
-0.000686791
-0.00405761
-0.0152923
-0.0304457
-0.0445128
-0.0527591
-0.0529244
-0.0459551
-0.0356034
-0.0265328
-0.0217216
-0.0200633
-0.0155971
-0.015623
-0.0122825
-0.00418728
0.00114788
-0.000404029
-0.00949284
-0.0229991
-0.035674
-0.0426224
-0.0412241
-0.0323796
-0.0205403
-0.0114461
-0.00869158
-0.0107574
-0.0105337
-0.0129973
-0.0121937
-0.00400447
0.0030415
0.00389557
-0.00259357
-0.0139894
-0.0246457
-0.0296195
-0.0259473
-0.0148023
-0.00154601
0.00690708
0.00654779
-0.000380521
-0.00528336
-0.00999247
-0.0121552
-0.00405591
0.00471382
0.00806986
0.00423389
-0.0044953
-0.0129042
-0.0154677
-0.00907974
0.00455828
0.0189177
0.0261012
0.0220787
0.0100299
-9.35668e-05
-0.00740211
-0.0126115
-0.00480554
0.00543897
0.0111456
0.00990088
0.00369571
-0.0023694
-0.00248513
0.00655392
0.0221265
0.0366195
0.0417372
0.0340073
0.0175822
0.0033452
-0.00596165
-0.0121819
-0.00281347
0.00963866
0.0170923
0.0170777
0.0118192
0.00676546
0.00783439
0.0180574
0.034313
0.0482594
0.0511485
0.0399036
0.0197994
0.00311809
0.00923748
0.000956947
0.00947137
0.0203713
0.0274247
0.0288026
0.0260295
0.023745
0.0275448
0.0403578
0.0590579
0.0743677
0.0764359
0.0621387
0.0381974
0.022957
-0.00219404
-0.00966057
-0.00100958
0.0103587
0.0184637
0.0210265
0.0190316
0.0168344
0.0200034
0.0313635
0.0475866
0.0598698
0.0596236
0.04498
0.0222866
0.00895021
-0.0168956
-0.0207736
-0.00999157
0.00240983
0.0106791
0.0126557
0.00942491
0.0053866
0.00608913
0.0142505
0.0267634
0.03557
0.0336173
0.019876
-0.000119197
-0.00959827
-0.0314845
-0.0310208
-0.0180131
-0.00487899
0.00289685
0.00329859
-0.00221206
-0.00896791
-0.0114314
-0.00714978
0.00107717
0.00653802
0.00358914
-0.00829362
-0.023793
-0.0281583
-0.041829
-0.0371752
-0.0223952
-0.00938745
-0.00327969
-0.00565478
-0.0142802
-0.0240134
-0.029577
-0.0288836
-0.0244189
-0.0215913
-0.0244487
-0.0331338
-0.0433479
-0.0419317
-0.0451595
-0.0376181
-0.0222713
-0.0106136
-0.00731199
-0.0132051
-0.0251495
-0.0376516
-0.0455563
-0.0474307
-0.0453586
-0.0435768
-0.0449912
-0.0497397
-0.0545375
-0.0478256
-0.0422498
-0.0334053
-0.0188585
-0.00949645
-0.00938988
-0.0185866
-0.0332398
-0.0475856
-0.057009
-0.0600997
-0.0587248
-0.0562806
-0.0552014
-0.0559094
-0.0561537
-0.0457867
-0.0354244
-0.0268256
-0.0139862
-0.0070616
-0.0095937
-0.0211109
-0.0374548
-0.0527764
-0.0627173
-0.0658462
-0.0637412
-0.0594453
-0.0555046
-0.0529197
-0.0502069
-0.0384211
-0.0273914
-0.020076
-0.00905436
-0.00391758
-0.00792184
-0.0205439
-0.0373959
-0.0529067
-0.0626653
-0.0650734
-0.0614734
-0.0549344
-0.0485079
-0.0439127
-0.0401832
-0.0288827
-0.019872
-0.0143749
-0.00467656
-0.000292108
-0.0045236
-0.0169035
-0.033346
-0.0483304
-0.0573477
-0.0585768
-0.0532189
-0.0446495
-0.0366297
-0.0315468
-0.02879
-0.0192141
-0.0132076
-0.00985094
-0.000827248
0.0038479
0.000561114
-0.0105582
-0.0257021
-0.0394496
-0.0471457
-0.0467437
-0.0394878
-0.0292835
-0.0207398
-0.016843
-0.0168208
-0.00971602
-0.00694324
-0.0060378
0.00278044
0.00852381
0.00704326
-0.00195065
-0.0150387
-0.0268393
-0.0325393
-0.0299107
-0.0204957
-0.00890742
-0.000718474
0.000661311
-0.00336539
-0.00033402
-0.000426187
-0.00240475
0.00633484
0.0135215
0.0143077
0.00795271
-0.00253154
-0.0117792
-0.0148406
-0.00942064
0.00254895
0.0154554
0.0227214
0.0206578
0.0114053
0.00975901
0.00605373
0.000925135
0.00939778
0.0179843
0.0210237
0.0174509
0.00985062
0.00344988
0.00336775
0.0119233
0.0265932
0.0406804
0.0466975
0.040907
0.0263307
0.0195515
0.0111113
0.00296496
0.0107481
0.02032
0.0255807
0.0245573
0.0197153
0.0160164
0.018671
0.030152
0.0470472
0.0617546
0.0662254
0.0569727
0.0381074
0.0267948
0.0131431
0.00445398
0.0132054
0.0240671
0.0301884
0.0301104
0.0261594
0.0237149
0.0279761
0.041018
0.059172
0.0739687
0.0768626
0.0646906
0.0426687
0.0285473
0.0313617
0.0147034
0.0214797
0.0302814
0.0363547
0.0386801
0.0386144
0.0403307
0.0484745
0.0646477
0.084866
0.100272
0.102131
0.0873047
0.0605971
0.049198
0.020255
0.00393996
0.0104195
0.0194079
0.0262888
0.0295369
0.0299479
0.0314251
0.0386766
0.053456
0.0719184
0.0855648
0.0864018
0.071813
0.0464373
0.0363669
0.00513461
-0.00808781
8.00595e-05
0.0097971
0.0166118
0.0190469
0.0179018
0.0171107
0.0214411
0.0329156
0.0480931
0.0592248
0.0593233
0.0461751
0.0240065
0.0174443
-0.0105942
-0.0195394
-0.00898656
0.00171305
0.00803695
0.00854609
0.00445843
0.000136539
0.000394606
0.0075281
0.0186078
0.0269562
0.0267113
0.016087
-0.00148735
-0.00308209
-0.0226729
-0.0269221
-0.0139064
-0.00264677
0.00217162
-0.000516877
-0.00857216
-0.0170045
-0.0209506
-0.0181829
-0.0110811
-0.00512205
-0.0049957
-0.0122552
-0.0243241
-0.0201967
-0.0286803
-0.0285138
-0.0138819
-0.00313313
-0.000884338
-0.00744997
-0.0195835
-0.0317064
-0.0392419
-0.0399802
-0.0358512
-0.0312101
-0.0298065
-0.033187
-0.0395589
-0.0300769
-0.0281421
-0.0251643
-0.0103651
-0.00115684
-0.00183637
-0.0119182
-0.0273332
-0.0422123
-0.0519382
-0.054701
-0.0519951
-0.0473416
-0.0439605
-0.0435745
-0.0450913
-0.0319458
-0.0230935
-0.0191773
-0.00538784
0.0019329
-0.00113892
-0.0136318
-0.0310057
-0.0472777
-0.0579301
-0.0612102
-0.0583722
-0.0525818
-0.0470024
-0.0436812
-0.0421054
-0.0275421
-0.0159643
-0.0126976
-0.000347912
0.0054856
0.00107792
-0.0124499
-0.0304483
-0.0470073
-0.0575083
-0.0601531
-0.056122
-0.0486246
-0.0411532
-0.0361624
-0.0337554
-0.0196043
-0.00837119
-0.00684297
0.00428573
0.00944222
0.00486426
-0.00841503
-0.0259212
-0.0417807
-0.0512716
-0.0525203
-0.0467798
-0.0375895
-0.0289624
-0.0236047
-0.0228314
-0.010149
-0.00077051
-0.00171963
0.00867106
0.0140219
0.0103527
-0.00157478
-0.0175471
-0.0317678
-0.039472
-0.0387177
-0.0310175
-0.0204538
-0.0117377
-0.0080997
-0.00973488
0.000273161
0.00707108
0.00307339
0.013114
0.0193441
0.0174381
0.00779836
-0.00570392
-0.0173996
-0.022531
-0.0191276
-0.00920494
0.00244015
0.0103672
0.0111117
0.00508426
0.0117107
0.0153909
0.00788793
0.0176575
0.0250836
0.0254307
0.0187062
0.00838481
-4.39818e-05
-0.00183237
0.00472378
0.0171575
0.0297538
0.03633
0.0333965
0.0216707
0.0242165
0.0236295
0.0123948
0.0216333
0.0301443
0.0328003
0.0292247
0.0224095
0.0176034
0.0194831
0.0294795
0.0445452
0.0580282
0.0630774
0.0563652
0.0385652
0.0366817
0.0300378
0.0153514
0.0237378
0.0329556
0.0375969
0.0369501
0.033417
0.0320063
0.0372905
0.050392
0.0677504
0.0818972
0.0854376
0.0750331
0.0530037
0.0466674
0.03251
0.0168914
0.0254518
0.0351094
0.0403766
0.040777
0.0389782
0.0396779
0.0471665
0.0624384
0.0814319
0.0960078
0.0983067
0.0851058
0.0600057
0.0506221
0.0395982
0.0174087
0.0233338
0.031475
0.0377742
0.0416196
0.0440648
0.0487238
0.0592146
0.0760835
0.094987
0.108059
0.108211
0.0927247
0.0648433
0.0555029
0.0293486
0.00714481
0.0123454
0.0205095
0.0275849
0.0323175
0.0352055
0.0396292
0.0493287
0.0651432
0.0830095
0.0953157
0.0952803
0.0802778
0.0531414
0.044527
0.0154587
-0.00452788
0.00169874
0.0103286
0.0174032
0.0214966
0.0228817
0.0249784
0.031838
0.0447897
0.0602897
0.0712566
0.0713909
0.0581838
0.0340067
0.0279362
0.000980487
-0.0153524
-0.00690449
0.00276747
0.0093918
0.0114393
0.00958857
0.00770773
0.0103069
0.0191832
0.0314412
0.040757
0.0414302
0.0309751
0.0110454
0.00936445
-0.0102491
-0.0218499
-0.0104909
0.000126279
0.00524117
0.00368185
-0.00277903
-0.00948987
-0.0115981
-0.00706861
0.00179642
0.00954414
0.0111542
0.00412466
-0.0106124
-0.00678017
-0.0154571
-0.0222377
-0.00841222
0.00223337
0.00468484
-0.00133904
-0.0127647
-0.0240996
-0.0304212
-0.029601
-0.0234633
-0.0166485
-0.0135678
-0.0168114
-0.0260306
-0.0166968
-0.0143712
-0.0175326
-0.00261392
0.00696306
0.00632695
-0.00385343
-0.0193828
-0.0342771
-0.0435843
-0.0452132
-0.0406074
-0.0337649
-0.0287449
-0.0283128
-0.0325848
-0.0190466
-0.00894832
-0.0104197
0.00418975
0.0121507
0.00892847
-0.00423306
-0.022335
-0.0393049
-0.0501155
-0.0527003
-0.048294
-0.0405545
-0.033477
-0.0300949
-0.0309322
-0.015266
-0.00170743
-0.00341271
0.0101416
0.0166721
0.011837
-0.00272235
-0.0219489
-0.0395357
-0.0504872
-0.0527255
-0.0474553
-0.0383328
-0.0295496
-0.0244576
-0.0239181
-0.00802958
0.00565794
0.00224338
0.0147056
0.0204478
0.0151781
0.000580918
-0.0183596
-0.0353112
-0.045287
-0.0462291
-0.0394963
-0.0290099
-0.0193207
-0.0140649
-0.0144292
0.000592772
0.0126587
0.00654884
0.0182514
0.0239924
0.0194087
0.00604042
-0.0113346
-0.0264914
-0.0344728
-0.0333943
-0.0249232
-0.0134411
-0.00392737
-0.000232641
-0.00331947
0.00995044
0.0195319
0.0101286
0.0213981
0.0278213
0.0248873
0.0138835
-0.000750771
-0.012997
-0.0180214
-0.0143109
-0.00392288
0.00813119
0.0164296
0.0170901
0.0096303
0.0201849
0.0265381
0.013579
0.0244569
0.0319279
0.0312957
0.0235064
0.0125459
0.00410337
0.00273126
0.00964325
0.0221048
0.034429
0.0407872
0.0374345
0.0245575
0.0313037
0.0332802
0.0168147
0.0270097
0.0354715
0.0373535
0.0331723
0.026361
0.0221699
0.0248245
0.0350707
0.0495947
0.0620444
0.0662266
0.0586449
0.040205
0.0423682
0.0383258
0.0187762
0.0279424
0.0370275
0.0411758
0.040387
0.0375357
0.0373686
0.0438241
0.056971
0.0732703
0.0857542
0.0879705
0.0766941
0.0536509
0.0512194
0.0397327
0.0193117
0.0278253
0.0369439
0.0419012
0.0431428
0.0431104
0.0459201
0.0550043
0.070491
0.0881936
0.10076
0.101498
0.0874087
0.060996
0.054824
0.0281369
0.00720883
0.0129307
0.0213744
0.028455
0.0334267
0.0370201
0.0425347
0.0527919
0.0676809
0.0830609
0.0923639
0.0901321
0.0744699
0.0479017
0.0385896
0.0188619
-0.00193121
0.00279875
0.01131
0.0193113
0.0252277
0.0295304
0.0350965
0.0447473
0.0589419
0.0737677
0.0827703
0.0805883
0.0653727
0.0395051
0.0294441
0.0074017
-0.012033
-0.00686126
0.00211035
0.0105052
0.0162468
0.0192535
0.022585
0.0298466
0.0418933
0.0553432
0.0639604
0.0625081
0.0489531
0.0252351
0.0166654
-0.00373875
-0.0206472
-0.0135981
-0.00354403
0.00463846
0.0085577
0.00836813
0.0077203
0.0109569
0.0196797
0.031076
0.0393057
0.0391521
0.0282978
0.00797635
0.00293725
-0.0113155
-0.0245652
-0.0145524
-0.00339306
0.00338139
0.00370235
-0.00125606
-0.00690058
-0.00831562
-0.00337589
0.00569741
0.0135367
0.0150548
0.00757264
-0.008426
-0.00838961
-0.0129285
-0.0221831
-0.00921178
0.00226875
0.00631635
0.00181843
-0.00852247
-0.0191712
-0.0248797
-0.0232875
-0.0161792
-0.00845067
-0.00495345
-0.00874312
-0.019988
-0.0142803
-0.00854653
-0.0147068
9.15887e-05
0.0107365
0.0113628
0.00203883
-0.0130691
-0.027796
-0.0367258
-0.0374303
-0.0314003
-0.0231459
-0.0174111
-0.0175781
-0.024367
-0.0136542
-0.000382568
-0.00527348
0.00983246
0.0188558
0.0162797
0.00327126
-0.015195
-0.0325232
-0.0432358
-0.0449113
-0.03889
-0.0294672
-0.0214365
-0.0185273
-0.0219773
-0.00789174
0.00853012
0.0029837
0.0173287
0.024637
0.0197912
0.00460907
-0.0155582
-0.0339116
-0.0449731
-0.0463765
-0.0394752
-0.0285604
-0.0185988
-0.0136731
-0.0155107
0.000187602
0.0160472
0.00839276
0.0216668
0.0277511
0.0218149
0.00599492
-0.0142769
-0.0321934
-0.042355
-0.0425462
-0.0343042
-0.0220929
-0.0111023
-0.00562192
-0.00782267
0.00820532
0.0214961
0.010968
0.0233663
0.0290052
0.0232223
0.00824858
-0.010616
-0.0267232
-0.0348753
-0.0331608
-0.0234655
-0.0105516
0.000226197
0.00443351
1.82532e-05
0.0153221
0.0252658
0.0117189
0.0235499
0.0295282
0.0250852
0.0123479
-0.0036941
-0.016717
-0.0218738
-0.0177074
-0.00658943
0.00632311
0.0155637
0.0168453
0.00859227
0.0218466
0.028039
0.0118082
0.0231333
0.0299966
0.0278402
0.0184784
0.0064145
-0.00251512
-0.00395217
0.00304476
0.0154995
0.0278
0.0344905
0.0316738
0.0185824
0.0281861
0.0301216
0.0117938
0.0223481
0.030235
0.0308355
0.0254957
0.0180511
0.0137134
0.0162484
0.0260336
0.0395942
0.0509961
0.0547309
0.0474533
0.0294219
0.0340631
0.0309895
0.0112448
0.0206311
0.0293147
0.0325892
0.0312181
0.0282574
0.0282491
0.0344093
0.0466008
0.0609898
0.0713827
0.0723511
0.0611382
0.0389577
0.0382459
0.0294753
0.00973541
0.0179927
0.0267988
0.03181
0.033604
0.0344193
0.0379182
0.0468221
0.0607961
0.0757662
0.0853643
0.0841822
0.0698972
0.0445444
0.0389465
0.00291289
-0.0119941
-0.00640109
0.00227574
0.00970854
0.0147553
0.0182546
0.0230674
0.03165
0.0436297
0.0553626
0.0614408
0.0576051
0.0427835
0.0196245
0.00877406
-0.00475253
-0.019333
-0.0146512
-0.00565538
0.0029704
0.00927395
0.0135261
0.0183742
0.0267698
0.0383813
0.0497753
0.0556029
0.0516742
0.0370593
0.0142479
0.00172888
-0.0127603
-0.0266173
-0.0217135
-0.0119845
-0.00249
0.0039523
0.00719627
0.0102386
0.0165752
0.0264815
0.0371324
0.0431727
0.0401788
0.0268719
0.00561384
-0.00639618
-0.0193149
-0.0316288
-0.0251725
-0.0142546
-0.00462296
0.000294581
0.000481824
-0.000293376
0.00236008
0.00993163
0.0196146
0.0261721
0.0249486
0.0141445
-0.00458795
-0.0140151
-0.0219254
-0.031801
-0.02267
-0.010536
-0.00198157
-0.000346239
-0.00477378
-0.0104694
-0.0121584
-0.0075794
0.000999834
0.00823268
0.00924619
0.00159015
-0.0137653
-0.0188519
-0.018849
-0.0259976
-0.013891
-0.00125274
0.00479886
0.00179318
-0.00797815
-0.0186856
-0.0244869
-0.0226713
-0.0150964
-0.00700067
-0.00353779
-0.00771898
-0.0192715
-0.0189461
-0.0104073
-0.015653
-0.00134025
0.0106352
0.0131622
0.00513978
-0.00965248
-0.0245678
-0.0334933
-0.0335587
-0.0263834
-0.0170758
-0.0110037
-0.0117356
-0.0196627
-0.013913
0.000999248
-0.00409195
0.0109577
0.0212455
0.0200872
0.0077739
-0.0108227
-0.0285417
-0.0391981
-0.0399477
-0.0323333
-0.0214009
-0.0127196
-0.0103999
-0.0155253
-0.00534163
0.0118098
0.00507542
0.0195789
0.0277452
0.0235284
0.00829492
-0.0124627
-0.0313668
-0.0423
-0.042577
-0.0338243
-0.0211198
-0.0102117
-0.00567087
-0.00930464
0.00387437
0.0194971
0.00979122
0.023115
0.0293902
0.0231932
0.00663057
-0.0145727
-0.0330814
-0.0430054
-0.0419562
-0.0317877
-0.0176754
-0.00545055
2.18292e-05
-0.00366705
0.011175
0.0229733
0.0100005
0.0221385
0.0272294
0.020384
0.0041334
-0.0158335
-0.0324589
-0.0402743
-0.0373566
-0.0259033
-0.0112131
0.000921378
0.0056425
0.000333369
0.0154995
0.0226774
0.00710461
0.0183128
0.0231178
0.0170394
0.00272709
-0.0144131
-0.0278174
-0.0326158
-0.0274806
-0.0150912
-0.000843178
0.00963466
0.0118253
0.00349085
0.0172414
0.0198276
0.00290357
0.0133481
0.0186761
0.0146411
0.00368931
-0.00931222
-0.0184862
-0.0196695
-0.012117
0.000652732
0.0135787
0.0211246
0.0193705
0.00710116
0.0173106
0.0157628
-0.00126083
0.00833272
0.0146673
0.0135352
0.00685119
-0.00130017
-0.0058175
-0.00333589
0.00618513
0.019209
0.0301964
0.0340987
0.0278488
0.0115321
0.016372
0.0112584
-0.00503411
0.00345757
0.0108473
0.0128556
0.0107128
0.00726058
0.00706399
0.0127606
0.0238663
0.0366411
0.0455243
0.0458687
0.0355161
0.0157802
0.0145004
0.00634506
-0.00868898
-0.00137125
0.00677722
0.0116001
0.0134541
0.014398
0.0177307
0.0257072
0.0377357
0.0500495
0.0571546
0.0546586
0.0410561
0.0185806
0.0114567
-0.0248221
-0.0334894
-0.0283395
-0.0201413
-0.0131563
-0.00875435
-0.0059931
-0.0021967
0.00479125
0.0146036
0.0240621
0.0285247
0.0243794
0.0110718
-0.00838943
-0.0207235
-0.029863
-0.038321
-0.0335712
-0.0245108
-0.016088
-0.0103056
-0.00671774
-0.00275066
0.00400612
0.0134314
0.022413
0.0263647
0.0218037
0.00836084
-0.0110493
-0.0249883
-0.0335537
-0.0416213
-0.0363504
-0.0261643
-0.0164867
-0.0104318
-0.00794679
-0.00594891
-0.00125652
0.0070584
0.0157038
0.0200971
0.0165037
0.00421086
-0.0142028
-0.0280203
-0.0350082
-0.0418893
-0.0351833
-0.0235934
-0.0135694
-0.00893357
-0.00950234
-0.0112158
-0.00962515
-0.0033361
0.00521581
0.0107412
0.00909637
-0.000962235
-0.0173709
-0.0294083
-0.0326297
-0.0375437
-0.028501
-0.0156318
-0.0063029
-0.00462114
-0.00966975
-0.0161942
-0.0185249
-0.0143767
-0.00613318
0.00083531
0.00170331
-0.00549635
-0.0191845
-0.0279632
-0.0254932
-0.0282955
-0.0165823
-0.00302724
0.00432955
0.00184935
-0.00833095
-0.0197967
-0.0259982
-0.0239924
-0.0159209
-0.00739001
-0.00379248
-0.00783418
-0.0184463
-0.0227944
-0.0143314
-0.0158574
-0.00201351
0.0111083
0.0153178
0.00812366
-0.00694168
-0.0225456
-0.0316843
-0.031111
-0.0227984
-0.0125465
-0.00617806
-0.00711566
-0.0148313
-0.0142325
-0.00160808
-0.00361597
0.0111098
0.0226417
0.0231191
0.0115441
-0.00734434
-0.0256459
-0.0362787
-0.0360192
-0.0268288
-0.0146059
-0.00556376
-0.00374907
-0.00928609
-0.00405615
0.00957066
0.00495422
0.0191776
0.028294
0.0252339
0.0103565
-0.0107829
-0.03008
-0.0406596
-0.039594
-0.0289797
-0.0147805
-0.00341237
0.00052527
-0.00389105
0.00506593
0.0163246
0.00778741
0.0205767
0.0271287
0.0212928
0.00460171
-0.0170319
-0.0356496
-0.0448399
-0.0421481
-0.0299589
-0.01425
-0.00135719
0.00368926
-0.000781145
0.0107214
0.0174124
0.00493959
0.0159961
0.0204299
0.0130782
-0.00375864
-0.0241226
-0.040534
-0.0472833
-0.0425704
-0.029083
-0.0127659
0.000266503
0.00499794
-0.000702841
0.0118744
0.0132667
-0.00188121
0.00757049
0.010818
0.00347561
-0.0117474
-0.0291814
-0.042097
-0.0456769
-0.0388689
-0.0246656
-0.0089119
0.00261446
0.00532396
-0.00267146
0.00897648
0.00520098
-0.0103428
-0.00216216
0.000954596
-0.0048018
-0.016795
-0.029961
-0.0385139
-0.0386177
-0.0300357
-0.015725
-0.00170057
0.00682155
0.00598993
-0.00500774
0.00325944
-0.00434272
-0.0184106
-0.0112626
-0.00737779
-0.0103187
-0.0180037
-0.0261756
-0.0301315
-0.0269178
-0.0168196
-0.00333965
0.00805519
0.012604
0.00751003
-0.00659935
-0.00378873
-0.0133007
-0.0250687
-0.0187449
-0.0136005
-0.0132198
-0.0164189
-0.0195591
-0.0193108
-0.0134341
-0.00257606
0.00965898
0.0181098
0.0185812
0.00944722
-0.00736701
-0.0108286
-0.0204095
-0.0301901
-0.0244812
-0.0176169
-0.0134846
-0.0119585
-0.0110457
-0.00789626
-0.000557656
0.0102671
0.0210727
0.0269376
0.0241103
0.0117612
-0.00735657
-0.0166605
-0.0455576
-0.0513334
-0.0468504
-0.0396383
-0.0335482
-0.0298575
-0.0276158
-0.0243283
-0.0180793
-0.00909098
-0.000281489
0.00408615
0.000560031
-0.0112603
-0.0282232
-0.040694
-0.0468669
-0.0528815
-0.0478881
-0.0392892
-0.0314441
-0.0263818
-0.0235674
-0.0204534
-0.0148085
-0.00661906
0.00134988
0.00483709
0.00060807
-0.011568
-0.0286698
-0.0415964
-0.0457304
-0.0513264
-0.0451873
-0.0349484
-0.025804
-0.0207464
-0.0194206
-0.0185958
-0.0150261
-0.00804132
-0.000363705
0.00355128
0.000236366
-0.0108775
-0.027161
-0.0394471
-0.0419804
-0.0460685
-0.0382636
-0.0264934
-0.0169848
-0.0135056
-0.0154369
-0.0184062
-0.0178507
-0.0123551
-0.00452951
0.000693916
-0.000671834
-0.00971048
-0.024184
-0.0350687
-0.0350339
-0.0366242
-0.0266399
-0.0134868
-0.00448037
-0.00385072
-0.0102864
-0.0180385
-0.0211534
-0.0173997
-0.00936529
-0.00235574
-0.00119744
-0.00755899
-0.0195572
-0.0282927
-0.0249459
-0.0238224
-0.0114701
0.00259969
0.0101639
0.00705294
-0.00438275
-0.0170539
-0.0238459
-0.0218013
-0.0134235
-0.00459533
-0.00073394
-0.00422144
-0.0134227
-0.0192682
-0.0129674
-0.010063
0.00416728
0.0182177
0.0233374
0.0160848
2.10967e-05
-0.0167005
-0.0262768
-0.0253499
-0.0163977
-0.00567885
0.000801696
3.68114e-05
-0.00661343
-0.00901281
-0.00139273
0.00138134
0.0161714
0.02918
0.0310147
0.0198207
0.000255116
-0.0189077
-0.029722
-0.0288293
-0.018785
-0.00610231
0.002778
0.00431237
-0.000519724
0.000641883
0.00722769
0.00746525
0.0216792
0.0320341
0.0304979
0.0161995
-0.00525283
-0.0249321
-0.0352534
-0.0332409
-0.0216319
-0.00697753
0.00395917
0.00721771
0.00318999
0.00755767
0.010846
0.00677547
0.01908
0.0263719
0.0217055
0.005553
-0.0159949
-0.0343485
-0.0426758
-0.038678
-0.0253377
-0.00909286
0.00327035
0.00749759
0.00323656
0.0100414
0.00855225
-0.000134025
0.00972837
0.0139575
0.00706623
-0.00937839
-0.0292578
-0.0447442
-0.0500458
-0.0436642
-0.0288286
-0.0118634
0.000875439
0.00496444
-0.000479541
0.00749895
0.000640504
-0.011165
-0.00388773
-0.0018147
-0.00945741
-0.0244678
-0.0410815
-0.0525633
-0.0543096
-0.0456312
-0.0299612
-0.0133622
-0.00174997
0.00072835
-0.00668936
0.000529913
-0.010925
-0.0235075
-0.0182186
-0.01721
-0.0238815
-0.0357989
-0.0479547
-0.0548487
-0.0530517
-0.0425933
-0.0269871
-0.0120313
-0.00312129
-0.00368261
-0.0135349
-0.00940443
-0.0240356
-0.0348137
-0.0308178
-0.0294505
-0.0335977
-0.0412668
-0.0484517
-0.0508945
-0.0461159
-0.0346534
-0.0201383
-0.00794159
-0.00286535
-0.00725778
-0.0195876
-0.020497
-0.0352512
-0.0434905
-0.0401083
-0.0373004
-0.03803
-0.041116
-0.0436009
-0.0423302
-0.0354816
-0.0239124
-0.0111976
-0.0023292
-0.00139365
-0.00954155
-0.0240987
-0.0305111
-0.042417
-0.0488966
-0.0451978
-0.0400172
-0.0367009
-0.0353697
-0.0342491
-0.0307886
-0.0232969
-0.0125394
-0.00190467
0.00390003
0.0014433
-0.0096622
-0.0262104
-0.0371781
-0.0552562
-0.0622271
-0.0582766
-0.051715
-0.0460298
-0.0424272
-0.0400838
-0.0366271
-0.0305131
-0.0212754
-0.0121357
-0.00704973
-0.00972143
-0.0206934
-0.0371949
-0.0478735
-0.0521624
-0.0601104
-0.0546335
-0.0461541
-0.0386867
-0.0340484
-0.0317496
-0.0292377
-0.0242582
-0.0164756
-0.00848362
-0.00457904
-0.0080799
-0.0195936
-0.035905
-0.0450515
-0.0457641
-0.0534139
-0.0460782
-0.0357172
-0.0272153
-0.0231227
-0.0228721
-0.0231281
-0.0205062
-0.0142076
-0.00676208
-0.00260009
-0.00522651
-0.0155992
-0.0308886
-0.0381918
-0.0367986
-0.0423689
-0.0329212
-0.0209477
-0.0123029
-0.0101751
-0.0135599
-0.0179107
-0.0184055
-0.01364
-0.00623977
-0.00093238
-0.0016778
-0.00988534
-0.023223
-0.0287895
-0.0253914
-0.0272849
-0.015563
-0.00215367
0.00594909
0.00506137
-0.00303996
-0.0122916
-0.0165058
-0.0134999
-0.00592375
0.000949953
0.00259487
-0.00282447
-0.0136744
-0.0175534
-0.0126206
-0.0102885
0.00379601
0.0183528
0.0253328
0.0208406
0.00765512
-0.00664118
-0.014583
-0.0132872
-0.00547912
0.00302986
0.00713099
0.00445355
-0.00327548
-0.00558096
-0.000648504
0.00532182
0.0212685
0.0362811
0.041541
0.0333641
0.0156415
-0.00277859
-0.0135988
-0.0134897
-0.00530302
0.00476648
0.0111179
0.01098
0.00595336
0.00529368
0.00852277
0.0159341
0.0325712
0.0469185
0.0498708
0.038417
0.0174927
-0.00328156
-0.0153546
-0.0153894
-0.00638581
0.00520176
0.0134522
0.0152774
0.0121481
0.0130154
0.0125814
0.018672
0.0348575
0.0470434
0.047269
0.0333751
0.0110807
-0.00983834
-0.0212269
-0.0201614
-0.00975125
0.0033665
0.0131558
0.0162596
0.0138934
0.0160696
0.0108101
0.013499
0.0268692
0.036282
0.0337202
0.0185334
-0.00315699
-0.0220867
-0.0310102
-0.0277475
-0.0155604
-0.00100985
0.0098921
0.0135499
0.0107804
0.0138572
0.00339228
0.00130109
0.0113245
0.0171706
0.0123171
-0.00276808
-0.02202
-0.0372036
-0.0424347
-0.0363598
-0.0223779
-0.00682534
0.00447415
0.00777693
0.00355672
0.00675363
-0.00872905
-0.0148829
-0.0083542
-0.00569886
-0.0117734
-0.0252756
-0.040522
-0.0508887
-0.0518815
-0.0429581
-0.0276062
-0.0118701
-0.00133701
0.000400875
-0.00605627
-0.00410552
-0.0237933
-0.0316993
-0.0281067
-0.0274797
-0.0331531
-0.0435178
-0.0539086
-0.0591341
-0.0561291
-0.0448539
-0.0290152
-0.0142951
-0.00596435
-0.00701307
-0.0160399
-0.0170903
-0.0385563
-0.0461852
-0.04443
-0.0441029
-0.0477552
-0.0540112
-0.0593909
-0.0601337
-0.053997
-0.0414627
-0.0263092
-0.0138502
-0.00889408
-0.0134126
-0.0249054
-0.030233
-0.0498909
-0.0564164
-0.0551731
-0.0536219
-0.0541756
-0.056152
-0.0572357
-0.0548058
-0.046734
-0.0340243
-0.0205823
-0.0112258
-0.01011
-0.0180199
-0.0316709
-0.0409059
-0.0549373
-0.0612597
-0.0591875
-0.0551922
-0.052133
-0.0504217
-0.048646
-0.04415
-0.035903
-0.0245541
-0.0132571
-0.00699693
-0.0089649
-0.0194375
-0.0349598
-0.0464442
-0.0541462
-0.0656239
-0.0613345
-0.0542939
-0.0478695
-0.0433435
-0.0404123
-0.0365398
-0.0301434
-0.020967
-0.0114758
-0.00582593
-0.00803721
-0.0193215
-0.036128
-0.043576
-0.046598
-0.0600473
-0.053612
-0.04459
-0.0368538
-0.0320755
-0.0300617
-0.027946
-0.0233815
-0.0157482
-0.00735846
-0.00290959
-0.00592132
-0.0174918
-0.0341345
-0.0376403
-0.035578
-0.0489253
-0.0402657
-0.0295104
-0.021276
-0.0176272
-0.0179978
-0.0190893
-0.0172
-0.0113996
-0.00397638
0.000527803
-0.00160826
-0.0118686
-0.0270952
-0.0271529
-0.021877
-0.0325128
-0.021532
-0.00931147
-0.00135398
-0.000115686
-0.00446893
-0.0102345
-0.0114401
-0.00757909
-0.000694075
0.00457455
0.00421477
-0.00371075
-0.0164554
-0.0138723
-0.00600993
-0.0120503
0.00150665
0.0150403
0.0221549
0.0200638
0.0108003
0.000158539
-0.00532777
-0.0036276
0.00286757
0.00920845
0.0110522
0.00608122
-0.00347342
0.00104188
0.0100896
0.00969951
0.0257814
0.0404628
0.0464177
0.0406264
0.0261138
0.0102224
0.000642016
0.000243049
0.00633393
0.0137363
0.0177961
0.015914
0.00980185
0.015653
0.023269
0.0283873
0.0465035
0.0619171
0.0665278
0.0572771
0.0381989
0.0180421
0.00517563
0.00297129
0.00874221
0.0170054
0.0229472
0.0237978
0.0207745
0.0273663
0.03101
0.0397434
0.0587056
0.0740153
0.0771125
0.0651749
0.0431084
0.0204904
0.00597714
0.00287893
0.00863638
0.0176482
0.0250004
0.027804
0.0271825
0.0337833
0.0308643
0.0408553
0.0590809
0.0731313
0.0745463
0.0610131
0.0380241
0.0153052
0.00115128
-0.0014617
0.00496824
0.0147995
0.0231518
0.0270785
0.0275862
0.033331
0.0230403
0.0314646
0.0471864
0.0588929
0.0585851
0.0446957
0.0228662
0.00242509
-0.00936846
-0.0100681
-0.00219438
0.00868623
0.0177307
0.0218971
0.0220597
0.0261477
0.00912136
0.0137091
0.0257502
0.0343046
0.0325267
0.0196462
0.000738852
-0.015442
-0.0233063
-0.0209717
-0.0110755
0.000981607
0.0103042
0.0137215
0.012082
0.0138622
-0.00871713
-0.00854419
-0.000658273
0.00480284
0.00232491
-0.00869455
-0.0226872
-0.033593
-0.0367179
-0.0307575
-0.0187055
-0.0057812
0.00299357
0.00449673
-7.2853e-05
-0.00130944
-0.0277352
-0.0309261
-0.0266991
-0.0236506
-0.0258597
-0.0332677
-0.0420291
-0.0473094
-0.0459192
-0.0363448
-0.0225856
-0.009699
-0.00268206
-0.00417527
-0.0121564
-0.0170148
-0.0444176
-0.049453
-0.0476283
-0.045529
-0.0461818
-0.0496371
-0.053306
-0.0536712
-0.048101
-0.0365146
-0.0222453
-0.0106314
-0.00645624
-0.0114428
-0.0226474
-0.0315902
-0.0549985
-0.0614105
-0.0604138
-0.057776
-0.056134
-0.0559177
-0.0555925
-0.0525686
-0.0446091
-0.0321446
-0.018567
-0.00925382
-0.00840483
-0.0166687
-0.0304214
-0.0411107
-0.0569249
-0.0658846
-0.0643001
-0.0600555
-0.0559833
-0.0530214
-0.0502387
-0.0453011
-0.036564
-0.0245859
-0.0128254
-0.00615079
-0.00793245
-0.0183785
-0.0341393
-0.0444271
-0.0390906
-0.0559757
-0.0511859
-0.0440682
-0.037644
-0.0328705
-0.0295287
-0.026017
-0.0202193
-0.0117803
-0.00284539
0.00210076
-0.000923561
-0.0128852
-0.0295926
-0.0304522
-0.0316231
-0.0510654
-0.0437459
-0.0345669
-0.0271097
-0.0225577
-0.0204046
-0.0188726
-0.0146386
-0.00694779
0.00153323
0.00557919
0.00150452
-0.0113091
-0.028383
-0.0244586
-0.0198436
-0.0393947
-0.0296648
-0.0188082
-0.0110153
-0.00764953
-0.00802665
-0.00895655
-0.00701245
-0.000870183
0.00673191
0.0105908
0.00700312
-0.00499337
-0.0209899
-0.0132113
-0.00402304
-0.0208903
-0.00880126
0.00323198
0.0104142
0.0112641
0.00710584
0.00264709
0.00119546
0.00558649
0.0126971
0.0170919
0.0148882
0.00483144
-0.00884688
0.00180809
0.0150603
0.00279814
0.0170917
0.0298292
0.0356349
0.0329838
0.0239769
0.0146941
0.00992183
0.0125098
0.0193336
0.0246367
0.0243376
0.0169934
0.0065208
0.0192654
0.0346112
0.0279309
0.0441928
0.0573255
0.061416
0.0549622
0.0408441
0.0265682
0.0185821
0.0192211
0.0256694
0.0318676
0.0335697
0.0292681
0.0223774
0.0365353
0.0505544
0.0494231
0.067172
0.0804188
0.082822
0.0729113
0.0546203
0.0362565
0.0252928
0.0241572
0.0300444
0.0368093
0.0402032
0.0387528
0.0352872
0.0501081
0.05834
0.0623082
0.080711
0.0936523
0.0946323
0.0823152
0.0613714
0.040576
0.0277154
0.0253411
0.0305209
0.0374361
0.0420083
0.0428618
0.042164
0.0566425
0.0565358
0.0636515
0.0813677
0.0933546
0.093219
0.0798385
0.0582654
0.0371337
0.02397
0.0211295
0.0257846
0.0326421
0.037933
0.0402905
0.0415855
0.0545286
0.0453508
0.0532995
0.0688073
0.0790574
0.0780826
0.0649767
0.0447554
0.0254655
0.0136895
0.0114493
0.0161533
0.0231643
0.0289801
0.0321037
0.0340642
0.0443836
0.0275673
0.033965
0.045933
0.0537607
0.0522589
0.0405915
0.0235246
0.00779579
-0.0010968
-0.0015734
0.00412092
0.0118356
0.0180699
0.0210617
0.0221954
0.0289536
0.00675161
0.0100952
0.0179012
0.0230489
0.0213309
0.0122179
-0.000519233
-0.0114957
-0.0163434
-0.0140387
-0.00641661
0.0023896
0.0085622
0.0101871
0.00905884
0.0118398
-0.0137042
-0.0135597
-0.00948972
-0.00658295
-0.00791376
-0.0138559
-0.0217306
-0.0274511
-0.0275494
-0.0221617
-0.0123327
-0.00278161
0.00230781
0.00126402
-0.00318096
-0.00408376
-0.0296455
-0.0330302
-0.0314331
-0.0296019
-0.0298281
-0.0324892
-0.0358185
-0.0368514
-0.0333643
-0.0247023
-0.0132222
-0.00395676
-0.0011103
-0.00550267
-0.0136017
-0.0175616
-0.0392043
-0.0462357
-0.0454251
-0.0433418
-0.0419753
-0.0417761
-0.0416297
-0.0392926
-0.0330253
-0.0223063
-0.0102711
-0.00240246
-0.00246215
-0.0102532
-0.0218061
-0.0274007
-0.0405658
-0.0530548
-0.0518915
-0.0485389
-0.0451998
-0.0424769
-0.0396782
-0.0350056
-0.0268168
-0.015571
-0.00471489
0.000956806
-0.00151174
-0.011797
-0.0260793
-0.0302842
)
;

boundaryField
{
    patch0_half0
    {
        type            cyclic;
    }
    patch0_half1
    {
        type            cyclic;
    }
    patch1_half0
    {
        type            cyclic;
    }
    patch1_half1
    {
        type            cyclic;
    }
    patch2_half0
    {
        type            cyclic;
    }
    patch2_half1
    {
        type            cyclic;
    }
}


// ************************************************************************* //
