/*--------------------------------*- C++ -*----------------------------------*\
| =========                 |                                                 |
| \\      /  F ield         | OpenFOAM: The Open Source CFD Toolbox           |
|  \\    /   O peration     | Version:  3.0.0                                 |
|   \\  /    A nd           | Web:      www.OpenFOAM.org                      |
|    \\/     M anipulation  |                                                 |
\*---------------------------------------------------------------------------*/
FoamFile
{
    version     2.0;
    format      ascii;
    class       volScalarField;
    location    "398";
    object      nuTilda;
}
// * * * * * * * * * * * * * * * * * * * * * * * * * * * * * * * * * * * * * //

dimensions      [0 2 -1 0 0 0 0];

internalField   nonuniform List<scalar> 
10720
(
0.0970354
0.10172
0.10706
0.112923
0.119613
0.127142
0.135644
0.144922
0.154931
0.165224
0.175311
0.184247
0.19147
0.196807
0.200258
0.202029
0.202336
0.201466
0.199536
0.196738
0.193046
0.188541
0.18326
0.177446
0.171528
0.165786
0.160191
0.154591
0.148882
0.143057
0.13711
0.131008
0.124713
0.118172
0.111193
0.103653
0.0944037
0.0841096
0.060707
0.0925803
0.0878638
0.0827935
0.0767363
0.0697572
0.061316
0.0506464
0.0381741
0.0346933
0.032488
0.0392038
0.0457592
0.0510342
0.055572
0.0598374
0.0640448
0.0682468
0.072415
0.0764961
0.0804577
0.08429
0.0879993
0.0916001
0.0950833
0.0982656
0.10093
0.103049
0.104668
0.105842
0.106602
0.106995
0.107107
0.107
0.106644
0.105944
0.10488
0.103005
0.100821
0.09168
0.100382
0.1
0.0993454
0.0984469
0.0974908
0.0964189
0.0953195
0.0943278
0.0944071
0.0955138
0.0973173
0.100234
0.104236
0.109159
0.115014
0.121513
0.128536
0.135819
0.14321
0.150348
0.157102
0.16306
0.167887
0.171161
0.172447
0.171829
0.169704
0.166409
0.162293
0.157642
0.152672
0.147538
0.142353
0.137213
0.132227
0.127492
0.123229
0.119419
0.114071
0.100772
0.100851
0.101063
0.100806
0.100295
0.0994764
0.0981877
0.0962535
0.0933324
0.0899511
0.0858502
0.0815768
0.077384
0.0733137
0.0694734
0.0659154
0.0627147
0.0598974
0.0574849
0.0554673
0.0538388
0.0525799
0.0516673
0.0510584
0.0507266
0.0506399
0.0507375
0.0509545
0.0512349
0.0515831
0.0526412
0.0550167
0.0582442
0.0616346
0.0647457
0.0675409
0.0699124
0.0740236
0.0776995
0.121955
0.121784
0.121404
0.120816
0.120135
0.119253
0.118171
0.116951
0.115524
0.114155
0.112992
0.112111
0.111479
0.111073
0.11076
0.11059
0.11065
0.110996
0.11134
0.110935
0.111066
0.111939
0.113371
0.118316
0.125453
0.132888
0.139701
0.145471
0.150022
0.153298
0.155368
0.15639
0.156573
0.156122
0.155235
0.153959
0.152686
0.150006
0.15009
0.122125
0.122072
0.122079
0.121818
0.121369
0.120694
0.119714
0.118392
0.116751
0.114742
0.112366
0.109689
0.106764
0.103605
0.100299
0.09689
0.0934419
0.0900017
0.086623
0.0833205
0.0801226
0.0770272
0.0740367
0.0710622
0.0680547
0.0650771
0.0621699
0.0593753
0.0567242
0.0542511
0.0519562
0.0503191
0.050179
0.0511666
0.0528391
0.0549934
0.0575575
0.0604662
0.0654885
0.129093
0.128986
0.128777
0.128464
0.128086
0.1276
0.127001
0.12631
0.125493
0.124562
0.123517
0.122361
0.12116
0.120017
0.118831
0.117279
0.115474
0.113521
0.111441
0.109218
0.106967
0.10484
0.102885
0.101612
0.101429
0.10242
0.104535
0.110394
0.117874
0.125834
0.133725
0.141156
0.147885
0.153816
0.159011
0.163502
0.167712
0.170122
0.173443
0.129174
0.129171
0.129157
0.129023
0.128789
0.12843
0.127907
0.127197
0.12629
0.125163
0.12381
0.122245
0.120477
0.118496
0.116333
0.114001
0.111527
0.108939
0.106271
0.103541
0.100775
0.0979825
0.0951604
0.092226
0.0891146
0.0858725
0.0825294
0.0791216
0.0756816
0.0722416
0.0688301
0.0654815
0.0623024
0.0594468
0.0568873
0.0555605
0.0558747
0.0566283
0.0593103
0.1327
0.132627
0.132486
0.132284
0.132042
0.13173
0.131348
0.130905
0.130384
0.129787
0.12911
0.128343
0.127481
0.126519
0.12545
0.124257
0.122896
0.121338
0.119545
0.117511
0.115211
0.112688
0.109933
0.10731
0.105261
0.10367
0.102332
0.100987
0.100878
0.102221
0.107705
0.11543
0.124535
0.134453
0.144762
0.155193
0.165851
0.176142
0.185671
0.132756
0.13275
0.132743
0.132652
0.132503
0.132268
0.131933
0.131487
0.13092
0.130225
0.129397
0.128438
0.127346
0.12611
0.124742
0.123235
0.121598
0.119838
0.11797
0.115997
0.113934
0.111781
0.109531
0.107116
0.104481
0.101647
0.098629
0.0954487
0.0921268
0.0886864
0.0851515
0.0815492
0.0779013
0.0742457
0.0705999
0.0670282
0.0638353
0.0605529
0.059078
0.134759
0.134706
0.134611
0.134474
0.134306
0.134092
0.133831
0.133527
0.133171
0.132761
0.132297
0.131769
0.131173
0.130502
0.129745
0.128893
0.127924
0.12682
0.125546
0.124078
0.12237
0.1204
0.118126
0.115609
0.113013
0.11045
0.10788
0.1057
0.103893
0.102193
0.100856
0.100923
0.104952
0.112281
0.122439
0.135195
0.15031
0.168399
0.187006
0.134795
0.134792
0.134786
0.134724
0.134623
0.134461
0.134228
0.133921
0.133538
0.133074
0.132524
0.131891
0.131173
0.130361
0.129459
0.128461
0.127367
0.126176
0.124893
0.123515
0.122046
0.12048
0.118807
0.116973
0.114927
0.112674
0.110214
0.10755
0.104691
0.101644
0.0984233
0.0950452
0.0915252
0.0878791
0.0841204
0.0802079
0.0761544
0.0716453
0.064781
0.136073
0.136035
0.135965
0.135865
0.135744
0.135589
0.135401
0.135183
0.134927
0.134634
0.134301
0.133922
0.133495
0.133014
0.132468
0.131852
0.131151
0.130352
0.129432
0.128373
0.127142
0.125715
0.124057
0.122151
0.120028
0.117726
0.115236
0.112655
0.110071
0.107449
0.105242
0.103272
0.101526
0.101307
0.105558
0.114476
0.128482
0.150233
0.17803
0.136099
0.136096
0.136089
0.136044
0.135972
0.135853
0.135681
0.135457
0.135181
0.134851
0.134464
0.134022
0.133522
0.132961
0.132338
0.131649
0.13089
0.13006
0.129161
0.128187
0.127139
0.126008
0.124782
0.123423
0.121885
0.120165
0.118254
0.116144
0.113831
0.11131
0.108582
0.105649
0.102516
0.0991885
0.0956675
0.091917
0.0878314
0.0834102
0.074587
0.136975
0.136946
0.136894
0.136819
0.136728
0.136611
0.13647
0.136306
0.136114
0.135894
0.135645
0.135361
0.135041
0.134679
0.134269
0.133805
0.133276
0.132674
0.131983
0.131189
0.130273
0.129218
0.128
0.1266
0.125021
0.123256
0.121276
0.119065
0.116643
0.114016
0.111317
0.108553
0.106033
0.103778
0.102026
0.102798
0.110126
0.128256
0.161054
0.136993
0.136989
0.136983
0.136948
0.136894
0.136804
0.136672
0.136501
0.136294
0.136047
0.135761
0.135437
0.135075
0.13467
0.134222
0.133727
0.133183
0.132587
0.131938
0.131232
0.130467
0.129636
0.12873
0.127717
0.126564
0.125263
0.123802
0.122169
0.120353
0.118341
0.116125
0.113695
0.111047
0.108173
0.10506
0.101678
0.0978623
0.0938157
0.084946
0.137628
0.137606
0.137566
0.137508
0.137437
0.137347
0.137238
0.137112
0.136964
0.136795
0.136604
0.136387
0.136142
0.135866
0.135554
0.1352
0.134797
0.134339
0.133811
0.133205
0.132503
0.131693
0.130761
0.129695
0.128498
0.127159
0.125644
0.123922
0.12197
0.119763
0.1173
0.114586
0.111739
0.108756
0.106046
0.103576
0.10254
0.110771
0.14083
0.137641
0.137637
0.13763
0.137601
0.13756
0.13749
0.137385
0.13725
0.137088
0.136898
0.136679
0.136433
0.136161
0.135858
0.135525
0.135159
0.134756
0.134315
0.133835
0.13331
0.13274
0.132117
0.131434
0.130667
0.129792
0.1288
0.127679
0.126418
0.125003
0.12342
0.121655
0.119694
0.117522
0.115125
0.11248
0.109554
0.106158
0.102568
0.0943898
0.13812
0.138103
0.138071
0.138025
0.13797
0.137897
0.13781
0.13771
0.137592
0.137458
0.137307
0.137135
0.136942
0.136724
0.136478
0.136199
0.135882
0.135521
0.135108
0.134635
0.13409
0.133462
0.132739
0.131912
0.130984
0.129946
0.128773
0.127439
0.125916
0.124168
0.122161
0.119862
0.117265
0.114348
0.111228
0.107971
0.104893
0.10273
0.123163
0.13813
0.138124
0.138117
0.138092
0.13806
0.138004
0.137919
0.13781
0.137681
0.13753
0.137357
0.137165
0.136954
0.136721
0.136467
0.136188
0.135883
0.135548
0.135184
0.134786
0.134351
0.133875
0.133351
0.13276
0.132085
0.131317
0.130448
0.129467
0.12836
0.127114
0.125715
0.124147
0.122393
0.120433
0.118238
0.115776
0.112853
0.109755
0.102534
0.138503
0.13849
0.138464
0.138427
0.138381
0.138322
0.138251
0.138169
0.138073
0.137965
0.137842
0.137704
0.137549
0.137375
0.137178
0.136956
0.136704
0.136417
0.136089
0.135713
0.135279
0.13478
0.134206
0.133553
0.132819
0.131998
0.131071
0.130019
0.128819
0.12744
0.125848
0.123999
0.121846
0.119333
0.116432
0.113044
0.109579
0.103875
0.11256
0.13851
0.138504
0.138496
0.138474
0.138448
0.138403
0.138333
0.138243
0.138137
0.138014
0.137875
0.137722
0.137554
0.137371
0.137172
0.136955
0.136718
0.13646
0.136177
0.135869
0.135532
0.135161
0.134752
0.134289
0.13376
0.133158
0.132475
0.131702
0.130829
0.129842
0.128729
0.127474
0.126061
0.124471
0.122672
0.120634
0.118172
0.115556
0.109363
0.138809
0.138798
0.138777
0.138746
0.138708
0.138658
0.138598
0.13853
0.13845
0.13836
0.138259
0.138146
0.138018
0.137876
0.137715
0.137534
0.137329
0.137096
0.13683
0.136527
0.136177
0.135776
0.135317
0.134793
0.134206
0.133548
0.132805
0.131961
0.130999
0.129896
0.128624
0.127145
0.125412
0.123355
0.120906
0.117855
0.114468
0.108736
0.108571
0.138814
0.138807
0.138798
0.138778
0.138757
0.138719
0.138661
0.138586
0.138497
0.138396
0.138281
0.138156
0.138021
0.137874
0.137715
0.137543
0.137356
0.137152
0.13693
0.136687
0.136421
0.136129
0.135804
0.135437
0.135016
0.134537
0.133994
0.133378
0.132681
0.131891
0.130999
0.12999
0.128849
0.127559
0.126089
0.124414
0.122364
0.120184
0.114987
0.139058
0.139049
0.139031
0.139004
0.138971
0.138928
0.138877
0.138819
0.138751
0.138676
0.138591
0.138496
0.13839
0.138272
0.138139
0.13799
0.137821
0.13763
0.137411
0.137162
0.136877
0.13655
0.136175
0.135751
0.135274
0.134741
0.134138
0.133454
0.132673
0.131778
0.130747
0.129551
0.128151
0.126486
0.124488
0.121938
0.118895
0.113991
0.109253
0.139062
0.139054
0.139043
0.139025
0.139008
0.138976
0.138927
0.138863
0.138788
0.138703
0.138607
0.138504
0.138393
0.138273
0.138144
0.138005
0.137855
0.137692
0.137514
0.13732
0.137108
0.136873
0.136613
0.136317
0.135979
0.135593
0.135156
0.134659
0.134097
0.13346
0.132738
0.13192
0.130993
0.129942
0.128739
0.127363
0.125665
0.12386
0.119562
0.139264
0.139257
0.13924
0.139216
0.139187
0.13915
0.139105
0.139054
0.138996
0.138932
0.13886
0.13878
0.13869
0.138591
0.13848
0.138355
0.138214
0.138054
0.137873
0.137666
0.13743
0.13716
0.136852
0.136503
0.136113
0.135677
0.135183
0.134622
0.133981
0.133248
0.132402
0.131422
0.130278
0.128921
0.127292
0.12522
0.122622
0.118637
0.112456
0.139266
0.139258
0.139247
0.139229
0.139215
0.139188
0.139146
0.139091
0.139027
0.138955
0.138874
0.138787
0.138694
0.138595
0.138489
0.138376
0.138254
0.138121
0.137977
0.13782
0.137648
0.137458
0.137247
0.137006
0.136731
0.136417
0.136061
0.135657
0.135199
0.13468
0.134091
0.133423
0.132665
0.131803
0.130814
0.12968
0.128274
0.126779
0.123258
0.139436
0.13943
0.139414
0.139393
0.139367
0.139333
0.139293
0.139249
0.139199
0.139143
0.139081
0.139012
0.138937
0.138852
0.138758
0.138652
0.138534
0.138399
0.138247
0.138074
0.137876
0.137651
0.137395
0.137105
0.136782
0.136421
0.136013
0.135549
0.13502
0.134413
0.133715
0.132904
0.131958
0.130839
0.129498
0.127813
0.12564
0.122528
0.116311
0.139438
0.13943
0.139418
0.139401
0.139388
0.139366
0.139329
0.139282
0.139227
0.139164
0.139095
0.139021
0.138943
0.13886
0.138772
0.138678
0.138577
0.138468
0.13835
0.138222
0.138081
0.137926
0.137752
0.137555
0.137328
0.137071
0.136778
0.136447
0.13607
0.135643
0.135159
0.13461
0.133985
0.133274
0.132456
0.131518
0.130351
0.129108
0.126235
0.139583
0.139576
0.139562
0.139542
0.139517
0.139487
0.139451
0.139412
0.139368
0.139319
0.139266
0.139207
0.139142
0.13907
0.138989
0.138899
0.138798
0.138684
0.138555
0.138409
0.138242
0.138052
0.137837
0.137595
0.137325
0.137023
0.136682
0.136296
0.135855
0.13535
0.134768
0.134093
0.133306
0.132374
0.131257
0.129871
0.128056
0.125653
0.12007
0.139584
0.139576
0.139564
0.139546
0.139536
0.139516
0.139485
0.139443
0.139395
0.139341
0.139281
0.139218
0.139151
0.13908
0.139006
0.138927
0.138843
0.138753
0.138656
0.13855
0.138433
0.138305
0.138161
0.137998
0.13781
0.137597
0.137355
0.13708
0.136769
0.136415
0.136014
0.135559
0.13504
0.13445
0.133771
0.132989
0.132018
0.130979
0.128637
0.139708
0.139701
0.139687
0.139668
0.139645
0.139617
0.139585
0.13955
0.139511
0.139469
0.139423
0.139372
0.139315
0.139253
0.139184
0.139107
0.139021
0.138923
0.138813
0.138688
0.138546
0.138385
0.138203
0.137998
0.13777
0.137517
0.13723
0.136905
0.136535
0.136111
0.135623
0.135058
0.134398
0.133618
0.132682
0.131529
0.130001
0.12812
0.123397
0.139709
0.139702
0.139688
0.139671
0.139662
0.139645
0.139617
0.139581
0.139539
0.139491
0.139439
0.139384
0.139326
0.139266
0.139203
0.139136
0.139066
0.13899
0.138909
0.13882
0.138723
0.138616
0.138497
0.13836
0.138204
0.138026
0.137824
0.137595
0.137336
0.137041
0.136706
0.136327
0.135894
0.135401
0.134833
0.13418
0.133367
0.132495
0.130582
0.139816
0.139809
0.139794
0.139775
0.139754
0.139728
0.1397
0.139669
0.139635
0.139598
0.139557
0.139513
0.139464
0.139411
0.139351
0.139285
0.13921
0.139126
0.139032
0.138924
0.138803
0.138665
0.138509
0.138335
0.138142
0.137927
0.137684
0.137409
0.137096
0.136738
0.136326
0.135849
0.135293
0.134636
0.133847
0.132881
0.131589
0.130073
0.126197
0.139817
0.13981
0.139797
0.139779
0.139771
0.139756
0.139732
0.1397
0.139663
0.13962
0.139574
0.139526
0.139476
0.139424
0.13937
0.139313
0.139253
0.139189
0.139121
0.139046
0.138965
0.138876
0.138775
0.138661
0.138529
0.13838
0.138211
0.138019
0.137801
0.137554
0.137274
0.136955
0.136592
0.136178
0.135701
0.135151
0.134469
0.133732
0.132166
0.139909
0.139901
0.139886
0.139868
0.139848
0.139825
0.139799
0.139772
0.139742
0.139709
0.139674
0.139636
0.139594
0.139548
0.139496
0.139439
0.139374
0.139302
0.13922
0.139127
0.139022
0.138903
0.13877
0.13862
0.138455
0.138272
0.138065
0.13783
0.137564
0.137259
0.136909
0.136505
0.136033
0.135477
0.134809
0.133995
0.132901
0.131645
0.128499
0.139911
0.139905
0.139891
0.139873
0.139866
0.139853
0.139832
0.139803
0.13977
0.139732
0.139692
0.139649
0.139605
0.13956
0.139513
0.139464
0.139413
0.139358
0.1393
0.139238
0.139169
0.139094
0.139009
0.138912
0.138801
0.138675
0.138533
0.138371
0.138187
0.137979
0.137742
0.137474
0.137168
0.136818
0.136416
0.135951
0.135377
0.134752
0.133465
0.139991
0.139981
0.139966
0.139949
0.13993
0.139909
0.139886
0.139862
0.139836
0.139808
0.139778
0.139745
0.139708
0.139668
0.139624
0.139574
0.139518
0.139455
0.139384
0.139303
0.139212
0.139109
0.138994
0.138865
0.138723
0.138565
0.138387
0.138186
0.137958
0.137698
0.137399
0.137054
0.136652
0.136178
0.13561
0.13492
0.133994
0.13293
0.13041
0.139994
0.139988
0.139974
0.139956
0.139949
0.139939
0.13992
0.139894
0.139864
0.13983
0.139793
0.139755
0.139717
0.139677
0.139636
0.139594
0.13955
0.139504
0.139454
0.139401
0.139343
0.139279
0.139207
0.139125
0.139031
0.138924
0.138803
0.138666
0.138511
0.138334
0.138134
0.137906
0.137647
0.137351
0.13701
0.136616
0.13613
0.135597
0.134536
0.140062
0.140052
0.140036
0.14002
0.140002
0.139983
0.139963
0.139942
0.13992
0.139896
0.13987
0.139842
0.139811
0.139776
0.139737
0.139694
0.139645
0.13959
0.139528
0.139458
0.139378
0.139289
0.139188
0.139077
0.138954
0.138817
0.138664
0.138491
0.138294
0.13807
0.137813
0.137517
0.137173
0.136768
0.136282
0.135694
0.134911
0.133994
0.132001
0.140066
0.140061
0.140047
0.140029
0.140023
0.140014
0.139997
0.139974
0.139946
0.139916
0.139883
0.139849
0.139814
0.139779
0.139743
0.139707
0.139669
0.139629
0.139587
0.139541
0.139492
0.139437
0.139376
0.139306
0.139226
0.139135
0.139032
0.138916
0.138784
0.138634
0.138463
0.13827
0.138049
0.137797
0.137507
0.137172
0.136759
0.136304
0.135426
0.140124
0.140113
0.140098
0.140082
0.140066
0.140049
0.140032
0.140014
0.139996
0.139976
0.139954
0.139929
0.139902
0.139872
0.139838
0.1398
0.139757
0.139709
0.139655
0.139593
0.139524
0.139445
0.139358
0.139261
0.139154
0.139036
0.138903
0.138753
0.138583
0.138389
0.138168
0.137912
0.137616
0.137267
0.136851
0.136347
0.135684
0.134887
0.133309
0.14013
0.140126
0.140112
0.140094
0.140088
0.14008
0.140065
0.140044
0.140019
0.139991
0.139961
0.13993
0.1399
0.139869
0.139838
0.139806
0.139773
0.139739
0.139702
0.139663
0.139621
0.139574
0.139522
0.139463
0.139394
0.139316
0.139228
0.139129
0.139016
0.138888
0.138743
0.138578
0.138389
0.138174
0.137927
0.13764
0.137289
0.136899
0.13617
0.140179
0.140167
0.140152
0.140138
0.140123
0.140109
0.140094
0.14008
0.140065
0.140048
0.14003
0.140008
0.139985
0.139958
0.139929
0.139895
0.139858
0.139815
0.139767
0.139713
0.139652
0.139583
0.139507
0.139422
0.139329
0.139226
0.139111
0.13898
0.138833
0.138665
0.138473
0.138252
0.137995
0.137694
0.137336
0.136901
0.136339
0.135644
0.134383
0.140186
0.140184
0.14017
0.140151
0.140146
0.14014
0.140126
0.140107
0.140083
0.140057
0.14003
0.140003
0.139975
0.139948
0.139921
0.139893
0.139865
0.139835
0.139804
0.13977
0.139734
0.139694
0.139649
0.139598
0.139539
0.139473
0.139397
0.139312
0.139215
0.139106
0.138982
0.13884
0.138679
0.138495
0.138283
0.138037
0.137737
0.137403
0.136796
0.140227
0.140215
0.140201
0.140187
0.140175
0.140163
0.140152
0.140141
0.140128
0.140114
0.140098
0.14008
0.140059
0.140036
0.14001
0.13998
0.139947
0.13991
0.139867
0.13982
0.139766
0.139705
0.139638
0.139564
0.139483
0.139393
0.139292
0.139179
0.13905
0.138904
0.138737
0.138545
0.138322
0.138062
0.137752
0.137375
0.136905
0.136297
0.135273
0.140236
0.140235
0.140222
0.140203
0.140198
0.140193
0.140181
0.140162
0.14014
0.140117
0.140092
0.140067
0.140043
0.140019
0.139995
0.13997
0.139946
0.13992
0.139893
0.139864
0.139833
0.139799
0.13976
0.139716
0.139666
0.139609
0.139544
0.139471
0.139388
0.139294
0.139187
0.139066
0.138927
0.138769
0.138587
0.138376
0.138119
0.137832
0.137324
0.14027
0.140258
0.140244
0.140232
0.140222
0.140213
0.140205
0.140197
0.140186
0.140174
0.140161
0.140145
0.140126
0.140106
0.140083
0.140057
0.140028
0.139995
0.139957
0.139915
0.139868
0.139814
0.139755
0.13969
0.139618
0.13954
0.139452
0.139352
0.13924
0.139112
0.138967
0.1388
0.138606
0.13838
0.138112
0.137782
0.137402
0.13687
0.136024
0.14028
0.140281
0.140269
0.140249
0.140245
0.14024
0.140229
0.140212
0.140191
0.140169
0.140147
0.140124
0.140103
0.140082
0.140061
0.14004
0.140018
0.139996
0.139973
0.139948
0.139921
0.139892
0.139858
0.139821
0.139777
0.139728
0.139672
0.139609
0.139537
0.139457
0.139365
0.139261
0.139142
0.139006
0.138849
0.138668
0.138447
0.138199
0.137773
0.140308
0.140296
0.140283
0.140273
0.140265
0.14026
0.140254
0.140248
0.140239
0.140229
0.140217
0.140203
0.140188
0.14017
0.14015
0.140127
0.140102
0.140072
0.140039
0.140002
0.13996
0.139913
0.13986
0.139803
0.13974
0.139671
0.139593
0.139506
0.139407
0.139295
0.139168
0.139022
0.138854
0.138656
0.138428
0.138141
0.137834
0.137374
0.136668
0.140319
0.140322
0.140311
0.14029
0.140287
0.140283
0.140273
0.140256
0.140237
0.140216
0.140196
0.140176
0.140157
0.140138
0.14012
0.140102
0.140083
0.140064
0.140044
0.140023
0.139999
0.139974
0.139945
0.139913
0.139875
0.139833
0.139785
0.139731
0.13967
0.1396
0.139522
0.139432
0.13933
0.139213
0.139078
0.138922
0.138732
0.138518
0.138158
0.140342
0.14033
0.140318
0.14031
0.140306
0.140303
0.1403
0.140295
0.140288
0.140279
0.140269
0.140258
0.140244
0.140229
0.140212
0.140192
0.140169
0.140144
0.140114
0.140081
0.140044
0.140002
0.139955
0.139904
0.139849
0.139788
0.139719
0.139643
0.139556
0.139458
0.139346
0.139218
0.139072
0.138903
0.138713
0.138473
0.138218
0.137823
0.137227
0.140354
0.140359
0.140348
0.140328
0.140325
0.140322
0.140312
0.140296
0.140277
0.140259
0.14024
0.140223
0.140206
0.14019
0.140174
0.140158
0.140142
0.140125
0.140108
0.14009
0.14007
0.140048
0.140024
0.139996
0.139964
0.139928
0.139887
0.139841
0.139789
0.139731
0.139664
0.139587
0.1395
0.139399
0.139283
0.139147
0.138983
0.138797
0.138491
0.140373
0.140362
0.14035
0.140345
0.140344
0.140344
0.140341
0.140338
0.140332
0.140326
0.140318
0.140308
0.140297
0.140284
0.140269
0.140252
0.140232
0.140209
0.140183
0.140154
0.140121
0.140083
0.140042
0.139997
0.139948
0.139894
0.139833
0.139765
0.139689
0.139602
0.139504
0.139394
0.139271
0.139131
0.138975
0.138777
0.138561
0.138227
0.137721
0.140385
0.140393
0.140382
0.140361
0.14036
0.140357
0.140347
0.140331
0.140314
0.140297
0.140281
0.140266
0.140251
0.140237
0.140223
0.140209
0.140195
0.140181
0.140166
0.140151
0.140134
0.140116
0.140095
0.140072
0.140046
0.140016
0.139983
0.139945
0.139902
0.139854
0.139797
0.139732
0.139658
0.139571
0.13947
0.139353
0.13921
0.139048
0.138785
0.1404
0.14039
0.14038
0.140378
0.140381
0.140381
0.140379
0.140377
0.140374
0.140369
0.140363
0.140355
0.140346
0.140335
0.140322
0.140307
0.14029
0.14027
0.140247
0.140221
0.140192
0.140158
0.140122
0.140081
0.140038
0.13999
0.139936
0.139876
0.139808
0.139733
0.139649
0.139557
0.139457
0.139342
0.139212
0.13905
0.138866
0.138589
0.13816
0.140412
0.140422
0.140413
0.140392
0.140391
0.140389
0.140378
0.140363
0.140347
0.140332
0.140318
0.140305
0.140292
0.14028
0.140268
0.140256
0.140244
0.140233
0.14022
0.140207
0.140194
0.140179
0.140163
0.140146
0.140126
0.140104
0.140078
0.140049
0.140015
0.139975
0.139928
0.139874
0.13981
0.139736
0.139648
0.139546
0.139422
0.139279
0.13905
0.140426
0.140415
0.140407
0.140411
0.140414
0.140414
0.140414
0.140414
0.140412
0.14041
0.140405
0.1404
0.140392
0.140383
0.140372
0.140359
0.140344
0.140327
0.140307
0.140284
0.140258
0.140228
0.140196
0.14016
0.140121
0.140078
0.14003
0.139977
0.139919
0.139855
0.139787
0.139712
0.139629
0.139534
0.139426
0.139291
0.139135
0.138907
0.138547
0.140436
0.140448
0.14044
0.140419
0.140419
0.140418
0.140407
0.140391
0.140377
0.140364
0.140352
0.140341
0.14033
0.14032
0.14031
0.1403
0.140291
0.140281
0.140271
0.140262
0.140252
0.140242
0.140232
0.140222
0.14021
0.140195
0.140178
0.140156
0.140129
0.140097
0.140059
0.140013
0.139959
0.139895
0.139819
0.13973
0.139621
0.139496
0.139295
0.140448
0.140438
0.140433
0.140441
0.140444
0.140444
0.140447
0.140448
0.140448
0.140447
0.140444
0.14044
0.140434
0.140427
0.140419
0.140409
0.140396
0.140382
0.140365
0.140346
0.140323
0.140297
0.140268
0.140236
0.140201
0.140163
0.140121
0.140076
0.140028
0.139975
0.139919
0.139857
0.139787
0.139707
0.139616
0.139503
0.139371
0.139182
0.138885
0.140457
0.140469
0.140463
0.140444
0.140445
0.140443
0.140431
0.140417
0.140404
0.140394
0.140384
0.140374
0.140365
0.140357
0.140349
0.140342
0.140335
0.140328
0.140322
0.140316
0.140311
0.140307
0.140305
0.140302
0.140297
0.140288
0.140276
0.14026
0.140241
0.140216
0.140186
0.140149
0.140104
0.14005
0.139985
0.139907
0.139812
0.139701
0.13953
0.140469
0.140459
0.140456
0.140467
0.140469
0.14047
0.140474
0.140476
0.140476
0.140477
0.140476
0.140474
0.140471
0.140466
0.140461
0.140454
0.140446
0.140436
0.140424
0.14041
0.140393
0.140373
0.140351
0.140325
0.140297
0.140265
0.14023
0.140191
0.140148
0.140102
0.140051
0.139996
0.139935
0.139865
0.139786
0.13969
0.139577
0.139421
0.139177
0.140475
0.140483
0.140479
0.140465
0.140465
0.140463
0.140453
0.14044
0.140429
0.140421
0.140413
0.140405
0.140398
0.140392
0.140387
0.140383
0.140378
0.140375
0.140372
0.140371
0.14037
0.140371
0.140372
0.140373
0.140371
0.140365
0.140357
0.140348
0.140336
0.14032
0.140301
0.140275
0.140243
0.1402
0.140146
0.140079
0.139997
0.139895
0.139762
0.140484
0.140477
0.140477
0.140485
0.140487
0.140488
0.140491
0.140493
0.140494
0.140495
0.140496
0.140495
0.140494
0.140493
0.14049
0.140487
0.140483
0.140478
0.140472
0.140464
0.140455
0.140443
0.14043
0.140413
0.140394
0.140371
0.140344
0.140313
0.140277
0.140236
0.140189
0.140138
0.140081
0.140016
0.139944
0.139859
0.139761
0.139627
0.139428
0.140487
0.140491
0.140488
0.140479
0.140478
0.140476
0.140469
0.140459
0.140451
0.140445
0.140438
0.140433
0.140429
0.140425
0.140422
0.14042
0.140419
0.140418
0.140417
0.140417
0.140417
0.140418
0.140418
0.140418
0.140417
0.140413
0.140409
0.140403
0.140396
0.140387
0.140376
0.140362
0.140343
0.140319
0.140285
0.140237
0.140172
0.140081
0.139979
0.140493
0.14049
0.14049
0.140495
0.140497
0.140499
0.140501
0.140504
0.140505
0.140507
0.140508
0.140509
0.140509
0.140509
0.140508
0.140507
0.140505
0.140503
0.1405
0.140496
0.140491
0.140485
0.140478
0.140469
0.140458
0.140445
0.140429
0.140409
0.140384
0.140354
0.140318
0.140274
0.140224
0.140165
0.140098
0.140019
0.139929
0.139811
0.139646
0.140494
0.140496
0.140494
0.140487
0.140485
0.140483
0.140478
0.140471
0.140466
0.140462
0.140458
0.140455
0.140452
0.14045
0.140449
0.140448
0.140447
0.140446
0.140445
0.140445
0.140445
0.140445
0.140445
0.140445
0.140444
0.140442
0.140439
0.140436
0.140432
0.140427
0.140421
0.140414
0.140403
0.14039
0.140372
0.140345
0.140311
0.14024
0.140166
0.140498
0.140496
0.140497
0.140501
0.140503
0.140505
0.140508
0.140511
0.140513
0.140515
0.140517
0.140518
0.140519
0.14052
0.140521
0.140521
0.14052
0.14052
0.140518
0.140516
0.140514
0.140511
0.140506
0.140502
0.140496
0.140489
0.14048
0.140469
0.140455
0.140438
0.140415
0.140385
0.140347
0.1403
0.140242
0.140171
0.140089
0.139982
0.139839
0.140498
0.140499
0.140497
0.140492
0.14049
0.140487
0.140483
0.140478
0.140474
0.140471
0.140469
0.140467
0.140465
0.140464
0.140463
0.140462
0.140462
0.140461
0.140461
0.140461
0.140461
0.140461
0.140461
0.140462
0.140461
0.140461
0.140459
0.140458
0.140456
0.140454
0.14045
0.140446
0.140441
0.140433
0.140424
0.140409
0.140392
0.140353
0.140308
0.140501
0.1405
0.140501
0.140505
0.140507
0.14051
0.140513
0.140516
0.140518
0.140521
0.140523
0.140525
0.140527
0.140528
0.140529
0.14053
0.140531
0.140531
0.140531
0.140531
0.14053
0.140528
0.140526
0.140523
0.14052
0.140516
0.140511
0.140505
0.140498
0.140488
0.140476
0.140459
0.140436
0.140405
0.140364
0.140308
0.140238
0.140142
0.140017
0.1405
0.140501
0.140499
0.140494
0.140492
0.140489
0.140485
0.140482
0.140479
0.140476
0.140475
0.140473
0.140472
0.140472
0.140471
0.140471
0.140471
0.140471
0.140471
0.140471
0.140471
0.140472
0.140472
0.140473
0.140473
0.140473
0.140473
0.140473
0.140472
0.140471
0.14047
0.140468
0.140465
0.140462
0.140457
0.140449
0.140439
0.140419
0.140397
0.140502
0.140502
0.140504
0.140507
0.14051
0.140513
0.140516
0.140519
0.140522
0.140525
0.140528
0.14053
0.140532
0.140534
0.140536
0.140538
0.140539
0.14054
0.140541
0.140541
0.140542
0.140541
0.140541
0.140539
0.140538
0.140536
0.140533
0.140529
0.140525
0.14052
0.140513
0.140504
0.140492
0.140475
0.140451
0.140414
0.140364
0.140286
0.14018
0.140501
0.140501
0.140499
0.140495
0.140493
0.14049
0.140486
0.140483
0.140481
0.140479
0.140478
0.140477
0.140477
0.140476
0.140476
0.140477
0.140477
0.140477
0.140477
0.140478
0.140478
0.140479
0.14048
0.140481
0.140481
0.140482
0.140483
0.140483
0.140483
0.140484
0.140484
0.140483
0.140483
0.140481
0.140479
0.140475
0.140471
0.140459
0.140449
0.140502
0.140503
0.140505
0.140508
0.140511
0.140514
0.140518
0.140521
0.140525
0.140528
0.140531
0.140534
0.140536
0.140539
0.140541
0.140543
0.140545
0.140547
0.140549
0.14055
0.140551
0.140552
0.140552
0.140552
0.140551
0.140551
0.140549
0.140547
0.140545
0.140542
0.140538
0.140533
0.140527
0.140519
0.140506
0.140487
0.140457
0.140403
0.140323
0.140501
0.140501
0.140499
0.140495
0.140492
0.140489
0.140486
0.140483
0.140481
0.14048
0.140479
0.140479
0.140479
0.140479
0.140479
0.14048
0.14048
0.140481
0.140481
0.140482
0.140483
0.140483
0.140484
0.140486
0.140487
0.140488
0.140489
0.14049
0.140491
0.140492
0.140493
0.140494
0.140495
0.140495
0.140495
0.140493
0.140492
0.140486
0.140482
0.140502
0.140503
0.140505
0.140509
0.140512
0.140515
0.140519
0.140523
0.140526
0.14053
0.140533
0.140537
0.14054
0.140542
0.140545
0.140548
0.14055
0.140553
0.140555
0.140557
0.140558
0.14056
0.140561
0.140562
0.140562
0.140562
0.140562
0.140562
0.140561
0.140559
0.140557
0.140554
0.140551
0.140547
0.140541
0.140531
0.140518
0.140486
0.140437
0.140501
0.1405
0.140498
0.140494
0.140491
0.140488
0.140485
0.140482
0.140481
0.14048
0.140479
0.140479
0.14048
0.14048
0.140481
0.140481
0.140482
0.140483
0.140483
0.140484
0.140485
0.140486
0.140487
0.140489
0.14049
0.140492
0.140493
0.140495
0.140496
0.140498
0.1405
0.140501
0.140503
0.140504
0.140506
0.140506
0.140507
0.140504
0.140505
0.140501
0.140502
0.140504
0.140508
0.140512
0.140515
0.140519
0.140523
0.140527
0.140531
0.140535
0.140538
0.140542
0.140545
0.140548
0.140551
0.140554
0.140557
0.14056
0.140562
0.140564
0.140566
0.140568
0.14057
0.140571
0.140572
0.140573
0.140573
0.140573
0.140573
0.140573
0.140572
0.14057
0.140568
0.140565
0.14056
0.140556
0.140539
0.140518
0.140499
0.140499
0.140497
0.140493
0.14049
0.140486
0.140483
0.140481
0.140479
0.140479
0.140479
0.140479
0.140479
0.14048
0.140481
0.140482
0.140482
0.140483
0.140484
0.140485
0.140486
0.140487
0.140489
0.14049
0.140492
0.140494
0.140495
0.140497
0.140499
0.140501
0.140504
0.140506
0.140508
0.140511
0.140513
0.140515
0.140517
0.140517
0.14052
0.140499
0.140501
0.140503
0.140507
0.140511
0.140515
0.140519
0.140524
0.140528
0.140532
0.140536
0.14054
0.140543
0.140547
0.14055
0.140554
0.140557
0.14056
0.140563
0.140566
0.140569
0.140572
0.140574
0.140576
0.140578
0.14058
0.140581
0.140583
0.140584
0.140585
0.140585
0.140585
0.140585
0.140585
0.140584
0.140582
0.140581
0.140571
0.140569
0.140498
0.140496
0.140494
0.140491
0.140487
0.140484
0.140481
0.140478
0.140477
0.140477
0.140477
0.140477
0.140478
0.140479
0.14048
0.140481
0.140482
0.140483
0.140484
0.140485
0.140486
0.140487
0.140489
0.14049
0.140492
0.140494
0.140496
0.140498
0.140501
0.140503
0.140506
0.140509
0.140511
0.140514
0.140518
0.140521
0.140524
0.140526
0.140531
0.140497
0.140499
0.140502
0.140506
0.14051
0.140514
0.140519
0.140523
0.140528
0.140532
0.140536
0.14054
0.140544
0.140548
0.140552
0.140556
0.140559
0.140563
0.140566
0.14057
0.140573
0.140576
0.140579
0.140582
0.140584
0.140586
0.140589
0.140591
0.140592
0.140594
0.140596
0.140597
0.140598
0.140599
0.1406
0.140599
0.1406
0.140594
0.140601
0.140495
0.140494
0.140492
0.140488
0.140484
0.140481
0.140478
0.140475
0.140474
0.140474
0.140475
0.140475
0.140476
0.140477
0.140478
0.140479
0.14048
0.140481
0.140482
0.140483
0.140485
0.140486
0.140488
0.140489
0.140491
0.140494
0.140496
0.140498
0.140501
0.140503
0.140506
0.140509
0.140513
0.140516
0.14052
0.140524
0.140528
0.140531
0.140538
0.140494
0.140496
0.140499
0.140504
0.140508
0.140513
0.140517
0.140522
0.140527
0.140532
0.140536
0.14054
0.140545
0.140549
0.140553
0.140557
0.140561
0.140565
0.140569
0.140572
0.140576
0.14058
0.140583
0.140586
0.140589
0.140592
0.140594
0.140597
0.1406
0.140602
0.140604
0.140607
0.140609
0.140611
0.140613
0.140614
0.140616
0.140612
0.140622
0.140492
0.140491
0.140489
0.140485
0.140481
0.140477
0.140474
0.140472
0.140471
0.140471
0.140472
0.140472
0.140473
0.140474
0.140476
0.140477
0.140478
0.140479
0.14048
0.140481
0.140482
0.140484
0.140485
0.140487
0.140489
0.140492
0.140494
0.140497
0.140499
0.140502
0.140505
0.140509
0.140512
0.140516
0.14052
0.140525
0.14053
0.140534
0.140541
0.140491
0.140494
0.140497
0.140501
0.140506
0.140511
0.140516
0.140521
0.140526
0.140531
0.140535
0.14054
0.140544
0.140549
0.140553
0.140558
0.140562
0.140566
0.14057
0.140574
0.140578
0.140582
0.140586
0.14059
0.140593
0.140596
0.140599
0.140602
0.140605
0.140608
0.140611
0.140614
0.140617
0.14062
0.140623
0.140626
0.14063
0.140628
0.140639
0.140489
0.140487
0.140485
0.140481
0.140477
0.140473
0.14047
0.140468
0.140467
0.140467
0.140468
0.140469
0.14047
0.140471
0.140472
0.140473
0.140474
0.140476
0.140477
0.140478
0.140479
0.140481
0.140482
0.140484
0.140486
0.140489
0.140491
0.140494
0.140497
0.1405
0.140503
0.140507
0.14051
0.140515
0.140519
0.140524
0.14053
0.140534
0.140543
0.140488
0.14049
0.140494
0.140499
0.140503
0.140508
0.140514
0.140519
0.140524
0.140529
0.140534
0.140539
0.140544
0.140548
0.140553
0.140558
0.140562
0.140567
0.140571
0.140576
0.14058
0.140584
0.140589
0.140593
0.140596
0.1406
0.140603
0.140607
0.14061
0.140614
0.140617
0.140621
0.140625
0.140629
0.140632
0.140636
0.140641
0.140641
0.140653
0.140485
0.140484
0.140481
0.140477
0.140472
0.140468
0.140465
0.140463
0.140463
0.140463
0.140464
0.140465
0.140466
0.140467
0.140468
0.140469
0.14047
0.140471
0.140473
0.140474
0.140475
0.140477
0.140478
0.14048
0.140482
0.140485
0.140487
0.14049
0.140493
0.140496
0.140499
0.140503
0.140507
0.140512
0.140516
0.140521
0.140527
0.140533
0.140542
0.140484
0.140487
0.14049
0.140495
0.1405
0.140506
0.140511
0.140517
0.140522
0.140527
0.140532
0.140538
0.140543
0.140547
0.140552
0.140557
0.140562
0.140567
0.140572
0.140576
0.140581
0.140586
0.14059
0.140595
0.140599
0.140602
0.140606
0.14061
0.140614
0.140618
0.140622
0.140627
0.140631
0.140635
0.14064
0.140644
0.140651
0.140652
0.140664
0.140481
0.140479
0.140477
0.140472
0.140467
0.140463
0.14046
0.140459
0.140458
0.140458
0.140459
0.14046
0.140461
0.140462
0.140463
0.140464
0.140465
0.140467
0.140468
0.140469
0.14047
0.140472
0.140473
0.140475
0.140477
0.14048
0.140482
0.140485
0.140488
0.140491
0.140495
0.140499
0.140503
0.140507
0.140512
0.140518
0.140524
0.14053
0.140539
0.14048
0.140483
0.140487
0.140492
0.140497
0.140502
0.140508
0.140514
0.140519
0.140525
0.14053
0.140536
0.140541
0.140546
0.140551
0.140556
0.140561
0.140566
0.140571
0.140576
0.140581
0.140586
0.140591
0.140596
0.1406
0.140605
0.140609
0.140613
0.140617
0.140622
0.140626
0.140631
0.140636
0.140641
0.140646
0.140651
0.140658
0.140661
0.140673
0.140477
0.140475
0.140472
0.140467
0.140462
0.140458
0.140455
0.140453
0.140453
0.140453
0.140454
0.140454
0.140455
0.140456
0.140458
0.140459
0.14046
0.140461
0.140462
0.140463
0.140464
0.140466
0.140467
0.140469
0.140472
0.140474
0.140477
0.140479
0.140482
0.140486
0.140489
0.140493
0.140497
0.140502
0.140507
0.140513
0.140519
0.140525
0.140535
0.140475
0.140478
0.140483
0.140488
0.140493
0.140499
0.140505
0.140511
0.140516
0.140522
0.140528
0.140533
0.140538
0.140544
0.140549
0.140554
0.14056
0.140565
0.14057
0.140576
0.140581
0.140587
0.140592
0.140597
0.140601
0.140606
0.14061
0.140615
0.14062
0.140625
0.14063
0.140635
0.14064
0.140646
0.140651
0.140657
0.140665
0.140669
0.140681
0.140472
0.14047
0.140467
0.140462
0.140457
0.140452
0.140449
0.140448
0.140447
0.140447
0.140448
0.140448
0.140449
0.14045
0.140451
0.140452
0.140453
0.140454
0.140455
0.140457
0.140458
0.140459
0.140461
0.140463
0.140465
0.140467
0.14047
0.140473
0.140476
0.140479
0.140483
0.140487
0.140491
0.140496
0.140501
0.140507
0.140513
0.140519
0.140529
0.14047
0.140473
0.140478
0.140484
0.140489
0.140495
0.140501
0.140507
0.140513
0.140519
0.140524
0.14053
0.140536
0.140541
0.140547
0.140552
0.140558
0.140563
0.140569
0.140575
0.14058
0.140586
0.140592
0.140597
0.140602
0.140607
0.140612
0.140616
0.140622
0.140627
0.140632
0.140638
0.140643
0.140649
0.140656
0.140662
0.14067
0.140675
0.140688
0.140467
0.140464
0.140461
0.140456
0.140451
0.140446
0.140443
0.140442
0.140441
0.140441
0.140441
0.140442
0.140442
0.140443
0.140444
0.140445
0.140446
0.140447
0.140448
0.140449
0.14045
0.140452
0.140454
0.140455
0.140458
0.14046
0.140463
0.140466
0.140469
0.140472
0.140476
0.14048
0.140484
0.140489
0.140494
0.1405
0.140506
0.140513
0.140522
0.140465
0.140468
0.140473
0.140479
0.140484
0.140491
0.140497
0.140503
0.140509
0.140515
0.140521
0.140527
0.140532
0.140538
0.140544
0.140549
0.140555
0.140561
0.140567
0.140573
0.140579
0.140585
0.140591
0.140596
0.140602
0.140607
0.140612
0.140617
0.140623
0.140628
0.140634
0.14064
0.140646
0.140652
0.140659
0.140666
0.140674
0.14068
0.140693
0.140461
0.140459
0.140455
0.14045
0.140444
0.14044
0.140437
0.140435
0.140434
0.140434
0.140434
0.140434
0.140435
0.140435
0.140436
0.140437
0.140438
0.140439
0.14044
0.140441
0.140442
0.140444
0.140446
0.140447
0.14045
0.140452
0.140455
0.140458
0.140461
0.140464
0.140468
0.140472
0.140476
0.140481
0.140486
0.140492
0.140499
0.140505
0.140515
0.140459
0.140463
0.140468
0.140474
0.140479
0.140486
0.140492
0.140498
0.140504
0.140511
0.140516
0.140522
0.140528
0.140534
0.14054
0.140546
0.140552
0.140558
0.140564
0.140571
0.140577
0.140583
0.140589
0.140595
0.140601
0.140606
0.140612
0.140617
0.140623
0.140629
0.140635
0.140641
0.140647
0.140654
0.140661
0.140669
0.140678
0.140685
0.140698
0.140455
0.140452
0.140449
0.140443
0.140437
0.140433
0.14043
0.140428
0.140427
0.140426
0.140426
0.140426
0.140426
0.140427
0.140428
0.140429
0.14043
0.140431
0.140432
0.140433
0.140434
0.140435
0.140437
0.140439
0.140441
0.140444
0.140446
0.140449
0.140452
0.140456
0.140459
0.140463
0.140468
0.140473
0.140478
0.140483
0.14049
0.140497
0.140506
0.140453
0.140457
0.140462
0.140468
0.140474
0.14048
0.140487
0.140493
0.140499
0.140506
0.140512
0.140518
0.140524
0.14053
0.140536
0.140542
0.140548
0.140554
0.140561
0.140567
0.140574
0.140581
0.140587
0.140593
0.140599
0.140605
0.140611
0.140616
0.140622
0.140629
0.140635
0.140642
0.140648
0.140656
0.140663
0.140671
0.14068
0.140688
0.140701
0.140449
0.140446
0.140442
0.140436
0.14043
0.140425
0.140422
0.14042
0.140419
0.140418
0.140417
0.140417
0.140417
0.140418
0.140419
0.140419
0.14042
0.140421
0.140422
0.140424
0.140425
0.140426
0.140428
0.14043
0.140432
0.140434
0.140437
0.14044
0.140443
0.140446
0.14045
0.140454
0.140458
0.140463
0.140468
0.140474
0.140481
0.140487
0.140497
0.140446
0.14045
0.140456
0.140462
0.140468
0.140475
0.140481
0.140487
0.140494
0.1405
0.140506
0.140512
0.140518
0.140524
0.140531
0.140537
0.140543
0.14055
0.140557
0.140564
0.140571
0.140578
0.140584
0.140591
0.140597
0.140603
0.140609
0.140615
0.140621
0.140628
0.140635
0.140641
0.140649
0.140656
0.140664
0.140672
0.140682
0.14069
0.140704
0.140442
0.140439
0.140435
0.140429
0.140422
0.140418
0.140415
0.140412
0.14041
0.140409
0.140408
0.140408
0.140408
0.140408
0.140409
0.14041
0.140411
0.140412
0.140413
0.140414
0.140415
0.140416
0.140418
0.14042
0.140422
0.140424
0.140427
0.14043
0.140433
0.140436
0.14044
0.140444
0.140448
0.140453
0.140458
0.140463
0.14047
0.140477
0.140486
0.140439
0.140443
0.140449
0.140455
0.140462
0.140468
0.140475
0.140481
0.140487
0.140494
0.1405
0.140506
0.140512
0.140519
0.140525
0.140531
0.140538
0.140545
0.140552
0.140559
0.140566
0.140574
0.140581
0.140587
0.140594
0.1406
0.140606
0.140613
0.140619
0.140626
0.140633
0.14064
0.140648
0.140656
0.140664
0.140673
0.140683
0.140692
0.140705
0.140435
0.140432
0.140428
0.140421
0.140414
0.14041
0.140406
0.140404
0.140401
0.140399
0.140398
0.140398
0.140398
0.140398
0.140399
0.1404
0.1404
0.140401
0.140402
0.140403
0.140404
0.140406
0.140407
0.140409
0.140411
0.140413
0.140416
0.140419
0.140422
0.140425
0.140428
0.140432
0.140436
0.140441
0.140446
0.140452
0.140458
0.140465
0.140474
0.140432
0.140436
0.140442
0.140448
0.140455
0.140461
0.140468
0.140474
0.14048
0.140487
0.140493
0.140499
0.140505
0.140512
0.140518
0.140525
0.140532
0.140539
0.140546
0.140554
0.140561
0.140569
0.140576
0.140583
0.14059
0.140596
0.140603
0.14061
0.140617
0.140624
0.140631
0.140639
0.140646
0.140655
0.140663
0.140672
0.140683
0.140692
0.140706
0.140427
0.140424
0.14042
0.140413
0.140406
0.140401
0.140398
0.140394
0.140391
0.140389
0.140388
0.140387
0.140387
0.140387
0.140388
0.140389
0.140389
0.14039
0.140391
0.140392
0.140393
0.140394
0.140396
0.140397
0.140399
0.140401
0.140404
0.140406
0.140409
0.140412
0.140416
0.140419
0.140423
0.140428
0.140433
0.140438
0.140445
0.140451
0.14046
0.140424
0.140428
0.140434
0.140441
0.140447
0.140454
0.14046
0.140466
0.140473
0.140479
0.140485
0.140492
0.140498
0.140504
0.140511
0.140518
0.140525
0.140532
0.14054
0.140547
0.140555
0.140563
0.140571
0.140578
0.140585
0.140592
0.140599
0.140606
0.140613
0.14062
0.140628
0.140636
0.140644
0.140653
0.140662
0.140671
0.140682
0.140692
0.140706
0.140419
0.140416
0.140411
0.140404
0.140397
0.140392
0.140388
0.140384
0.140381
0.140378
0.140377
0.140376
0.140376
0.140376
0.140376
0.140377
0.140378
0.140378
0.140379
0.14038
0.140381
0.140382
0.140383
0.140384
0.140386
0.140388
0.14039
0.140393
0.140396
0.140399
0.140402
0.140406
0.14041
0.140414
0.140419
0.140424
0.14043
0.140436
0.140445
0.140415
0.14042
0.140426
0.140433
0.140439
0.140445
0.140452
0.140458
0.140464
0.14047
0.140477
0.140483
0.140489
0.140496
0.140503
0.14051
0.140517
0.140524
0.140532
0.14054
0.140548
0.140556
0.140564
0.140572
0.140579
0.140586
0.140593
0.140601
0.140608
0.140616
0.140624
0.140632
0.140641
0.14065
0.140659
0.140669
0.14068
0.140691
0.140705
0.140411
0.140407
0.140402
0.140395
0.140388
0.140383
0.140379
0.140374
0.14037
0.140367
0.140365
0.140364
0.140364
0.140364
0.140364
0.140364
0.140365
0.140365
0.140366
0.140367
0.140367
0.140368
0.140369
0.140371
0.140372
0.140374
0.140376
0.140379
0.140382
0.140384
0.140388
0.140391
0.140395
0.140399
0.140404
0.140409
0.140415
0.140421
0.14043
0.140406
0.140411
0.140417
0.140424
0.14043
0.140436
0.140443
0.140449
0.140455
0.140461
0.140467
0.140474
0.14048
0.140487
0.140494
0.140501
0.140508
0.140516
0.140524
0.140532
0.14054
0.140549
0.140557
0.140565
0.140572
0.14058
0.140587
0.140595
0.140603
0.140611
0.140619
0.140627
0.140636
0.140645
0.140655
0.140665
0.140677
0.140688
0.140703
0.140402
0.140398
0.140393
0.140385
0.140378
0.140373
0.140368
0.140363
0.140358
0.140355
0.140353
0.140352
0.140351
0.140351
0.140351
0.140351
0.140351
0.140352
0.140352
0.140353
0.140353
0.140354
0.140355
0.140356
0.140358
0.14036
0.140362
0.140365
0.140367
0.14037
0.140374
0.140377
0.140381
0.140385
0.14039
0.140395
0.1404
0.140406
0.140415
0.140397
0.140402
0.140408
0.140414
0.140421
0.140427
0.140433
0.140439
0.140445
0.140451
0.140457
0.140463
0.14047
0.140477
0.140483
0.140491
0.140498
0.140506
0.140514
0.140523
0.140531
0.14054
0.140549
0.140557
0.140565
0.140572
0.14058
0.140588
0.140596
0.140604
0.140613
0.140622
0.140631
0.14064
0.14065
0.140661
0.140673
0.140685
0.140699
0.140392
0.140388
0.140383
0.140375
0.140368
0.140363
0.140357
0.140351
0.140346
0.140343
0.140341
0.140339
0.140338
0.140337
0.140337
0.140337
0.140337
0.140337
0.140338
0.140338
0.140339
0.14034
0.140341
0.140342
0.140344
0.140346
0.140349
0.140351
0.140354
0.140357
0.14036
0.140364
0.140368
0.140372
0.140377
0.140381
0.140387
0.140393
0.140401
0.140387
0.140392
0.140398
0.140404
0.14041
0.140416
0.140422
0.140428
0.140434
0.14044
0.140446
0.140452
0.140459
0.140465
0.140472
0.140479
0.140487
0.140495
0.140503
0.140512
0.140521
0.14053
0.140539
0.140548
0.140556
0.140563
0.140571
0.14058
0.140588
0.140597
0.140606
0.140615
0.140624
0.140634
0.140644
0.140655
0.140667
0.14068
0.140695
0.140382
0.140378
0.140372
0.140364
0.140357
0.140352
0.140345
0.140339
0.140334
0.14033
0.140327
0.140325
0.140324
0.140323
0.140322
0.140322
0.140322
0.140323
0.140323
0.140324
0.140325
0.140326
0.140327
0.140329
0.140331
0.140333
0.140336
0.140339
0.140342
0.140345
0.140348
0.140352
0.140356
0.14036
0.140364
0.140369
0.140375
0.140381
0.140388
0.140376
0.140381
0.140387
0.140393
0.140399
0.140405
0.140411
0.140416
0.140422
0.140428
0.140434
0.14044
0.140446
0.140453
0.14046
0.140467
0.140475
0.140483
0.140491
0.1405
0.140509
0.140519
0.140528
0.140537
0.140545
0.140553
0.140561
0.14057
0.140579
0.140588
0.140597
0.140606
0.140616
0.140626
0.140637
0.140648
0.140661
0.140674
0.140689
0.140371
0.140367
0.140361
0.140353
0.140346
0.14034
0.140333
0.140326
0.140321
0.140317
0.140313
0.140311
0.140309
0.140308
0.140308
0.140308
0.140308
0.140309
0.14031
0.140311
0.140312
0.140313
0.140314
0.140316
0.140318
0.140321
0.140324
0.140326
0.140329
0.140333
0.140336
0.14034
0.140344
0.140348
0.140352
0.140357
0.140363
0.140368
0.140376
0.140364
0.14037
0.140376
0.140382
0.140387
0.140393
0.140398
0.140404
0.140409
0.140415
0.14042
0.140426
0.140433
0.140439
0.140446
0.140454
0.140461
0.140469
0.140478
0.140486
0.140496
0.140505
0.140514
0.140524
0.140532
0.140541
0.140549
0.140558
0.140567
0.140576
0.140586
0.140596
0.140606
0.140617
0.140628
0.14064
0.140653
0.140666
0.140682
0.14036
0.140355
0.14035
0.140341
0.140334
0.140328
0.14032
0.140313
0.140308
0.140303
0.140299
0.140296
0.140294
0.140294
0.140294
0.140294
0.140295
0.140296
0.140297
0.140298
0.140299
0.1403
0.140302
0.140304
0.140306
0.140308
0.140311
0.140313
0.140316
0.140319
0.140323
0.140326
0.14033
0.140334
0.140339
0.140343
0.140349
0.140355
0.140362
0.140352
0.140358
0.140363
0.140369
0.140374
0.14038
0.140385
0.14039
0.140395
0.140401
0.140406
0.140412
0.140418
0.140425
0.140431
0.140438
0.140446
0.140454
0.140462
0.140471
0.14048
0.14049
0.140499
0.140508
0.140517
0.140526
0.140535
0.140544
0.140553
0.140563
0.140573
0.140583
0.140594
0.140605
0.140617
0.140629
0.140642
0.140657
0.140673
0.140347
0.140343
0.140337
0.140329
0.140322
0.140315
0.140307
0.1403
0.140294
0.140288
0.140284
0.140281
0.14028
0.14028
0.14028
0.140281
0.140282
0.140283
0.140283
0.140284
0.140286
0.140287
0.140288
0.14029
0.140292
0.140294
0.140296
0.140299
0.140301
0.140304
0.140307
0.140311
0.140314
0.140318
0.140323
0.140327
0.140332
0.140338
0.140345
0.14034
0.140345
0.14035
0.140356
0.140361
0.140366
0.140371
0.140375
0.14038
0.140385
0.140391
0.140396
0.140402
0.140408
0.140415
0.140421
0.140429
0.140437
0.140445
0.140454
0.140463
0.140473
0.140483
0.140492
0.140501
0.14051
0.140519
0.140528
0.140537
0.140547
0.140557
0.140568
0.140579
0.14059
0.140602
0.140615
0.140629
0.140644
0.140661
0.140335
0.14033
0.140324
0.140316
0.140309
0.140302
0.140293
0.140286
0.140279
0.140273
0.140269
0.140267
0.140266
0.140266
0.140266
0.140267
0.140268
0.140268
0.140269
0.14027
0.140271
0.140272
0.140273
0.140274
0.140276
0.140278
0.14028
0.140282
0.140284
0.140287
0.14029
0.140293
0.140296
0.1403
0.140304
0.140308
0.140313
0.140319
0.140326
0.140326
0.140331
0.140336
0.140342
0.140346
0.140351
0.140355
0.14036
0.140364
0.140369
0.140374
0.140379
0.140385
0.140391
0.140397
0.140404
0.140411
0.140419
0.140427
0.140436
0.140446
0.140456
0.140466
0.140475
0.140484
0.140493
0.140502
0.140511
0.140521
0.140531
0.140541
0.140551
0.140562
0.140574
0.140586
0.140599
0.140614
0.140629
0.140647
0.140321
0.140317
0.140311
0.140302
0.140296
0.140288
0.140279
0.140271
0.140264
0.140258
0.140254
0.140253
0.140252
0.140252
0.140252
0.140252
0.140252
0.140253
0.140253
0.140254
0.140254
0.140255
0.140255
0.140256
0.140258
0.140259
0.140261
0.140263
0.140265
0.140267
0.14027
0.140272
0.140275
0.140279
0.140282
0.140287
0.140291
0.140296
0.140303
0.140311
0.140316
0.140322
0.140326
0.140331
0.140335
0.140339
0.140343
0.140347
0.140352
0.140357
0.140361
0.140366
0.140372
0.140378
0.140385
0.140393
0.140401
0.140409
0.140418
0.140428
0.140438
0.140448
0.140457
0.140466
0.140475
0.140484
0.140494
0.140503
0.140513
0.140524
0.140534
0.140545
0.140556
0.140568
0.140581
0.140596
0.140611
0.140629
0.140307
0.140302
0.140296
0.140288
0.140282
0.140273
0.140264
0.140256
0.140248
0.140243
0.14024
0.140238
0.140237
0.140236
0.140236
0.140235
0.140235
0.140235
0.140235
0.140235
0.140236
0.140236
0.140236
0.140237
0.140238
0.140239
0.14024
0.140242
0.140244
0.140246
0.140248
0.14025
0.140253
0.140256
0.14026
0.140264
0.140268
0.140273
0.140279
0.140296
0.140301
0.140306
0.14031
0.140314
0.140318
0.140322
0.140326
0.140329
0.140334
0.140338
0.140342
0.140347
0.140353
0.140359
0.140366
0.140373
0.140381
0.14039
0.140399
0.140409
0.140419
0.140429
0.140439
0.140448
0.140457
0.140466
0.140476
0.140486
0.140496
0.140506
0.140517
0.140528
0.140539
0.140551
0.140564
0.140578
0.140594
0.140611
0.140291
0.140287
0.140281
0.140273
0.140267
0.140258
0.140249
0.140241
0.140233
0.140228
0.140225
0.140222
0.140221
0.140219
0.140218
0.140217
0.140217
0.140216
0.140216
0.140216
0.140216
0.140216
0.140216
0.140216
0.140216
0.140217
0.140218
0.140219
0.140221
0.140223
0.140225
0.140227
0.140229
0.140232
0.140235
0.140239
0.140243
0.140248
0.140254
0.140282
0.140287
0.140291
0.140295
0.140298
0.140301
0.140304
0.140307
0.14031
0.140312
0.140316
0.140321
0.140327
0.140333
0.14034
0.140347
0.140354
0.140362
0.140371
0.14038
0.14039
0.1404
0.14041
0.14042
0.14043
0.140439
0.140449
0.140458
0.140469
0.140479
0.14049
0.140501
0.140512
0.140524
0.140536
0.140549
0.140563
0.140578
0.140595
0.140278
0.140274
0.140268
0.14026
0.140253
0.140243
0.140234
0.140224
0.140217
0.140212
0.140209
0.140207
0.140205
0.140203
0.140201
0.1402
0.140199
0.140199
0.140198
0.140198
0.140197
0.140197
0.140197
0.140197
0.140197
0.140197
0.140198
0.140199
0.1402
0.140201
0.140203
0.140205
0.140207
0.14021
0.140212
0.140215
0.140219
0.140223
0.140229
0.14027
0.140274
0.140278
0.140281
0.140284
0.140285
0.140287
0.140287
0.140288
0.140287
0.140291
0.140297
0.140304
0.140312
0.140319
0.140327
0.140335
0.140344
0.140353
0.140362
0.140372
0.140383
0.140393
0.140403
0.140413
0.140422
0.140431
0.140441
0.140451
0.140462
0.140473
0.140484
0.140495
0.140507
0.14052
0.140533
0.140547
0.140563
0.14058
0.140266
0.140261
0.140255
0.140247
0.140239
0.140228
0.140217
0.140204
0.140199
0.140195
0.140193
0.140191
0.140189
0.140187
0.140186
0.140184
0.140183
0.140183
0.140182
0.140181
0.140181
0.140181
0.14018
0.14018
0.14018
0.14018
0.140181
0.140181
0.140182
0.140183
0.140184
0.140186
0.140188
0.14019
0.140192
0.140195
0.140198
0.140201
0.140206
0.140257
0.140261
0.140264
0.140266
0.140268
0.140268
0.140268
0.140266
0.140265
0.14026
0.140264
0.140271
0.14028
0.140288
0.140297
0.140306
0.140315
0.140324
0.140334
0.140344
0.140354
0.140364
0.140375
0.140385
0.140394
0.140404
0.140413
0.140423
0.140433
0.140443
0.140454
0.140465
0.140476
0.140488
0.1405
0.140513
0.140528
0.140544
0.140561
0.140253
0.140248
0.140242
0.140233
0.140224
0.140212
0.1402
0.140184
0.14018
0.140177
0.140176
0.140174
0.140172
0.14017
0.140169
0.140167
0.140166
0.140165
0.140165
0.140164
0.140163
0.140163
0.140162
0.140162
0.140162
0.140162
0.140162
0.140162
0.140163
0.140164
0.140165
0.140166
0.140167
0.140169
0.140171
0.140173
0.140175
0.140178
0.140182
0.140242
0.140246
0.140248
0.14025
0.14025
0.140249
0.140247
0.140243
0.14024
0.140231
0.140235
0.140244
0.140254
0.140264
0.140274
0.140283
0.140293
0.140303
0.140313
0.140324
0.140334
0.140345
0.140356
0.140366
0.140375
0.140384
0.140394
0.140403
0.140413
0.140423
0.140434
0.140444
0.140455
0.140467
0.140479
0.140491
0.140506
0.140521
0.140539
0.140238
0.140234
0.140227
0.140218
0.140208
0.140195
0.140182
0.140164
0.14016
0.140158
0.140157
0.140155
0.140153
0.140152
0.14015
0.140149
0.140148
0.140147
0.140146
0.140145
0.140144
0.140143
0.140143
0.140142
0.140142
0.140141
0.140141
0.140141
0.140141
0.140141
0.140142
0.140142
0.140143
0.140144
0.140146
0.140147
0.140149
0.140151
0.140155
0.140226
0.140229
0.140231
0.140231
0.14023
0.140228
0.140224
0.140219
0.140214
0.140202
0.140206
0.140216
0.140227
0.140239
0.140249
0.14026
0.14027
0.140281
0.140291
0.140302
0.140313
0.140324
0.140335
0.140345
0.140354
0.140364
0.140373
0.140382
0.140392
0.140402
0.140412
0.140422
0.140433
0.140444
0.140456
0.140468
0.140482
0.140497
0.140514
0.140222
0.140218
0.140211
0.140202
0.140191
0.140177
0.140163
0.140143
0.140139
0.140138
0.140137
0.140136
0.140134
0.140132
0.14013
0.140129
0.140127
0.140126
0.140125
0.140124
0.140123
0.140122
0.140121
0.14012
0.140119
0.140118
0.140117
0.140117
0.140116
0.140116
0.140115
0.140115
0.140115
0.140116
0.140116
0.140117
0.140118
0.140119
0.140121
0.140208
0.140211
0.140212
0.140211
0.140209
0.140205
0.1402
0.140193
0.140186
0.140172
0.140176
0.140187
0.1402
0.140212
0.140224
0.140236
0.140247
0.140258
0.140269
0.14028
0.140291
0.140302
0.140313
0.140323
0.140332
0.140341
0.14035
0.14036
0.14037
0.140379
0.140389
0.140399
0.140409
0.14042
0.140431
0.140443
0.140456
0.140471
0.140487
0.140205
0.1402
0.140194
0.140184
0.140173
0.140158
0.140143
0.140121
0.140118
0.140117
0.140116
0.140115
0.140113
0.140111
0.140109
0.140107
0.140105
0.140104
0.140103
0.140101
0.1401
0.140098
0.140097
0.140095
0.140093
0.140092
0.14009
0.140089
0.140087
0.140086
0.140085
0.140084
0.140083
0.140082
0.140082
0.140081
0.140081
0.140081
0.140082
0.140189
0.140191
0.140191
0.140189
0.140186
0.140181
0.140175
0.140166
0.140157
0.140142
0.140146
0.140158
0.140172
0.140186
0.140198
0.14021
0.140222
0.140233
0.140245
0.140256
0.140267
0.140278
0.140289
0.140299
0.140309
0.140318
0.140326
0.140336
0.140345
0.140354
0.140364
0.140374
0.140384
0.140394
0.140405
0.140416
0.140429
0.140443
0.140458
0.140185
0.140181
0.140174
0.140165
0.140153
0.140138
0.140122
0.140099
0.140096
0.140095
0.140095
0.140093
0.140091
0.140088
0.140086
0.140084
0.140082
0.14008
0.140078
0.140076
0.140074
0.140073
0.140071
0.140068
0.140066
0.140064
0.140062
0.14006
0.140058
0.140056
0.140055
0.140054
0.140052
0.140051
0.14005
0.140049
0.140048
0.140047
0.140046
0.140167
0.140168
0.140168
0.140166
0.140162
0.140155
0.140148
0.140138
0.140129
0.140113
0.140118
0.14013
0.140145
0.140159
0.140172
0.140184
0.140196
0.140208
0.14022
0.140231
0.140242
0.140253
0.140264
0.140274
0.140283
0.140292
0.140301
0.14031
0.140319
0.140328
0.140337
0.140346
0.140356
0.140366
0.140376
0.140387
0.140399
0.140412
0.140427
0.140164
0.14016
0.140153
0.140144
0.140133
0.140117
0.140101
0.140078
0.140075
0.140074
0.140073
0.140071
0.140068
0.140065
0.140063
0.14006
0.140058
0.140056
0.140055
0.140053
0.140051
0.14005
0.140049
0.140047
0.140046
0.140045
0.140045
0.140045
0.140045
0.140045
0.140046
0.140046
0.140047
0.140047
0.140048
0.140049
0.14005
0.140052
0.140053
0.140143
0.140144
0.140143
0.14014
0.140135
0.140128
0.14012
0.140111
0.140101
0.140085
0.14009
0.140103
0.140117
0.140132
0.140145
0.140157
0.14017
0.140181
0.140193
0.140204
0.140215
0.140226
0.140237
0.140247
0.140256
0.140264
0.140273
0.140281
0.140291
0.140299
0.140308
0.140317
0.140326
0.140335
0.140345
0.140356
0.140367
0.140379
0.140393
0.14014
0.140137
0.140131
0.140122
0.140111
0.140096
0.140081
0.140058
0.140054
0.140053
0.140052
0.14005
0.140048
0.140046
0.140045
0.140044
0.140044
0.140044
0.140045
0.140046
0.140047
0.140049
0.140051
0.140055
0.14006
0.140065
0.140071
0.140078
0.140085
0.140093
0.140102
0.14011
0.140119
0.140129
0.140139
0.140149
0.14016
0.140174
0.140184
0.140116
0.140117
0.140115
0.140112
0.140107
0.1401
0.140092
0.140083
0.140074
0.14006
0.140064
0.140076
0.14009
0.140104
0.140117
0.14013
0.140142
0.140153
0.140165
0.140176
0.140187
0.140198
0.140208
0.140217
0.140226
0.140234
0.140243
0.140251
0.14026
0.140268
0.140276
0.140285
0.140294
0.140303
0.140312
0.140322
0.140333
0.140344
0.140357
0.140114
0.140111
0.140106
0.140098
0.140087
0.140074
0.14006
0.140039
0.140035
0.140034
0.140035
0.140036
0.140039
0.140043
0.140048
0.140054
0.140061
0.140069
0.140076
0.140084
0.140093
0.140103
0.140115
0.14013
0.140146
0.140164
0.140183
0.140203
0.140223
0.140244
0.140265
0.140287
0.140308
0.140331
0.140354
0.140378
0.140403
0.140433
0.140459
0.140087
0.140087
0.140085
0.140082
0.140078
0.140072
0.140065
0.140057
0.140049
0.140037
0.140041
0.140052
0.140065
0.140078
0.14009
0.140102
0.140113
0.140124
0.140135
0.140145
0.140155
0.140165
0.140175
0.140184
0.140192
0.140199
0.140207
0.140214
0.140223
0.14023
0.140237
0.140245
0.140253
0.140261
0.140269
0.140278
0.140288
0.140299
0.14031
0.140085
0.140083
0.140079
0.140072
0.140063
0.140053
0.140041
0.140023
0.14002
0.140023
0.140031
0.140044
0.140061
0.14008
0.1401
0.140121
0.140141
0.14016
0.140179
0.140198
0.140217
0.140238
0.140261
0.140288
0.140318
0.140349
0.14038
0.140411
0.140442
0.140473
0.140503
0.140533
0.140562
0.140591
0.14062
0.14065
0.140681
0.140715
0.140747
0.140054
0.140054
0.140053
0.140051
0.140047
0.140043
0.140038
0.140032
0.140027
0.140018
0.140022
0.140031
0.140044
0.140056
0.140068
0.14008
0.140091
0.140102
0.140113
0.140124
0.140135
0.140145
0.140155
0.140164
0.140172
0.14018
0.140188
0.140195
0.140203
0.14021
0.140218
0.140225
0.140233
0.140241
0.140249
0.140257
0.140267
0.140277
0.140288
0.140054
0.140052
0.140049
0.140044
0.140039
0.140031
0.140023
0.140011
0.140011
0.140025
0.140051
0.140085
0.140123
0.140161
0.140196
0.140229
0.140258
0.140285
0.140309
0.140333
0.140356
0.140379
0.140405
0.140433
0.140462
0.14049
0.140516
0.140541
0.140565
0.140586
0.140606
0.140625
0.140641
0.140656
0.14067
0.140683
0.140694
0.140704
0.140712
0.140019
0.140019
0.140018
0.140017
0.140016
0.140014
0.140012
0.14001
0.140008
0.140004
0.140006
0.14001
0.140017
0.140024
0.140031
0.140038
0.140046
0.140054
0.140063
0.140071
0.14008
0.140088
0.140096
0.140103
0.14011
0.140116
0.140123
0.140129
0.140136
0.140141
0.140147
0.140153
0.140159
0.140165
0.140172
0.140178
0.140186
0.140193
0.140202
0.140018
0.140018
0.140017
0.140015
0.140013
0.14001
0.140007
0.140002
0.140008
0.140031
0.140064
0.140101
0.140134
0.140163
0.140187
0.140207
0.140223
0.140236
0.140248
0.140258
0.140266
0.140275
0.140283
0.14029
0.140296
0.140301
0.140304
0.140305
0.140305
0.140303
0.1403
0.140295
0.14029
0.140283
0.140275
0.140265
0.140253
0.140239
0.140224
0.125074
0.140413
0.171603
0.197192
0.209371
0.209347
0.198768
0.179557
0.155414
0.132403
0.11664
0.109483
0.108724
0.111394
0.115171
0.11901
0.122467
0.125401
0.127829
0.129853
0.131543
0.132932
0.134075
0.135019
0.135807
0.136479
0.137062
0.137575
0.138031
0.138435
0.13879
0.139096
0.139359
0.139583
0.139781
0.139961
0.140128
0.140277
0.140396
0.140482
0.140542
0.14058
0.140605
0.140625
0.140644
0.140663
0.140675
0.140684
0.140692
0.140698
0.140703
0.140707
0.14071
0.140713
0.140714
0.140714
0.140713
0.140712
0.140709
0.140704
0.140699
0.140692
0.140683
0.140672
0.140658
0.14064
0.140622
0.140606
0.140591
0.140572
0.140549
0.140524
0.140497
0.140468
0.140436
0.140401
0.140365
0.140317
0.140295
0.140208
0.110941
0.0847756
0.0675886
0.0616262
0.0630059
0.0695381
0.0789776
0.0885725
0.0972408
0.104708
0.110981
0.116165
0.120401
0.123843
0.126632
0.128897
0.130741
0.132253
0.133498
0.134531
0.135394
0.136119
0.136733
0.137256
0.137704
0.138092
0.138431
0.138732
0.139007
0.139264
0.139514
0.139759
0.139982
0.14017
0.14031
0.140398
0.14045
0.140484
0.140507
0.140523
0.140534
0.140542
0.140546
0.140547
0.140546
0.140544
0.140539
0.140534
0.140527
0.14052
0.140511
0.140502
0.140491
0.140478
0.140464
0.140449
0.140434
0.140418
0.140405
0.140392
0.14038
0.140366
0.140349
0.140329
0.140306
0.140282
0.140256
0.14023
0.140207
0.140183
0.140155
0.140121
0.140081
0.140044
0.140055
0.140197
0.140482
0.140769
0.140715
0.140214
0.15221
0.168833
0.183493
0.207535
0.224964
0.229052
0.220056
0.200358
0.173721
0.146021
0.124351
0.112556
0.109289
0.11092
0.114439
0.118306
0.121866
0.12491
0.127432
0.129524
0.131265
0.132695
0.133849
0.134799
0.135611
0.136306
0.136907
0.137435
0.137906
0.138321
0.138686
0.139004
0.139279
0.139523
0.139736
0.139925
0.140098
0.140252
0.140376
0.140468
0.140533
0.140575
0.140602
0.140624
0.140644
0.140665
0.140678
0.140688
0.140697
0.140704
0.140709
0.140714
0.140717
0.14072
0.140721
0.140722
0.140721
0.140719
0.140716
0.140712
0.140707
0.1407
0.140692
0.14068
0.140666
0.140648
0.14063
0.140614
0.140599
0.14058
0.140557
0.140531
0.140504
0.140474
0.140442
0.140407
0.140371
0.140322
0.140299
0.140211
0.122463
0.0896919
0.0696206
0.0647793
0.0682851
0.0758238
0.0848552
0.0935894
0.101366
0.108033
0.113625
0.118248
0.122033
0.125117
0.127626
0.12967
0.131343
0.132719
0.133858
0.134806
0.135601
0.136272
0.136844
0.137335
0.13776
0.138132
0.138463
0.138762
0.139038
0.1393
0.139556
0.139801
0.140019
0.140198
0.140327
0.140408
0.140457
0.14049
0.140512
0.140528
0.140539
0.140546
0.14055
0.140552
0.140551
0.140548
0.140544
0.140538
0.140531
0.140524
0.140515
0.140505
0.140494
0.140482
0.140467
0.140452
0.140436
0.140421
0.140408
0.140395
0.140383
0.140368
0.140351
0.140331
0.140308
0.140283
0.140257
0.140231
0.140208
0.140183
0.140155
0.14012
0.140079
0.140043
0.140058
0.140208
0.140502
0.140785
0.140716
0.140205
0.155447
0.181027
0.196279
0.209315
0.228291
0.240791
0.240024
0.22536
0.199599
0.168203
0.139043
0.119388
0.111066
0.110557
0.113489
0.117326
0.121014
0.124215
0.126878
0.129075
0.130888
0.132359
0.133552
0.13454
0.135384
0.136107
0.136733
0.137278
0.137767
0.138214
0.138603
0.138936
0.139223
0.139477
0.1397
0.139896
0.140073
0.140231
0.140362
0.140459
0.140529
0.140575
0.140604
0.140627
0.140647
0.140669
0.140684
0.140695
0.140703
0.140711
0.140716
0.140721
0.140725
0.140727
0.140729
0.14073
0.140729
0.140728
0.140725
0.140721
0.140716
0.140709
0.1407
0.140689
0.140675
0.140657
0.140638
0.140622
0.140607
0.140588
0.140564
0.140539
0.140511
0.140481
0.140448
0.140413
0.140376
0.140327
0.140304
0.140215
0.120772
0.0885246
0.0714192
0.0698212
0.0753594
0.08329
0.0915893
0.0992799
0.106031
0.111792
0.116618
0.120614
0.123896
0.126582
0.128779
0.13058
0.132063
0.133289
0.13431
0.135165
0.135886
0.136499
0.137025
0.13748
0.137877
0.13823
0.138547
0.138837
0.139108
0.13937
0.139624
0.139862
0.140069
0.140234
0.14035
0.140423
0.140468
0.140498
0.14052
0.140535
0.140545
0.140552
0.140556
0.140557
0.140556
0.140553
0.140549
0.140543
0.140536
0.140528
0.140519
0.140509
0.140498
0.140485
0.140471
0.140455
0.140439
0.140424
0.140411
0.140398
0.140386
0.140371
0.140353
0.140333
0.140309
0.140284
0.140258
0.140232
0.140208
0.140183
0.140154
0.140119
0.140077
0.140041
0.140062
0.140221
0.140523
0.140802
0.140715
0.140196
0.144411
0.176237
0.199405
0.213615
0.225095
0.240355
0.250081
0.24724
0.230116
0.201287
0.167144
0.136865
0.117975
0.111284
0.112132
0.115747
0.119677
0.123142
0.126032
0.128409
0.130356
0.131918
0.133176
0.134225
0.135116
0.13588
0.136542
0.137128
0.137643
0.138111
0.138519
0.138869
0.139168
0.139432
0.139663
0.139865
0.140047
0.14021
0.140347
0.140451
0.140526
0.140575
0.140608
0.140631
0.140652
0.140674
0.14069
0.140702
0.140711
0.140718
0.140724
0.140729
0.140733
0.140736
0.140738
0.140738
0.140738
0.140737
0.140734
0.14073
0.140725
0.140718
0.140709
0.140698
0.140684
0.140666
0.140647
0.140631
0.140615
0.140596
0.140573
0.140547
0.140518
0.140488
0.140455
0.140419
0.140382
0.140332
0.140309
0.140218
0.110474
0.0846515
0.0746248
0.0767439
0.0833598
0.0909365
0.0982496
0.104837
0.110564
0.115437
0.119523
0.122917
0.125717
0.128023
0.129921
0.131488
0.132787
0.13387
0.134777
0.135542
0.136192
0.136749
0.13723
0.137649
0.13802
0.138351
0.138653
0.138933
0.139198
0.139456
0.139703
0.139931
0.140124
0.140273
0.140375
0.140439
0.14048
0.140508
0.140528
0.140542
0.140552
0.140559
0.140562
0.140563
0.140561
0.140558
0.140554
0.140548
0.140541
0.140533
0.140524
0.140514
0.140502
0.140489
0.140474
0.140458
0.140443
0.140428
0.140414
0.140402
0.140389
0.140374
0.140356
0.140334
0.140311
0.140286
0.140259
0.140232
0.140208
0.140183
0.140154
0.140117
0.140074
0.14004
0.140067
0.140236
0.140545
0.140819
0.140713
0.140186
0.12568
0.15856
0.188837
0.211005
0.224939
0.235461
0.248104
0.256437
0.253243
0.235705
0.205734
0.169945
0.138261
0.118746
0.112198
0.113524
0.117506
0.121492
0.124787
0.127442
0.129599
0.131332
0.132703
0.133831
0.134788
0.135607
0.136328
0.136957
0.137503
0.137991
0.138422
0.138791
0.139106
0.13938
0.139621
0.139831
0.140018
0.140186
0.14033
0.140441
0.140522
0.140576
0.140611
0.140636
0.140657
0.140679
0.140697
0.140709
0.140719
0.140726
0.140733
0.140738
0.140742
0.140745
0.140747
0.140748
0.140747
0.140746
0.140743
0.14074
0.140734
0.140728
0.140719
0.140708
0.140694
0.140676
0.140656
0.14064
0.140624
0.140605
0.140581
0.140555
0.140526
0.140496
0.140462
0.140426
0.140388
0.140338
0.140315
0.140222
0.0981453
0.0827252
0.0802876
0.0849525
0.0916118
0.0983387
0.104542
0.110036
0.114787
0.11883
0.12223
0.125068
0.127425
0.12938
0.131003
0.132354
0.133483
0.134432
0.135234
0.135915
0.136499
0.137002
0.137441
0.137828
0.138173
0.138485
0.138772
0.139041
0.1393
0.139551
0.139789
0.140003
0.14018
0.140312
0.140401
0.140457
0.140493
0.140519
0.140538
0.140551
0.14056
0.140566
0.140569
0.140569
0.140568
0.140564
0.140559
0.140553
0.140546
0.140538
0.140529
0.140518
0.140506
0.140493
0.140478
0.140462
0.140446
0.140431
0.140418
0.140405
0.140392
0.140377
0.140358
0.140336
0.140312
0.140287
0.14026
0.140233
0.140209
0.140183
0.140153
0.140115
0.140072
0.140038
0.140072
0.140252
0.140569
0.140836
0.14071
0.140175
0.106933
0.133968
0.166072
0.195727
0.218071
0.232551
0.242795
0.253542
0.261261
0.258721
0.242033
0.212172
0.175425
0.142034
0.120844
0.113387
0.114672
0.118876
0.122931
0.126114
0.128583
0.130545
0.132102
0.133341
0.134381
0.135272
0.136063
0.136745
0.137331
0.137847
0.138303
0.138696
0.13903
0.139318
0.13957
0.13979
0.139984
0.140159
0.140309
0.140429
0.140516
0.140576
0.140615
0.140641
0.140663
0.140685
0.140704
0.140717
0.140727
0.140735
0.140742
0.140747
0.140751
0.140754
0.140756
0.140757
0.140757
0.140756
0.140753
0.14075
0.140744
0.140738
0.140729
0.140718
0.140704
0.140686
0.140666
0.14065
0.140634
0.140614
0.14059
0.140564
0.140535
0.140504
0.14047
0.140433
0.140395
0.140344
0.140321
0.140227
0.0905316
0.0854747
0.0880614
0.0935907
0.0995869
0.105245
0.110335
0.114802
0.118659
0.121947
0.124726
0.127061
0.129016
0.130653
0.132024
0.133177
0.134149
0.134974
0.135677
0.13628
0.136801
0.137256
0.137656
0.138011
0.138332
0.138625
0.138898
0.139158
0.139409
0.139651
0.139878
0.140076
0.140235
0.14035
0.140427
0.140475
0.140508
0.140531
0.140548
0.140561
0.140569
0.140574
0.140576
0.140576
0.140574
0.14057
0.140565
0.140559
0.140552
0.140543
0.140534
0.140523
0.140511
0.140497
0.140482
0.140465
0.140449
0.140435
0.140421
0.140409
0.140396
0.14038
0.140361
0.140339
0.140314
0.140288
0.140261
0.140233
0.140209
0.140183
0.140152
0.140113
0.140069
0.140036
0.140079
0.14027
0.140595
0.140854
0.140706
0.140163
0.0960001
0.111473
0.137351
0.168567
0.198309
0.221697
0.237455
0.248032
0.257382
0.264942
0.263703
0.248795
0.220057
0.183014
0.147826
0.124182
0.114933
0.115601
0.119881
0.124057
0.127208
0.12953
0.13132
0.132735
0.133885
0.134863
0.135732
0.136481
0.13712
0.137673
0.138158
0.13858
0.138938
0.139244
0.13951
0.139742
0.139945
0.140126
0.140284
0.140413
0.140509
0.140575
0.140618
0.140647
0.140669
0.140691
0.140711
0.140725
0.140736
0.140744
0.140751
0.140757
0.140761
0.140764
0.140766
0.140768
0.140768
0.140766
0.140764
0.14076
0.140755
0.140748
0.14074
0.140729
0.140715
0.140697
0.140677
0.14066
0.140644
0.140624
0.1406
0.140573
0.140544
0.140512
0.140478
0.140441
0.140402
0.14035
0.140327
0.140231
0.0907221
0.09219
0.0966816
0.101875
0.106884
0.11145
0.115508
0.119058
0.122125
0.124752
0.126986
0.128879
0.130479
0.131832
0.132978
0.133951
0.134781
0.135492
0.136104
0.136635
0.137099
0.137507
0.13787
0.138197
0.138494
0.13877
0.139031
0.139281
0.139524
0.139756
0.139967
0.140147
0.140288
0.140387
0.140452
0.140494
0.140523
0.140544
0.14056
0.140571
0.140578
0.140582
0.140584
0.140583
0.140581
0.140577
0.140571
0.140565
0.140557
0.140549
0.140539
0.140528
0.140515
0.140501
0.140485
0.140469
0.140453
0.140438
0.140425
0.140413
0.140399
0.140383
0.140363
0.140341
0.140316
0.14029
0.140261
0.140233
0.140209
0.140183
0.140151
0.140111
0.140066
0.140035
0.140087
0.14029
0.140622
0.140872
0.140701
0.140151
0.0954022
0.0996552
0.113279
0.137094
0.167198
0.197337
0.222319
0.239952
0.25142
0.259783
0.267422
0.267906
0.25551
0.228803
0.1922
0.1554
0.128841
0.117
0.116425
0.120564
0.124898
0.128101
0.130327
0.131973
0.133272
0.134359
0.13532
0.136151
0.136857
0.13746
0.137983
0.138438
0.138826
0.139155
0.139438
0.139684
0.139898
0.140087
0.140254
0.140392
0.140498
0.140572
0.14062
0.140652
0.140675
0.140698
0.140718
0.140734
0.140745
0.140754
0.140761
0.140767
0.140771
0.140775
0.140777
0.140778
0.140778
0.140777
0.140775
0.140771
0.140766
0.14076
0.140751
0.14074
0.140726
0.140708
0.140688
0.140671
0.140654
0.140635
0.14061
0.140583
0.140553
0.140521
0.140486
0.140449
0.140409
0.140357
0.140333
0.140236
0.0967146
0.10053
0.104981
0.109306
0.113279
0.116845
0.12
0.122761
0.125157
0.127222
0.128992
0.130507
0.131802
0.132908
0.133857
0.134671
0.135374
0.135983
0.136513
0.136978
0.137389
0.137755
0.138084
0.138384
0.13866
0.138921
0.139169
0.13941
0.139643
0.139862
0.140056
0.140216
0.140338
0.140422
0.140476
0.140513
0.140539
0.140558
0.140571
0.140581
0.140587
0.140591
0.140592
0.140591
0.140588
0.140584
0.140578
0.140571
0.140563
0.140554
0.140544
0.140533
0.14052
0.140505
0.140489
0.140473
0.140457
0.140442
0.140429
0.140417
0.140403
0.140386
0.140366
0.140343
0.140318
0.140291
0.140262
0.140234
0.140209
0.140182
0.14015
0.140109
0.140062
0.140034
0.140095
0.140311
0.140651
0.140889
0.140694
0.140138
0.101437
0.0996629
0.102394
0.113402
0.134404
0.162893
0.193306
0.220103
0.240056
0.253027
0.261458
0.269047
0.271234
0.261745
0.2378
0.202407
0.164439
0.134819
0.119759
0.117292
0.120986
0.125481
0.128816
0.131008
0.132539
0.133743
0.134807
0.135737
0.136529
0.137198
0.137771
0.138265
0.138689
0.139047
0.139352
0.139615
0.139842
0.140042
0.140218
0.140367
0.140483
0.140566
0.140621
0.140657
0.140682
0.140704
0.140725
0.140742
0.140754
0.140763
0.140771
0.140777
0.140782
0.140786
0.140788
0.14079
0.14079
0.140789
0.140787
0.140783
0.140778
0.140771
0.140763
0.140752
0.140738
0.14072
0.1407
0.140682
0.140665
0.140646
0.140621
0.140593
0.140563
0.140531
0.140495
0.140457
0.140417
0.140364
0.14034
0.140241
0.104817
0.108633
0.112295
0.115656
0.118692
0.121404
0.123805
0.125915
0.127757
0.129358
0.130745
0.131944
0.132981
0.133879
0.134658
0.135335
0.135926
0.136445
0.136902
0.137308
0.137671
0.137998
0.138296
0.138572
0.13883
0.139076
0.139314
0.139544
0.139765
0.139967
0.140142
0.140282
0.140384
0.140454
0.1405
0.140532
0.140555
0.140571
0.140584
0.140592
0.140597
0.1406
0.1406
0.140599
0.140595
0.140591
0.140585
0.140577
0.140569
0.14056
0.14055
0.140538
0.140525
0.14051
0.140493
0.140477
0.140461
0.140447
0.140434
0.140421
0.140407
0.140389
0.140369
0.140345
0.140319
0.140293
0.140263
0.140234
0.140209
0.140182
0.140148
0.140106
0.140059
0.140035
0.140106
0.140335
0.140682
0.140906
0.140685
0.140125
0.109377
0.106113
0.10375
0.104796
0.112834
0.1304
0.156531
0.186685
0.215173
0.237768
0.253067
0.262916
0.270282
0.273859
0.26734
0.246645
0.213187
0.174657
0.142102
0.123382
0.118406
0.121253
0.125832
0.129363
0.13159
0.133044
0.134189
0.135217
0.136115
0.136873
0.137511
0.138056
0.138521
0.138916
0.139249
0.139532
0.139776
0.139989
0.140176
0.140336
0.140464
0.140557
0.14062
0.140661
0.140688
0.140711
0.140733
0.140751
0.140764
0.140774
0.140782
0.140788
0.140793
0.140797
0.1408
0.140802
0.140802
0.140801
0.140799
0.140795
0.14079
0.140784
0.140776
0.140765
0.140751
0.140732
0.140712
0.140694
0.140677
0.140657
0.140633
0.140604
0.140574
0.140541
0.140505
0.140466
0.140425
0.140371
0.140347
0.140247
0.112576
0.115617
0.118385
0.120891
0.123147
0.125167
0.126963
0.128552
0.129951
0.131179
0.132255
0.133197
0.134021
0.134745
0.13538
0.13594
0.136436
0.136876
0.137269
0.137623
0.137943
0.138236
0.138507
0.138761
0.139003
0.139236
0.139462
0.139681
0.139886
0.14007
0.140223
0.140342
0.140428
0.140485
0.140524
0.140551
0.140571
0.140585
0.140596
0.140603
0.140608
0.140609
0.140609
0.140607
0.140603
0.140598
0.140592
0.140584
0.140576
0.140566
0.140556
0.140544
0.14053
0.140514
0.140498
0.140481
0.140465
0.140451
0.140438
0.140425
0.14041
0.140393
0.140371
0.140347
0.140321
0.140294
0.140264
0.140234
0.140209
0.140181
0.140146
0.140103
0.140055
0.140035
0.140117
0.140361
0.140714
0.140923
0.140675
0.140114
0.116627
0.113814
0.110635
0.107808
0.107303
0.112358
0.126079
0.14903
0.178063
0.207769
0.233122
0.251486
0.263323
0.270659
0.275439
0.271884
0.254842
0.224042
0.185713
0.150612
0.128029
0.119974
0.121487
0.12598
0.129737
0.132077
0.133512
0.134609
0.135594
0.136459
0.137189
0.137801
0.138318
0.138755
0.139123
0.139433
0.139698
0.139926
0.140125
0.140297
0.140438
0.140544
0.140617
0.140664
0.140694
0.140718
0.14074
0.140759
0.140774
0.140785
0.140793
0.1408
0.140805
0.140809
0.140812
0.140814
0.140815
0.140814
0.140812
0.140808
0.140803
0.140797
0.140789
0.140778
0.140764
0.140746
0.140725
0.140707
0.14069
0.14067
0.140645
0.140616
0.140585
0.140551
0.140515
0.140475
0.140434
0.140379
0.140355
0.140253
0.119048
0.121265
0.123271
0.125089
0.126734
0.128214
0.12954
0.130723
0.131776
0.132712
0.133541
0.134277
0.13493
0.135511
0.136028
0.13649
0.136904
0.137277
0.137615
0.137923
0.138207
0.13847
0.138717
0.138952
0.139179
0.1394
0.139614
0.139818
0.140005
0.140168
0.140299
0.140398
0.140467
0.140514
0.140546
0.14057
0.140587
0.1406
0.140609
0.140615
0.140618
0.140619
0.140618
0.140615
0.140611
0.140606
0.140599
0.140591
0.140583
0.140573
0.140562
0.140549
0.140535
0.140519
0.140502
0.140485
0.14047
0.140456
0.140443
0.140429
0.140414
0.140396
0.140374
0.140349
0.140323
0.140295
0.140264
0.140234
0.140209
0.14018
0.140144
0.140099
0.140051
0.140037
0.140131
0.14039
0.140748
0.140939
0.140663
0.140105
0.122419
0.120414
0.117928
0.114953
0.111895
0.110157
0.112509
0.122279
0.141336
0.1682
0.198281
0.226115
0.247794
0.262168
0.270732
0.276351
0.275397
0.26211
0.234546
0.19722
0.160178
0.133772
0.122171
0.121811
0.125961
0.129959
0.132482
0.133951
0.135008
0.135944
0.136777
0.137481
0.138068
0.138558
0.138969
0.139313
0.139603
0.139851
0.140065
0.140251
0.140406
0.140526
0.14061
0.140665
0.1407
0.140726
0.140748
0.140768
0.140784
0.140796
0.140805
0.140812
0.140817
0.140822
0.140825
0.140827
0.140828
0.140827
0.140825
0.140822
0.140817
0.140811
0.140803
0.140792
0.140778
0.14076
0.140739
0.14072
0.140703
0.140683
0.140658
0.140628
0.140597
0.140562
0.140525
0.140485
0.140443
0.140388
0.140363
0.140259
0.124114
0.125673
0.127093
0.128391
0.129573
0.130646
0.131617
0.132493
0.133282
0.133992
0.134629
0.135203
0.135719
0.136185
0.136605
0.136986
0.137333
0.13765
0.137941
0.13821
0.138462
0.138699
0.138926
0.139145
0.139359
0.139567
0.139767
0.139953
0.140119
0.140258
0.140368
0.140448
0.140503
0.140542
0.140569
0.140589
0.140603
0.140614
0.140622
0.140627
0.140629
0.140629
0.140628
0.140624
0.140619
0.140613
0.140606
0.140598
0.140589
0.140579
0.140568
0.140555
0.14054
0.140524
0.140507
0.14049
0.140474
0.14046
0.140447
0.140434
0.140418
0.140399
0.140377
0.140351
0.140325
0.140296
0.140265
0.140235
0.140209
0.140179
0.140142
0.140095
0.140047
0.14004
0.140147
0.140421
0.140784
0.140954
0.140649
0.140097
0.126802
0.125453
0.12378
0.121653
0.118985
0.115939
0.113388
0.113528
0.119578
0.134314
0.157957
0.187257
0.216851
0.241787
0.259432
0.270413
0.276726
0.277963
0.268349
0.244438
0.208881
0.170626
0.140643
0.125158
0.122364
0.125844
0.130024
0.132797
0.134356
0.135386
0.136274
0.137072
0.137753
0.138316
0.138781
0.139167
0.139489
0.139761
0.139994
0.140195
0.140365
0.1405
0.140599
0.140664
0.140705
0.140733
0.140756
0.140777
0.140794
0.140807
0.140817
0.140824
0.14083
0.140835
0.140839
0.140841
0.140842
0.140841
0.14084
0.140836
0.140832
0.140825
0.140817
0.140807
0.140793
0.140775
0.140753
0.140734
0.140717
0.140696
0.140671
0.140642
0.140609
0.140574
0.140537
0.140496
0.140453
0.140396
0.140372
0.140266
0.127961
0.129041
0.130036
0.130953
0.131797
0.132571
0.13328
0.133927
0.134517
0.135056
0.135547
0.135994
0.136403
0.136777
0.137119
0.137435
0.137726
0.137996
0.138248
0.138485
0.13871
0.138927
0.139136
0.139341
0.139541
0.139734
0.139917
0.140082
0.140225
0.140341
0.140429
0.140493
0.140537
0.140568
0.14059
0.140607
0.14062
0.140629
0.140635
0.140639
0.14064
0.14064
0.140637
0.140633
0.140628
0.140622
0.140614
0.140606
0.140597
0.140586
0.140574
0.14056
0.140545
0.140528
0.140511
0.140494
0.140479
0.140465
0.140452
0.140439
0.140422
0.140403
0.140379
0.140354
0.140327
0.140297
0.140265
0.140235
0.140208
0.140178
0.140139
0.14009
0.140043
0.140044
0.140165
0.140456
0.140821
0.140968
0.140633
0.140091
0.130053
0.129152
0.128061
0.126699
0.12494
0.122645
0.119806
0.116902
0.115438
0.118277
0.12864
0.148218
0.175447
0.205726
0.233526
0.254893
0.268795
0.276019
0.279175
0.273126
0.253228
0.220226
0.18163
0.14855
0.129028
0.123305
0.125707
0.129945
0.133019
0.134723
0.13575
0.136587
0.137347
0.138003
0.138545
0.138987
0.139351
0.139653
0.139909
0.140128
0.140315
0.140467
0.140581
0.140659
0.140708
0.14074
0.140764
0.140786
0.140805
0.140819
0.140829
0.140837
0.140844
0.140849
0.140853
0.140855
0.140856
0.140856
0.140855
0.140851
0.140847
0.14084
0.140832
0.140822
0.140808
0.14079
0.140769
0.140749
0.140731
0.140711
0.140685
0.140655
0.140622
0.140587
0.140549
0.140507
0.140464
0.140406
0.140381
0.140273
0.130841
0.131587
0.132281
0.132928
0.13353
0.134089
0.134607
0.135086
0.13553
0.13594
0.136319
0.13667
0.136995
0.137297
0.137578
0.137841
0.138087
0.138319
0.138539
0.13875
0.138954
0.139152
0.139347
0.139537
0.139722
0.139898
0.140059
0.140202
0.140321
0.140414
0.140483
0.140533
0.140568
0.140593
0.140612
0.140626
0.140636
0.140644
0.140649
0.140651
0.140651
0.14065
0.140647
0.140642
0.140637
0.14063
0.140622
0.140614
0.140604
0.140593
0.14058
0.140566
0.14055
0.140533
0.140516
0.140499
0.140484
0.140471
0.140458
0.140443
0.140426
0.140406
0.140382
0.140356
0.140328
0.140298
0.140265
0.140235
0.140208
0.140176
0.140135
0.140085
0.140039
0.140049
0.140187
0.140494
0.140859
0.14098
0.140615
0.140086
0.132451
0.131844
0.131126
0.130258
0.129175
0.127764
0.125864
0.123375
0.120459
0.11805
0.118382
0.12471
0.13976
0.163729
0.193364
0.223209
0.248164
0.265352
0.275285
0.279912
0.276851
0.260919
0.231016
0.192915
0.157354
0.133827
0.124789
0.125647
0.129741
0.133125
0.135036
0.136101
0.136899
0.137617
0.138243
0.138759
0.139177
0.13952
0.139806
0.140048
0.140253
0.140423
0.140556
0.140649
0.140709
0.140746
0.140773
0.140795
0.140815
0.140831
0.140842
0.140851
0.140858
0.140863
0.140867
0.14087
0.140872
0.140872
0.14087
0.140867
0.140863
0.140857
0.140849
0.140838
0.140825
0.140807
0.140785
0.140765
0.140747
0.140726
0.140701
0.14067
0.140637
0.1406
0.140561
0.140519
0.140475
0.140416
0.140391
0.14028
0.13299
0.133506
0.133992
0.13445
0.134882
0.135288
0.135669
0.136027
0.136363
0.136678
0.136973
0.137251
0.137512
0.137757
0.13799
0.138211
0.138421
0.138623
0.138818
0.139008
0.139194
0.139377
0.139556
0.139731
0.139898
0.140053
0.140192
0.14031
0.140405
0.140478
0.140531
0.140569
0.140597
0.140617
0.140632
0.140644
0.140653
0.140659
0.140662
0.140663
0.140663
0.140661
0.140657
0.140652
0.140646
0.140639
0.14063
0.140621
0.140611
0.1406
0.140587
0.140572
0.140556
0.140538
0.140521
0.140504
0.140489
0.140476
0.140463
0.140448
0.140431
0.140409
0.140385
0.140358
0.14033
0.140299
0.140266
0.140234
0.140207
0.140174
0.140131
0.140079
0.140035
0.140055
0.140211
0.140535
0.140899
0.14099
0.140595
0.140084
0.134226
0.133812
0.13333
0.132761
0.132079
0.131234
0.130133
0.128626
0.12655
0.123871
0.121073
0.119672
0.122601
0.133119
0.152944
0.180538
0.211214
0.239212
0.260313
0.273532
0.279684
0.279308
0.267297
0.240967
0.204199
0.166906
0.139635
0.126994
0.125842
0.129509
0.133123
0.13526
0.136384
0.137163
0.137858
0.13847
0.138967
0.139361
0.13968
0.139949
0.140178
0.140369
0.140521
0.140632
0.140706
0.140751
0.140781
0.140805
0.140826
0.140843
0.140856
0.140865
0.140873
0.140879
0.140883
0.140886
0.140888
0.140888
0.140887
0.140884
0.14088
0.140873
0.140866
0.140855
0.140842
0.140824
0.140802
0.140782
0.140763
0.140742
0.140717
0.140686
0.140651
0.140615
0.140575
0.140531
0.140487
0.140427
0.140401
0.140289
0.134598
0.134959
0.135302
0.135631
0.135944
0.136242
0.136526
0.136796
0.137053
0.137298
0.137531
0.137753
0.137965
0.138168
0.138363
0.138552
0.138735
0.138913
0.139088
0.13926
0.139431
0.139598
0.139762
0.139918
0.140065
0.140196
0.14031
0.140404
0.140477
0.140533
0.140573
0.140602
0.140624
0.14064
0.140653
0.140662
0.140669
0.140673
0.140676
0.140676
0.140674
0.140671
0.140667
0.140661
0.140655
0.140647
0.140639
0.140629
0.140619
0.140607
0.140593
0.140578
0.140561
0.140543
0.140526
0.14051
0.140495
0.140482
0.140468
0.140453
0.140435
0.140413
0.140387
0.14036
0.140331
0.1403
0.140266
0.140234
0.140206
0.140172
0.140127
0.140073
0.140032
0.140063
0.140239
0.14058
0.14094
0.140997
0.140573
0.140084
0.135552
0.135265
0.134935
0.134551
0.134101
0.133567
0.132915
0.132075
0.13092
0.129263
0.12697
0.124173
0.12182
0.122155
0.128534
0.14377
0.168125
0.198295
0.228574
0.253576
0.270382
0.278734
0.280632
0.272212
0.249662
0.214912
0.176651
0.146019
0.129661
0.126225
0.129359
0.13326
0.135656
0.136779
0.137441
0.138054
0.138646
0.139146
0.139533
0.139836
0.140086
0.140299
0.140473
0.140605
0.140697
0.140754
0.140789
0.140815
0.140836
0.140855
0.140869
0.14088
0.140888
0.140894
0.140899
0.140903
0.140905
0.140905
0.140904
0.140902
0.140897
0.140891
0.140883
0.140873
0.14086
0.140843
0.140821
0.1408
0.140781
0.14076
0.140734
0.140702
0.140667
0.14063
0.140589
0.140545
0.140499
0.140438
0.140412
0.140297
0.135813
0.136069
0.136316
0.136555
0.136786
0.137009
0.137225
0.137432
0.137632
0.137826
0.138013
0.138194
0.138369
0.13854
0.138707
0.138871
0.139033
0.139192
0.139351
0.139508
0.139662
0.139813
0.139958
0.140093
0.140216
0.140323
0.140413
0.140484
0.140539
0.14058
0.14061
0.140632
0.140649
0.140663
0.140673
0.14068
0.140685
0.140688
0.140689
0.140688
0.140686
0.140682
0.140677
0.140671
0.140664
0.140656
0.140648
0.140638
0.140627
0.140614
0.1406
0.140584
0.140566
0.140549
0.140531
0.140515
0.140501
0.140488
0.140474
0.140458
0.140439
0.140416
0.14039
0.140362
0.140333
0.140301
0.140265
0.140233
0.140204
0.140168
0.140121
0.140067
0.14003
0.140074
0.140271
0.140629
0.140981
0.141002
0.14055
0.140085
0.13657
0.136367
0.136137
0.135873
0.135568
0.135213
0.134797
0.134298
0.133671
0.132816
0.131567
0.129728
0.127231
0.124521
0.123093
0.125899
0.136281
0.156096
0.183962
0.215208
0.243877
0.265209
0.277799
0.282115
0.277043
0.258503
0.226524
0.188005
0.153967
0.132933
0.125973
0.127981
0.132428
0.1357
0.137269
0.137923
0.138367
0.138834
0.139293
0.139679
0.13998
0.140219
0.140414
0.140567
0.140679
0.140752
0.140795
0.140824
0.140847
0.140867
0.140883
0.140895
0.140904
0.140911
0.140916
0.14092
0.140922
0.140923
0.140922
0.14092
0.140916
0.14091
0.140902
0.140892
0.140879
0.140862
0.14084
0.140818
0.140799
0.140778
0.140752
0.14072
0.140684
0.140646
0.140604
0.140559
0.140513
0.14045
0.140424
0.140307
0.136756
0.136941
0.137122
0.137299
0.137473
0.137643
0.137809
0.137971
0.13813
0.138286
0.138439
0.13859
0.138738
0.138885
0.139031
0.139176
0.13932
0.139464
0.139607
0.139748
0.139886
0.140017
0.14014
0.140252
0.140349
0.140432
0.140499
0.140551
0.140591
0.140621
0.140643
0.14066
0.140674
0.140684
0.140692
0.140698
0.140701
0.140703
0.140703
0.140701
0.140698
0.140693
0.140688
0.140681
0.140674
0.140666
0.140656
0.140646
0.140634
0.140621
0.140606
0.14059
0.140572
0.140554
0.140537
0.140521
0.140507
0.140494
0.14048
0.140463
0.140443
0.140419
0.140392
0.140364
0.140334
0.140301
0.140265
0.140233
0.140203
0.140165
0.140115
0.14006
0.140029
0.140088
0.140308
0.140682
0.141022
0.141003
0.140525
0.140089
0.137524
0.137386
0.137231
0.137056
0.136857
0.136628
0.136365
0.13606
0.135702
0.135267
0.134701
0.133898
0.132684
0.13092
0.128657
0.126567
0.126344
0.130759
0.142508
0.162682
0.189614
0.219041
0.245805
0.26591
0.276682
0.278085
0.26806
0.244886
0.211639
0.176411
0.148303
0.132464
0.127928
0.130022
0.133807
0.136645
0.1381
0.13872
0.139073
0.139411
0.139756
0.140064
0.140313
0.140503
0.140642
0.140738
0.140798
0.140835
0.140861
0.140882
0.1409
0.140914
0.140924
0.140932
0.140938
0.140942
0.140945
0.140946
0.140945
0.140943
0.140939
0.140933
0.140926
0.140916
0.140903
0.140886
0.140863
0.140842
0.140822
0.1408
0.140773
0.140741
0.140704
0.140664
0.140622
0.140575
0.140528
0.140464
0.140436
0.140317
0.137653
0.137783
0.137912
0.13804
0.138168
0.138294
0.13842
0.138546
0.13867
0.138795
0.13892
0.139044
0.139169
0.139294
0.139419
0.139545
0.139669
0.139793
0.139913
0.14003
0.14014
0.140243
0.140335
0.140416
0.140484
0.14054
0.140584
0.140619
0.140645
0.140665
0.140681
0.140693
0.140703
0.140711
0.140716
0.140719
0.140721
0.140721
0.140719
0.140717
0.140712
0.140707
0.140701
0.140694
0.140686
0.140677
0.140667
0.140656
0.140644
0.14063
0.140614
0.140597
0.140579
0.140561
0.140544
0.140529
0.140515
0.140502
0.140487
0.140469
0.140448
0.140423
0.140395
0.140366
0.140336
0.140302
0.140265
0.140231
0.1402
0.140159
0.140107
0.140052
0.140031
0.140108
0.140356
0.140745
0.141067
0.140999
0.140497
0.140095
0.138403
0.13831
0.138208
0.138094
0.137968
0.137826
0.137665
0.137483
0.137276
0.137042
0.136774
0.136456
0.136036
0.135403
0.134361
0.132737
0.130543
0.128411
0.127894
0.131623
0.142185
0.160809
0.186258
0.214865
0.241615
0.262351
0.273462
0.274198
0.262887
0.239056
0.206745
0.173841
0.148216
0.13386
0.12962
0.131393
0.13481
0.137432
0.138772
0.139301
0.139565
0.139826
0.140112
0.140371
0.140569
0.140705
0.140791
0.140843
0.140876
0.1409
0.14092
0.140937
0.140949
0.140958
0.140964
0.140969
0.140972
0.140974
0.140974
0.140972
0.140968
0.140962
0.140954
0.140944
0.140931
0.140914
0.140892
0.140869
0.140848
0.140825
0.140798
0.140765
0.140727
0.140686
0.140642
0.140594
0.140545
0.140479
0.14045
0.140328
0.138491
0.138582
0.138673
0.138765
0.138858
0.138953
0.139048
0.139145
0.139243
0.139342
0.139442
0.139543
0.139644
0.139746
0.139848
0.139948
0.140046
0.14014
0.14023
0.140314
0.14039
0.140458
0.140516
0.140565
0.140606
0.140638
0.140664
0.140684
0.1407
0.140712
0.140722
0.14073
0.140736
0.140741
0.140743
0.140744
0.140744
0.140742
0.140739
0.140735
0.14073
0.140724
0.140717
0.140709
0.140701
0.140691
0.140681
0.140669
0.140655
0.14064
0.140623
0.140605
0.140587
0.140569
0.140553
0.140538
0.140525
0.140511
0.140495
0.140476
0.140453
0.140427
0.140399
0.140369
0.140337
0.140301
0.140264
0.140229
0.140196
0.140152
0.140096
0.140042
0.140035
0.140138
0.140417
0.14082
0.141114
0.14099
0.140465
0.140104
0.13909
0.139022
0.138948
0.138868
0.138779
0.138682
0.138574
0.138455
0.138322
0.138174
0.13801
0.137831
0.137637
0.13741
0.137089
0.136534
0.135524
0.133864
0.131579
0.129335
0.128657
0.132131
0.142282
0.160354
0.185293
0.213677
0.240454
0.260953
0.270993
0.269938
0.256496
0.231393
0.199563
0.168746
0.145822
0.133708
0.130772
0.132907
0.136125
0.138377
0.139411
0.139768
0.139957
0.140181
0.140425
0.140628
0.140764
0.140843
0.140888
0.140917
0.14094
0.140959
0.140973
0.140984
0.140992
0.140997
0.141001
0.141003
0.141003
0.141001
0.140998
0.140992
0.140984
0.140974
0.140961
0.140944
0.140922
0.140898
0.140877
0.140853
0.140825
0.140792
0.140752
0.140709
0.140663
0.140613
0.140563
0.140495
0.140465
0.14034
0.139156
0.139224
0.139293
0.139364
0.139436
0.13951
0.139585
0.139662
0.13974
0.139818
0.139897
0.139976
0.140054
0.140132
0.140207
0.14028
0.140349
0.140413
0.140472
0.140524
0.14057
0.14061
0.140643
0.14067
0.140692
0.14071
0.140725
0.140736
0.140746
0.140753
0.140759
0.140764
0.140767
0.140769
0.140769
0.140768
0.140766
0.140763
0.140759
0.140754
0.140748
0.140741
0.140733
0.140725
0.140715
0.140705
0.140693
0.14068
0.140666
0.140649
0.140632
0.140613
0.140595
0.140578
0.140562
0.140548
0.140535
0.14052
0.140503
0.140482
0.140458
0.140431
0.140401
0.140371
0.140337
0.140301
0.140262
0.140226
0.14019
0.140142
0.140083
0.140034
0.140044
0.140175
0.140487
0.140899
0.141157
0.140973
0.140431
0.140115
0.139656
0.139603
0.139546
0.139484
0.139417
0.139344
0.139264
0.139177
0.139082
0.138977
0.138861
0.138734
0.138598
0.138456
0.13831
0.138139
0.137871
0.137349
0.136348
0.134677
0.132373
0.130127
0.129469
0.132958
0.143115
0.161211
0.18622
0.214597
0.240895
0.260139
0.268009
0.264487
0.248603
0.22215
0.190828
0.162258
0.142437
0.133107
0.131918
0.134568
0.137508
0.139263
0.139935
0.140134
0.140283
0.140484
0.140681
0.14082
0.140897
0.140936
0.140961
0.140981
0.140998
0.141011
0.14102
0.141026
0.141031
0.141033
0.141034
0.141033
0.141029
0.141024
0.141016
0.141005
0.140993
0.140976
0.140953
0.140929
0.140907
0.140882
0.140854
0.140819
0.140779
0.140734
0.140686
0.140635
0.140582
0.140512
0.14048
0.140353
0.139707
0.139759
0.139813
0.139868
0.139923
0.13998
0.140038
0.140095
0.140153
0.140211
0.140268
0.140324
0.140379
0.140431
0.14048
0.140526
0.140568
0.140605
0.140639
0.140668
0.140692
0.140713
0.14073
0.140744
0.140756
0.140766
0.140774
0.14078
0.140786
0.14079
0.140793
0.140795
0.140796
0.140795
0.140794
0.140791
0.140788
0.140783
0.140778
0.140772
0.140765
0.140757
0.140749
0.14074
0.14073
0.140718
0.140706
0.140692
0.140676
0.140658
0.14064
0.140622
0.140604
0.140587
0.140572
0.140559
0.140545
0.140529
0.14051
0.140488
0.140462
0.140434
0.140404
0.140372
0.140337
0.1403
0.14026
0.140222
0.140182
0.14013
0.14007
0.140029
0.140058
0.140223
0.140566
0.140981
0.141196
0.140949
0.140397
0.140128
0.140119
0.14008
0.140037
0.13999
0.139939
0.139883
0.139822
0.139756
0.139683
0.139603
0.139515
0.139419
0.139313
0.139199
0.139079
0.138962
0.138848
0.138716
0.138487
0.137994
0.137009
0.135338
0.133034
0.130821
0.130279
0.134041
0.144654
0.163331
0.188802
0.217097
0.242331
0.259444
0.264755
0.258142
0.239367
0.211418
0.180815
0.155009
0.138889
0.132733
0.133337
0.136311
0.138784
0.139979
0.140329
0.14043
0.140561
0.140727
0.140861
0.140939
0.140978
0.141002
0.141022
0.141038
0.141049
0.141057
0.141062
0.141065
0.141066
0.141065
0.141062
0.141057
0.141049
0.141039
0.141026
0.141009
0.140987
0.140963
0.140939
0.140913
0.140884
0.140849
0.140807
0.140761
0.140711
0.140657
0.140603
0.14053
0.140497
0.140367
0.140157
0.140195
0.140234
0.140273
0.140313
0.140353
0.140392
0.140431
0.140469
0.140506
0.140542
0.140576
0.140608
0.140638
0.140666
0.14069
0.140712
0.140731
0.140748
0.140762
0.140774
0.140784
0.140793
0.1408
0.140806
0.140811
0.140815
0.140819
0.140821
0.140823
0.140824
0.140823
0.140822
0.14082
0.140817
0.140813
0.140808
0.140803
0.140797
0.14079
0.140782
0.140774
0.140765
0.140755
0.140744
0.140731
0.140717
0.140702
0.140685
0.140667
0.140648
0.14063
0.140613
0.140597
0.140583
0.140569
0.140555
0.140538
0.140517
0.140493
0.140466
0.140437
0.140406
0.140372
0.140336
0.140298
0.140256
0.140216
0.140173
0.140116
0.140057
0.140027
0.140079
0.140281
0.140656
0.141066
0.141227
0.140918
0.140369
0.140142
0.140471
0.140445
0.140416
0.140384
0.140349
0.14031
0.140266
0.140218
0.140165
0.140106
0.140041
0.139968
0.139888
0.139798
0.1397
0.139594
0.139486
0.139386
0.139299
0.139198
0.139001
0.138524
0.137537
0.135845
0.133522
0.13137
0.131082
0.135449
0.147016
0.166771
0.192927
0.220883
0.244542
0.258762
0.260822
0.250457
0.228454
0.199205
0.170018
0.147824
0.135941
0.133052
0.135062
0.137957
0.139791
0.140474
0.140623
0.1407
0.140821
0.140935
0.141002
0.14103
0.141047
0.141062
0.141076
0.141087
0.141094
0.141098
0.141099
0.141099
0.141096
0.141091
0.141084
0.141073
0.14106
0.141044
0.141022
0.140997
0.140973
0.140946
0.140916
0.14088
0.140837
0.140789
0.140737
0.140681
0.140625
0.14055
0.140515
0.140381
0.140496
0.140521
0.140545
0.140569
0.140593
0.140617
0.14064
0.140662
0.140683
0.140703
0.140722
0.140739
0.140755
0.14077
0.140783
0.140794
0.140804
0.140812
0.14082
0.140826
0.140832
0.140837
0.140841
0.140844
0.140847
0.14085
0.140851
0.140852
0.140853
0.140852
0.140851
0.140849
0.140846
0.140843
0.140838
0.140833
0.140828
0.140821
0.140814
0.140807
0.140798
0.140789
0.140779
0.140768
0.140756
0.140743
0.140728
0.140711
0.140693
0.140675
0.140656
0.140639
0.140622
0.140607
0.140593
0.140579
0.140564
0.140545
0.140523
0.140497
0.140469
0.140439
0.140406
0.140372
0.140335
0.140295
0.140252
0.140208
0.14016
0.1401
0.140043
0.14003
0.140109
0.140352
0.140755
0.141151
0.14125
0.140879
0.140349
0.140157
0.14071
0.140696
0.14068
0.140661
0.140641
0.140617
0.140591
0.140561
0.140527
0.140488
0.140444
0.140395
0.140339
0.140276
0.140204
0.140123
0.140032
0.139934
0.139838
0.139754
0.139689
0.139614
0.139436
0.138956
0.137937
0.136186
0.133824
0.131778
0.131978
0.137363
0.150408
0.17163
0.198515
0.22573
0.247096
0.257501
0.255469
0.2408
0.215642
0.185922
0.159376
0.141814
0.134426
0.134331
0.137006
0.139316
0.140376
0.140628
0.140684
0.140797
0.140941
0.14104
0.141084
0.141099
0.141109
0.141119
0.141127
0.141132
0.141135
0.141135
0.141133
0.141128
0.141121
0.141111
0.141098
0.141081
0.141059
0.141035
0.14101
0.140982
0.14095
0.140914
0.14087
0.140819
0.140765
0.140707
0.140648
0.140571
0.140533
0.140397
0.140724
0.140737
0.140749
0.140762
0.140774
0.140785
0.140796
0.140806
0.140816
0.140825
0.140833
0.14084
0.140847
0.140853
0.140858
0.140863
0.140867
0.14087
0.140874
0.140876
0.140879
0.140881
0.140882
0.140884
0.140884
0.140885
0.140884
0.140884
0.140882
0.14088
0.140877
0.140874
0.14087
0.140865
0.14086
0.140854
0.140847
0.14084
0.140833
0.140824
0.140815
0.140805
0.140794
0.140782
0.140769
0.140754
0.140738
0.14072
0.140702
0.140683
0.140665
0.140649
0.140633
0.140619
0.140605
0.140591
0.140573
0.140553
0.140529
0.140502
0.140472
0.140441
0.140407
0.140372
0.140333
0.140292
0.140246
0.140198
0.140145
0.140082
0.140032
0.140038
0.14015
0.140437
0.140863
0.141235
0.141262
0.140835
0.140336
0.140172
0.140851
0.140845
0.140838
0.14083
0.14082
0.140809
0.140796
0.140781
0.140763
0.140743
0.140718
0.14069
0.140658
0.140619
0.140575
0.140523
0.140462
0.140391
0.140309
0.140222
0.140138
0.140071
0.140028
0.139973
0.139803
0.1393
0.138213
0.136357
0.133953
0.132127
0.133133
0.14004
0.155078
0.178043
0.205473
0.231216
0.249149
0.254674
0.247476
0.227949
0.200111
0.171336
0.149073
0.137159
0.134452
0.13664
0.13948
0.141012
0.141295
0.141101
0.140959
0.140972
0.141048
0.141108
0.141137
0.141151
0.141159
0.141165
0.141169
0.141171
0.141169
0.141165
0.141158
0.141148
0.141135
0.141119
0.141097
0.141073
0.141048
0.141019
0.140986
0.140949
0.140904
0.140852
0.140795
0.140735
0.140674
0.140594
0.140554
0.140414
0.140857
0.140862
0.140868
0.140873
0.140877
0.140882
0.140886
0.14089
0.140893
0.140897
0.140899
0.140902
0.140904
0.140906
0.140908
0.14091
0.140911
0.140912
0.140913
0.140914
0.140915
0.140915
0.140915
0.140914
0.140913
0.140912
0.14091
0.140908
0.140905
0.140901
0.140897
0.140893
0.140888
0.140882
0.140876
0.14087
0.140862
0.140855
0.140846
0.140837
0.140827
0.140816
0.140804
0.140791
0.140776
0.14076
0.140743
0.140725
0.140707
0.140689
0.140672
0.140656
0.140642
0.140628
0.140614
0.140598
0.140579
0.140556
0.140531
0.140502
0.140471
0.140439
0.140405
0.140367
0.140328
0.140285
0.140236
0.140182
0.140124
0.140062
0.140028
0.140058
0.14021
0.140542
0.140983
0.141313
0.141258
0.140784
0.140333
0.140185
0.140937
0.140935
0.140932
0.14093
0.140926
0.140922
0.140917
0.140911
0.140904
0.140896
0.140886
0.140873
0.140858
0.140839
0.140817
0.140789
0.140756
0.140715
0.140665
0.140604
0.140533
0.140455
0.140384
0.140333
0.140309
0.14027
0.14009
0.139527
0.13831
0.136282
0.133827
0.132351
0.134528
0.143504
0.161137
0.18634
0.2146
0.239036
0.253434
0.254268
0.241189
0.216265
0.185681
0.157857
0.139374
0.131837
0.132361
0.136006
0.13922
0.140839
0.14126
0.141218
0.141144
0.141136
0.14116
0.141183
0.141197
0.141204
0.141209
0.14121
0.141209
0.141205
0.141199
0.141189
0.141175
0.141159
0.141137
0.141114
0.141088
0.141057
0.141023
0.140985
0.140938
0.140884
0.140825
0.140762
0.140698
0.140615
0.140573
0.14043
0.140939
0.140941
0.140942
0.140944
0.140945
0.140947
0.140948
0.140949
0.14095
0.140951
0.140952
0.140953
0.140953
0.140954
0.140954
0.140954
0.140955
0.140954
0.140954
0.140954
0.140953
0.140952
0.14095
0.140948
0.140946
0.140944
0.140941
0.140937
0.140933
0.140929
0.140924
0.140919
0.140913
0.140907
0.1409
0.140893
0.140886
0.140877
0.140868
0.140858
0.140847
0.140835
0.140822
0.140807
0.140791
0.140774
0.140756
0.140738
0.14072
0.140703
0.140687
0.140672
0.140659
0.140645
0.14063
0.140612
0.140591
0.140567
0.140539
0.140509
0.140478
0.140444
0.140408
0.14037
0.140329
0.140285
0.140231
0.140171
0.140106
0.140046
0.140022
0.140075
0.140269
0.140642
0.141093
0.141382
0.141251
0.140738
0.140335
0.140197
0.141008
0.141008
0.141008
0.141008
0.141008
0.141008
0.141007
0.141007
0.141006
0.141005
0.141004
0.141002
0.140999
0.140995
0.14099
0.140984
0.140975
0.140963
0.140948
0.140927
0.1409
0.140864
0.140819
0.140768
0.140724
0.140704
0.140715
0.140724
0.140619
0.140167
0.139106
0.137266
0.135013
0.133634
0.135494
0.143272
0.158417
0.179888
0.20385
0.22497
0.237969
0.239489
0.229103
0.208999
0.18469
0.162737
0.147706
0.140333
0.138453
0.13911
0.140176
0.14084
0.141104
0.141179
0.141206
0.141227
0.141245
0.141258
0.141266
0.14127
0.141271
0.141269
0.141263
0.141254
0.141241
0.141225
0.141204
0.141181
0.141156
0.141124
0.141088
0.141048
0.141
0.140944
0.140881
0.140813
0.140745
0.140657
0.14061
0.140461
0.141008
0.141008
0.141008
0.141008
0.141008
0.141008
0.141007
0.141007
0.141006
0.141006
0.141005
0.141005
0.141004
0.141003
0.141002
0.141
0.140999
0.140997
0.140995
0.140993
0.140991
0.140988
0.140985
0.140982
0.140978
0.140975
0.14097
0.140966
0.140961
0.140955
0.140949
0.140943
0.140936
0.140929
0.140921
0.140913
0.140904
0.140894
0.140883
0.140872
0.140859
0.140845
0.14083
0.140814
0.140797
0.14078
0.140762
0.140746
0.140729
0.140714
0.1407
0.140686
0.140672
0.140657
0.140639
0.140618
0.140594
0.140567
0.140537
0.140506
0.140472
0.140437
0.140399
0.140358
0.140315
0.140264
0.1402
0.140131
0.140073
0.140034
0.140047
0.14016
0.140438
0.140864
0.141288
0.141457
0.141187
0.140651
0.140358
0.140204
)
;

boundaryField
{
    inlet
    {
        type            freestream;
        freestreamValue uniform 0.14;
        value           nonuniform List<scalar> 
134
(
0.14
0.14
0.14
0.14
0.14
0.14
0.14
0.14
0.14
0.14
0.140006
0.14001
0.140017
0.140024
0.140031
0.140038
0.140046
0.140054
0.140063
0.140071
0.14
0.14008
0.140088
0.140096
0.140103
0.14011
0.140116
0.140123
0.140129
0.140136
0.140141
0.140147
0.140153
0.140159
0.140165
0.140172
0.140178
0.140186
0.140193
0.140202
0.14
0.14
0.14
0.14
0.14
0.14
0.14
0.140208
0.140211
0.140215
0.140218
0.140222
0.140227
0.140231
0.140236
0.140241
0.140247
0.140253
0.140259
0.140266
0.140273
0.14028
0.140289
0.140297
0.140307
0.140317
0.140328
0.14034
0.140353
0.140367
0.140381
0.140397
0.140414
0.14043
0.140461
0.14
0.14
0.14
0.14
0.14
0.14
0.14
0.14
0.14
0.14
0.14
0.14
0.14
0.14
0.14
0.14
0.14
0.14
0.14
0.14
0.14
0.14
0.14
0.14
0.14
0.14
0.14
0.14
0.14
0.14
0.14
0.14
0.14
0.14
0.14
0.14
0.14
0.14
0.14
0.14
0.14
0.14
0.14
0.14
0.14
0.14
0.14
0.14
0.14
0.14
0.14
0.14
0.14
0.14
0.14
0.14
0.14
0.14
0.14
)
;
    }
    outlet
    {
        type            freestream;
        freestreamValue uniform 0.14;
        value           nonuniform List<scalar> 
160
(
0.141008
0.141008
0.141008
0.141008
0.141008
0.141008
0.141008
0.141008
0.141008
0.141008
0.141008
0.141008
0.141007
0.141007
0.141007
0.141007
0.141006
0.141006
0.141005
0.141006
0.141004
0.141005
0.141002
0.141005
0.140999
0.141004
0.140995
0.141003
0.14099
0.141002
0.140984
0.141
0.140975
0.140999
0.140963
0.140997
0.140948
0.140995
0.140927
0.140993
0.1409
0.140991
0.140864
0.140988
0.140819
0.140985
0.140768
0.140982
0.140724
0.140978
0.140704
0.140975
0.140715
0.14097
0.140724
0.140966
0.140619
0.140961
0.140167
0.140955
0.139106
0.140949
0.137266
0.140943
0.135013
0.140936
0.133634
0.140929
0.135494
0.140921
0.143272
0.140913
0.158417
0.140904
0.179888
0.140894
0.20385
0.140883
0.22497
0.140872
0.237969
0.140859
0.239489
0.140845
0.229103
0.14083
0.208999
0.140814
0.18469
0.140797
0.162737
0.14078
0.147706
0.140762
0.140333
0.140746
0.138453
0.140729
0.13911
0.140714
0.140176
0.1407
0.14084
0.140686
0.141104
0.140672
0.141179
0.140657
0.141206
0.140639
0.141227
0.140618
0.141245
0.140594
0.141258
0.140567
0.141266
0.140537
0.14127
0.140506
0.141271
0.140472
0.141269
0.140437
0.141263
0.140399
0.141254
0.140358
0.141241
0.140315
0.141225
0.140264
0.141204
0.1402
0.141181
0.140131
0.141156
0.140073
0.141124
0.140034
0.141088
0.140047
0.141048
0.14016
0.141
0.140438
0.140944
0.140864
0.140881
0.141288
0.140813
0.141457
0.140745
0.141187
0.140657
0.140651
0.14061
0.140358
0.140461
0.140204
)
;
    }
    walls
    {
        type            fixedValue;
        value           uniform 0;
    }
    frontAndBack
    {
        type            empty;
    }
}


// ************************************************************************* //
