/*--------------------------------*- C++ -*----------------------------------*\
| =========                 |                                                 |
| \\      /  F ield         | OpenFOAM: The Open Source CFD Toolbox           |
|  \\    /   O peration     | Version:  3.0.0                                 |
|   \\  /    A nd           | Web:      www.OpenFOAM.org                      |
|    \\/     M anipulation  |                                                 |
\*---------------------------------------------------------------------------*/
FoamFile
{
    version     2.0;
    format      ascii;
    class       volScalarField;
    location    "398";
    object      p;
}
// * * * * * * * * * * * * * * * * * * * * * * * * * * * * * * * * * * * * * //

dimensions      [0 2 -2 0 0 0 0];

internalField   nonuniform List<scalar> 
10720
(
-0.000143757
-80.804
-175.5
-266.043
-346.684
-427.898
-497.525
-553.488
-600.544
-635.059
-659.173
-675.156
-684.257
-687.035
-683.912
-674.421
-659.773
-638.659
-612.322
-579.382
-540.942
-496.197
-447.461
-395.68
-344.401
-298.746
-257.624
-217.331
-177.554
-138.497
-99.9529
-61.758
-23.7885
14.209
52.4985
92.2246
133.566
182.491
229.096
83.7389
160.389
245.823
328.355
402.072
462.671
506.215
530.203
537.706
534.602
521.959
502.84
481.588
460.18
439.371
419.221
400.022
381.551
363.62
345.797
328.043
310.064
291.94
274.033
258.119
245.242
234.461
225.434
218.172
212.739
209.06
207.023
206.542
207.617
210.25
214.826
221.842
234.865
257.619
148.783
86.5841
18.0577
-53.3636
-125.534
-198.344
-267.78
-331.715
-389.685
-439.933
-482.558
-517.639
-545.004
-564.835
-577.058
-581.831
-579.813
-570.528
-554.586
-531.395
-501.605
-464.986
-423.338
-377.876
-331.781
-289.458
-250.392
-211.678
-173.116
-135.005
-97.2269
-59.6525
-22.1841
15.4147
53.3958
92.8863
134.048
182.901
228.767
205.433
260.182
315.922
371.459
422.523
466.38
499.807
520.329
528.588
526.67
516.277
500.397
481.87
462.304
442.55
422.995
403.971
385.472
367.397
349.482
331.658
313.743
295.814
278.251
262.441
249.284
238.143
228.735
221.093
215.28
211.234
208.866
208.093
208.908
211.322
215.724
222.605
235.548
257.308
172.32
116.541
54.8124
-12.4744
-81.1254
-150.323
-218.48
-282.704
-341.384
-393.65
-438.348
-475.044
-503.825
-525.156
-539.185
-546.201
-546.379
-539.607
-526.156
-505.846
-479.051
-445.872
-407.646
-365.71
-322.683
-282.182
-244.282
-206.723
-169.167
-131.881
-94.785
-57.7632
-20.7355
16.5144
54.2246
93.501
134.49
183.167
228.614
223.382
274.099
325.675
375.916
421.083
459.486
488.857
507.526
516.141
515.951
508.217
495.145
478.803
460.741
441.978
423.092
404.456
386.199
368.289
350.558
332.919
315.256
297.636
280.407
264.677
251.32
239.989
230.416
222.615
216.639
212.436
209.922
209.014
209.707
212.02
216.342
223.163
235.994
256.819
209.783
162.845
109.978
52.5659
-6.93964
-68.3555
-129.892
-189.625
-246.146
-298.334
-345.085
-385.752
-420.026
-447.793
-468.92
-483.23
-490.483
-490.567
-483.53
-469.332
-448.229
-420.504
-387.259
-349.895
-310.684
-272.713
-236.55
-200.533
-164.263
-128.016
-91.778
-55.4564
-18.9918
17.8098
55.17
94.1628
134.913
183.291
228.35
252.288
293.81
336.234
378.318
416.59
449.783
475.861
493.214
502.171
503.479
498.047
487.563
473.621
457.561
440.369
422.656
404.836
387.132
369.595
352.151
334.748
317.335
299.991
283.048
267.422
253.937
242.436
232.674
224.663
218.46
214.03
211.293
210.18
210.688
212.847
217.047
223.765
236.412
256.314
224.69
182.869
135.531
83.7021
29.7929
-26.5468
-83.8159
-140.233
-194.697
-246.031
-293.072
-335.039
-371.323
-401.49
-425.227
-442.211
-452.285
-455.365
-451.433
-440.542
-422.862
-398.744
-369.094
-335.242
-299.147
-263.386
-228.766
-194.12
-159.041
-123.796
-88.4173
-52.8277
-16.9759
19.3184
56.2648
94.9074
135.347
183.318
227.843
262.689
299.612
337.388
374.758
408.67
438.327
462.017
478.405
487.62
490.13
486.686
478.541
466.905
452.882
437.363
420.956
404.107
387.106
370.08
353.041
335.98
318.9
301.894
285.279
269.822
256.278
244.641
234.721
226.532
220.136
215.509
212.583
211.296
211.648
213.674
217.762
224.376
236.812
255.779
236.199
199.134
156.901
110.67
62.5036
11.7176
-40.2676
-92.0378
-142.771
-191.369
-236.823
-278.363
-315.277
-346.985
-373.046
-393.075
-406.795
-413.943
-414.293
-407.793
-394.514
-374.769
-349.317
-319.384
-286.689
-253.414
-220.541
-187.366
-153.546
-119.344
-84.848
-50.0098
-14.7928
20.9664
57.4635
95.7065
135.771
183.22
227.096
269.846
302.374
335.848
369.169
399.51
426.326
448.103
463.684
473.042
476.483
474.664
468.525
458.994
446.958
433.184
418.236
402.551
386.448
370.111
353.618
337.013
320.339
303.714
287.445
272.189
258.635
246.893
236.838
228.486
221.904
217.08
213.959
212.486
212.668
214.545
218.506
224.995
237.178
255.195
242.07
208.602
170.345
128.414
84.7869
38.5058
-9.15576
-56.9542
-104.326
-150.275
-193.915
-234.533
-271.374
-303.781
-331.212
-353.174
-369.184
-378.936
-382.117
-378.663
-368.623
-352.284
-330.289
-303.729
-274.09
-243.19
-212.065
-180.369
-147.832
-114.701
-81.109
-47.0406
-12.4773
22.724
58.7425
96.5457
136.173
182.983
226.118
272.473
301.752
332.002
362.194
389.742
414.284
434.513
449.38
458.767
462.919
462.402
457.945
450.274
440.089
428.03
414.584
400.158
385.075
369.552
353.718
337.662
321.47
305.278
289.388
274.376
260.874
249.075
238.916
230.424
223.67
218.659
215.35
213.695
213.707
215.434
219.261
225.612
237.501
254.57
245.33
214.944
180.11
141.951
102.332
60.1376
16.5479
-27.3528
-71.1887
-114.104
-155.319
-194.232
-230.129
-262.345
-290.287
-313.402
-331.156
-343.189
-349.12
-348.751
-342.033
-329.169
-310.675
-287.494
-260.913
-232.464
-203.191
-173.042
-141.846
-109.837
-77.1917
-43.9271
-10.0452
24.5758
60.0901
97.4184
136.551
182.611
224.914
272.965
299.501
327.043
354.635
379.877
402.522
421.451
435.665
444.988
449.667
450.174
447.104
441.034
432.521
422.084
410.128
397.01
383.038
368.436
353.366
337.953
322.317
306.614
291.139
276.414
263.02
251.207
240.976
232.366
225.456
220.269
216.775
214.939
214.778
216.35
220.032
226.228
237.781
253.906
246.524
218.7
186.748
151.765
115.539
76.8765
36.8451
-3.57443
-44.1631
-84.1675
-122.929
-159.952
-194.579
-226.173
-254.142
-277.896
-296.86
-310.578
-318.617
-320.683
-316.684
-306.764
-291.338
-271.21
-247.474
-221.406
-194
-165.42
-135.594
-104.748
-73.0866
-40.6634
-7.49677
26.5131
61.4966
98.3189
136.911
182.124
223.504
271.859
296.133
321.43
346.852
370.155
391.197
409.007
422.615
431.809
436.86
438.165
436.222
431.511
424.474
415.53
405.003
393.195
380.379
366.771
352.547
337.856
322.844
307.684
292.666
278.273
265.042
253.262
242.993
234.292
227.247
221.895
218.224
216.21
215.876
217.288
220.815
226.838
238.017
253.206
246.431
220.809
191.352
159.132
125.861
90.3088
53.4706
16.2292
-21.3095
-58.4785
-94.7351
-129.676
-162.71
-193.274
-220.793
-244.668
-264.317
-279.241
-288.993
-293.189
-291.663
-284.479
-271.936
-254.703
-233.701
-209.983
-184.476
-157.498
-129.073
-99.426
-68.7871
-37.2411
-4.8255
28.5388
62.9584
99.2405
137.254
181.535
221.92
269.794
292.138
315.518
339.086
360.731
380.39
397.216
410.25
419.271
424.572
426.491
425.457
421.881
416.126
408.529
399.34
388.806
377.156
364.586
351.27
337.369
323.043
308.477
293.959
279.941
266.927
255.23
244.96
236.196
229.036
223.534
219.694
217.507
216.999
218.247
221.609
227.442
238.208
252.469
245.443
221.726
194.436
164.62
133.93
101.113
67.1046
32.7074
-2.03771
-36.5516
-70.3896
-103.235
-134.564
-163.879
-190.651
-214.309
-234.27
-250.01
-261.058
-266.981
-267.534
-262.72
-252.749
-238.157
-219.707
-198.261
-174.651
-149.29
-122.289
-93.8742
-64.2917
-33.6571
-2.02731
30.6564
64.4765
100.18
137.579
180.856
220.195
267.102
287.786
309.511
331.474
351.675
370.129
386.069
398.556
407.382
412.836
415.218
414.913
412.282
407.627
401.223
393.264
383.94
373.437
361.92
349.551
336.49
322.904
308.981
295.004
281.404
268.659
257.095
246.862
238.065
230.814
225.179
221.181
218.825
218.145
219.224
222.411
228.035
238.355
251.701
243.868
221.822
196.439
168.743
140.325
109.933
78.4542
46.6262
14.4334
-17.6086
-49.1345
-79.9036
-109.461
-137.382
-163.185
-186.335
-206.277
-222.484
-234.472
-241.793
-244.118
-241.393
-233.743
-221.581
-205.524
-186.268
-164.54
-140.808
-115.248
-88.093
-59.5999
-29.9104
0.899586
32.8674
66.0521
101.135
137.883
180.09
218.35
264.036
283.271
303.547
324.097
343.029
360.417
375.551
387.517
396.127
401.659
404.389
404.664
402.811
399.091
393.734
386.886
378.691
369.291
358.819
347.415
335.23
322.427
309.188
295.791
282.652
270.225
258.841
248.686
239.89
232.573
226.824
222.68
220.161
219.31
220.217
223.218
228.617
238.459
250.903
241.91
221.339
197.649
171.835
145.432
117.2
87.9844
58.4732
28.6042
-1.16344
-30.5177
-59.2875
-87.0791
-113.533
-138.229
-160.678
-180.356
-196.752
-209.369
-217.774
-221.565
-220.633
-215.033
-205.067
-191.224
-174.053
-154.175
-132.067
-107.958
-82.0859
-54.7114
-25.9991
3.95658
35.173
67.6849
102.106
138.162
179.242
216.397
260.754
278.717
297.707
317.004
334.806
351.241
365.636
377.104
385.483
391.036
394.021
394.753
393.539
390.61
386.16
380.303
373.145
364.789
355.336
344.897
333.606
321.613
309.094
296.314
283.675
271.611
260.457
250.421
241.658
234.303
228.459
224.184
221.51
220.491
221.222
224.029
229.185
238.52
250.078
239.712
220.456
198.283
174.152
149.549
123.254
96.0705
68.6525
40.8964
13.2213
-14.1078
-40.9727
-67.0391
-92.0041
-115.51
-137.117
-156.336
-172.686
-185.67
-194.878
-199.861
-200.455
-196.652
-188.663
-176.86
-161.662
-143.583
-123.086
-100.431
-75.8577
-49.6279
-21.9231
7.14516
37.5744
69.375
103.091
138.413
178.317
214.345
257.375
274.203
292.048
310.219
327.006
342.577
356.289
367.287
375.424
380.956
384.12
385.211
384.518
382.253
378.584
373.603
367.386
360.004
351.525
342.032
331.637
320.473
308.7
296.569
284.466
272.808
261.928
252.053
243.359
235.994
230.079
225.686
222.867
221.685
222.238
224.84
229.735
238.541
249.231
237.376
219.304
198.495
175.881
152.895
128.342
102.997
77.4705
51.6405
25.8901
0.440242
-24.631
-49.0395
-72.5368
-94.8128
-115.483
-134.102
-150.221
-163.359
-173.125
-179.05
-180.917
-178.67
-172.438
-162.494
-149.145
-132.801
-113.888
-92.6799
-69.4157
-44.3522
-17.683
10.4659
40.0719
71.1229
104.091
138.634
177.319
212.204
253.978
269.786
286.597
303.751
319.621
334.401
347.479
358.03
365.919
371.395
374.68
376.05
375.781
374.071
371.073
366.86
361.487
355
347.44
338.862
329.352
319.022
308.013
296.555
285.018
273.807
263.244
253.57
244.98
237.636
231.672
227.181
224.228
222.886
223.26
225.648
230.267
238.523
248.364
234.975
217.976
198.404
177.165
155.639
132.666
108.986
85.1773
61.1041
37.1194
13.4065
-9.98638
-32.816
-54.8815
-75.923
-95.6012
-113.519
-129.263
-142.379
-152.488
-159.133
-162.046
-161.127
-156.442
-148.179
-136.548
-121.863
-104.497
-84.7221
-62.7698
-38.8895
-13.2806
13.918
42.6661
72.9289
105.105
138.825
176.255
209.984
250.616
265.503
281.375
297.601
312.635
326.687
339.174
349.3
356.94
362.335
365.694
367.277
367.351
366.104
363.677
360.133
355.513
349.84
343.136
335.43
326.782
317.279
307.041
296.275
285.332
274.6
264.393
254.961
246.51
239.217
233.231
228.659
225.584
224.089
224.283
226.45
230.778
238.468
247.482
232.563
216.54
198.095
178.109
157.91
136.374
114.209
91.9658
69.4982
47.1303
25.0224
3.19775
-18.141
-38.8292
-58.6523
-77.3152
-94.4644
-109.727
-122.677
-132.949
-140.119
-143.868
-144.068
-140.73
-133.973
-123.925
-110.81
-94.943
-76.5769
-55.9327
-33.2468
-8.71975
17.5006
45.3566
74.7926
106.135
138.987
175.13
207.693
247.326
261.376
276.39
291.765
306.035
319.411
331.342
341.065
348.455
353.75
357.146
358.889
359.24
358.378
356.436
353.473
349.517
344.581
338.666
331.78
323.96
315.269
305.8
295.736
285.406
275.182
265.369
256.215
247.938
240.728
234.745
230.114
226.93
225.29
225.304
227.243
231.266
238.379
246.588
230.176
215.046
197.637
178.797
159.81
139.584
118.804
97.9911
76.994
56.1126
35.4872
15.1178
-4.8196
-24.1972
-42.8343
-60.4774
-76.8187
-91.5187
-104.19
-114.476
-121.997
-126.399
-127.525
-125.347
-119.926
-111.323
-99.6831
-85.2559
-68.2666
-48.919
-27.4331
-4.00526
21.2108
48.1424
76.7137
107.18
139.123
173.955
205.345
244.135
257.418
271.643
286.235
299.8
312.547
323.956
333.294
340.437
345.618
349.023
350.884
351.456
350.913
349.382
346.919
343.549
339.272
334.077
327.956
320.923
313.017
304.307
294.948
285.245
275.553
266.163
257.322
249.254
242.158
236.206
231.535
228.259
226.481
226.318
228.022
231.729
238.259
245.688
227.84
213.533
197.076
179.292
161.415
142.394
122.883
103.381
83.7316
64.2175
44.96
25.9428
7.31589
-10.8177
-28.3127
-44.9499
-60.4627
-74.5475
-86.8519
-97.0356
-104.757
-109.647
-111.526
-110.334
-106.085
-98.7911
-88.5232
-75.4685
-59.8159
-41.7459
-21.4594
0.856215
25.0453
51.0218
78.692
108.243
139.234
172.738
202.95
241.059
253.636
267.134
281.001
293.91
306.071
316.988
325.957
332.857
337.915
341.305
343.25
343.998
343.72
342.537
340.505
337.646
333.956
329.414
323.998
317.705
310.551
302.581
293.922
284.855
275.713
266.773
258.275
250.448
243.496
237.602
232.916
229.562
227.658
227.319
228.785
232.165
238.11
244.786
225.576
212.029
196.452
179.642
162.788
144.874
126.532
108.235
89.8254
71.5706
53.5779
35.8153
18.4147
1.45421
-14.9491
-30.6072
-45.2883
-58.725
-70.5971
-80.584
-88.38
-93.6163
-96.0924
-95.7243
-92.4952
-86.374
-77.3724
-65.6154
-51.2512
-34.4331
-15.339
5.85633
28.9991
53.9925
80.7267
109.323
139.325
171.488
200.523
238.109
250.034
262.858
276.05
288.349
299.96
310.412
319.029
325.691
330.618
333.977
335.978
336.866
336.805
335.916
334.255
331.842
328.671
324.716
319.946
314.342
307.901
300.645
292.676
284.244
275.664
267.194
259.068
251.511
244.734
238.924
234.245
230.832
228.811
228.302
229.527
232.573
237.937
243.886
223.396
210.553
195.793
179.886
163.977
147.087
129.822
112.636
95.3699
78.2772
61.4516
44.8535
28.5947
12.737
-2.62704
-17.3394
-31.1975
-43.9662
-55.3581
-65.0771
-72.8413
-78.3015
-81.2371
-81.5478
-79.1951
-74.1156
-66.2722
-55.7326
-42.6013
-27.002
-9.0873
10.985
33.0661
57.0515
82.8168
110.423
139.399
170.217
198.075
235.293
246.612
258.807
271.371
283.099
294.194
304.206
312.487
318.916
323.707
327.02
329.057
330.053
330.172
329.53
328.186
326.161
323.448
320.019
315.836
310.868
305.097
298.525
291.226
283.425
275.411
267.428
259.696
252.437
245.862
240.164
235.514
232.06
229.936
229.261
230.244
232.951
237.74
242.993
221.307
209.121
195.122
180.055
165.022
149.079
132.813
116.653
100.445
84.4257
68.6804
53.1608
37.9667
23.1424
8.7601
-5.04295
-18.0962
-30.1913
-41.0718
-50.4671
-58.1139
-63.6935
-66.9688
-67.8268
-66.2178
-62.0554
-55.2621
-45.8554
-33.8958
-19.4765
-2.72146
16.2306
37.2392
60.1945
84.9614
111.544
139.462
168.935
195.622
232.611
243.367
254.974
266.95
278.143
288.751
298.347
306.305
312.507
317.161
320.42
322.473
323.553
323.819
323.386
322.314
320.625
318.315
315.354
311.7
307.315
302.169
296.244
289.592
282.409
274.963
267.476
260.157
253.219
246.871
241.311
236.715
233.238
231.023
230.19
230.932
233.298
237.525
242.112
219.317
207.743
194.454
180.171
165.951
150.89
135.549
120.341
105.112
90.0883
75.3435
60.8264
46.6231
32.7659
19.3102
6.37304
-5.89922
-17.3253
-27.6761
-36.7066
-44.1687
-49.7784
-53.2894
-54.5807
-53.5934
-50.2292
-44.38
-36.0191
-25.1662
-11.8812
3.73953
21.5792
41.5093
63.4173
87.159
112.689
139.52
167.654
193.178
230.066
240.296
251.352
262.776
273.465
283.614
292.815
300.464
306.445
310.961
314.157
316.214
317.357
317.744
317.487
316.646
315.249
313.291
310.745
307.566
303.713
299.144
293.828
287.794
281.214
274.328
267.343
260.449
253.852
247.756
242.357
237.837
234.357
232.065
231.083
231.588
233.613
237.293
241.246
217.427
206.426
193.801
180.252
166.791
152.551
138.071
123.746
109.427
95.3247
81.5084
67.922
54.6423
41.6901
29.107
16.9921
5.47069
-5.29693
-15.1094
-23.7455
-30.9721
-36.5391
-40.1963
-41.8193
-41.3442
-38.6686
-33.6618
-26.2592
-16.4444
-4.24314
10.2749
27.017
45.8665
66.7137
89.4081
113.86
139.58
166.385
190.757
227.655
237.392
247.932
258.837
269.052
278.764
287.59
294.942
300.71
305.09
308.217
310.266
311.456
311.941
311.831
311.19
310.045
308.395
306.214
303.461
300.089
296.05
291.302
285.855
279.855
273.519
267.034
260.575
254.334
248.509
243.295
238.872
235.408
233.055
231.934
232.207
233.895
237.047
240.4
215.638
205.175
193.175
180.312
167.561
154.088
140.411
126.909
113.434
100.189
87.2352
74.5146
62.0942
49.9864
38.2234
26.8871
16.0854
5.95828
-3.31624
-11.538
-18.4919
-23.9564
-27.6842
-29.5502
-29.4908
-27.4024
-23.1401
-16.609
-7.76049
3.41055
16.8636
32.5259
50.2998
70.0782
91.7064
115.06
139.648
165.14
188.375
225.377
234.652
244.704
255.121
264.886
274.185
282.654
289.724
295.285
299.528
302.583
304.616
305.84
306.404
306.418
305.947
305.02
303.639
301.781
299.406
296.467
292.912
288.69
283.795
278.35
272.549
266.558
260.537
254.664
249.127
244.117
239.813
236.384
233.984
232.736
232.785
234.143
236.788
239.577
213.95
203.993
192.579
180.363
168.276
155.52
142.595
129.859
117.172
104.724
92.5723
80.6575
69.0386
57.7196
46.7255
36.1249
26.0095
16.5011
7.75859
-0.0394116
-6.69236
-12.0079
-15.744
-17.7783
-18.0487
-16.4547
-12.8444
-7.09968
0.85526
11.0536
23.4811
38.0897
54.7971
73.5022
94.053
116.292
139.734
163.932
186.046
223.229
232.068
241.661
251.614
260.956
269.863
277.991
284.79
290.152
294.261
297.241
299.251
300.498
301.127
301.245
300.918
300.179
299.032
297.457
295.418
292.868
289.752
286.014
281.635
276.717
271.43
265.924
260.339
254.841
249.607
244.818
240.652
237.276
234.846
233.483
233.318
234.355
236.52
238.78
212.361
202.882
192.021
180.411
168.948
156.866
144.643
132.625
120.672
108.969
97.5631
86.3984
75.5255
64.9443
54.6703
44.7632
35.3001
26.387
18.1656
10.7941
4.45989
-0.668929
-4.36283
-6.5007
-7.0257
-5.84446
-2.80169
2.23809
9.37248
18.6582
30.1053
43.6886
59.3449
76.9799
96.4432
117.557
139.845
162.77
183.786
221.206
229.634
238.793
248.309
257.248
265.783
273.586
280.126
285.295
289.273
292.177
294.159
295.419
296.099
296.305
296.102
295.525
294.582
293.256
291.513
289.31
286.591
283.295
279.396
274.974
270.179
265.142
259.989
254.869
249.946
245.393
241.382
238.078
235.633
234.168
233.802
234.531
236.244
238.011
210.87
201.841
191.502
180.465
169.588
158.138
146.575
135.227
123.962
112.952
102.243
91.7769
81.6007
71.7076
62.1091
52.8548
44.0096
35.6664
27.9509
21.0046
14.9984
10.0849
6.47299
4.28465
3.56967
4.41198
6.96636
11.3779
17.7627
26.1965
36.7121
49.3049
63.9286
80.5013
98.876
118.86
139.988
161.667
181.605
219.304
227.344
236.093
245.193
253.75
261.931
269.424
275.715
280.7
284.55
287.377
289.327
290.593
291.315
291.593
291.496
291.059
290.292
289.184
287.703
285.808
283.446
280.554
277.097
273.139
268.81
264.226
259.495
254.751
250.145
245.84
241.999
238.782
236.339
234.788
234.233
234.671
235.96
237.273
209.474
200.87
191.024
180.528
170.204
159.348
148.404
137.685
127.063
116.702
106.644
96.8299
87.303
78.0537
69.0873
60.4455
52.1845
44.3849
37.1579
30.6309
24.9576
20.2784
16.7813
14.5846
13.7345
14.3033
16.4394
20.2961
25.9997
33.6427
43.2774
54.9175
68.5349
84.0571
101.347
120.202
140.174
160.633
179.518
217.519
225.192
233.551
242.257
250.45
258.295
265.492
271.545
276.35
280.076
282.828
284.742
286.01
286.763
287.103
287.096
286.779
286.166
285.248
283.997
282.377
280.334
277.807
274.755
271.228
267.339
263.186
258.864
254.492
250.206
246.156
242.498
239.383
236.958
235.335
234.609
234.772
235.669
236.566
208.168
199.967
190.589
180.604
170.8
160.506
150.144
140.016
129.997
120.243
110.793
101.588
92.6677
84.0195
75.6447
67.5785
59.8683
52.5855
45.8274
39.7089
34.3682
29.9362
26.5778
24.4094
23.4698
23.8206
25.6024
28.9709
34.0596
40.9728
49.7786
60.5074
73.1473
87.6387
103.853
121.585
140.408
159.678
177.537
215.846
223.17
231.16
239.491
247.339
254.862
261.777
267.601
272.235
275.84
278.516
280.394
281.657
282.436
282.826
282.896
282.684
282.204
281.451
280.403
279.024
277.266
275.069
272.387
269.259
265.781
262.036
258.108
254.099
250.131
246.342
242.875
239.877
237.484
235.805
234.925
234.834
235.371
235.889
206.951
199.132
190.196
180.695
171.383
161.617
151.805
142.232
132.778
123.593
114.712
106.077
97.7235
89.6374
81.8164
74.2901
67.0987
60.3052
53.996
48.2733
43.2619
39.0834
35.8817
33.769
32.7782
32.9595
34.4436
37.3846
41.9204
48.1633
56.1931
66.055
77.7512
91.2349
106.389
123.012
140.698
158.812
175.67
214.279
221.273
228.911
236.886
244.406
251.622
258.266
263.872
268.341
271.829
274.43
276.27
277.526
278.323
278.756
278.891
278.769
278.404
277.796
276.925
275.76
274.256
272.354
270.008
267.246
264.149
260.79
257.236
253.578
249.924
246.397
243.131
240.26
237.913
236.194
235.178
234.856
235.066
235.244
205.818
198.361
189.845
180.802
171.956
162.689
153.394
144.343
135.421
126.77
118.422
110.32
102.497
94.9363
87.6333
80.6132
73.9102
67.5792
61.6972
56.3555
51.6672
47.7435
44.7115
42.6764
41.665
41.7174
42.9535
45.5226
49.5637
55.1932
62.5
71.5406
82.331
94.8359
108.951
124.483
141.052
158.041
173.929
212.814
219.495
226.799
234.434
241.64
248.565
254.949
260.346
264.656
268.031
270.559
272.361
273.606
274.417
274.884
275.075
275.029
274.765
274.282
273.567
272.59
271.31
269.673
267.631
265.203
262.46
259.459
256.26
252.939
249.591
246.326
243.263
240.529
238.241
236.499
235.367
234.836
234.754
234.627
204.765
197.652
189.535
180.927
172.521
163.727
154.92
146.361
137.939
129.789
121.94
114.338
107.01
99.9406
93.123
86.5773
80.3333
74.4386
68.9621
63.9858
59.6111
55.9409
53.0858
51.144
50.137
50.0946
51.1258
53.3732
56.9729
62.0437
68.6797
76.947
86.8717
98.4312
111.534
125.999
141.474
157.375
172.32
211.445
217.828
224.815
232.126
239.033
245.679
251.816
257.012
261.17
264.435
266.892
268.654
269.886
270.707
271.203
271.441
271.462
271.283
270.91
270.33
269.518
268.437
267.036
265.268
263.144
260.724
258.057
255.191
252.191
249.139
246.13
243.275
240.684
238.468
236.717
235.488
234.774
234.432
234.038
203.789
197.003
189.265
181.07
173.08
164.733
156.388
148.293
140.342
132.663
125.282
118.147
111.284
104.674
98.3101
92.2087
86.3954
80.9114
75.8192
71.1912
67.1195
63.6984
61.0239
59.1871
58.2033
58.0939
58.9572
60.9268
64.1346
68.6981
74.7149
82.2564
91.359
102.01
114.133
127.559
141.97
156.817
170.851
210.169
216.269
222.952
229.955
236.576
242.956
248.856
253.859
257.871
261.03
263.417
265.141
266.358
267.184
267.704
267.982
268.059
267.956
267.677
267.215
266.548
265.642
264.45
262.927
261.08
258.955
256.596
254.041
251.343
248.574
245.817
243.167
240.725
238.59
236.845
235.54
234.668
234.099
233.473
202.886
196.411
189.033
181.23
173.635
165.711
157.802
150.145
142.637
135.401
128.46
121.764
115.335
109.156
103.216
97.5311
92.1216
87.0242
82.2944
77.9975
74.2164
71.0375
68.5436
66.819
65.8738
65.7206
66.4467
68.1773
71.038
75.1429
80.5895
87.4536
95.7787
105.562
116.74
129.163
142.541
156.374
169.526
208.98
214.809
221.204
227.912
234.262
240.386
246.06
250.879
254.75
257.807
260.126
261.81
263.011
263.84
264.379
264.691
264.817
264.778
264.581
264.222
263.681
262.929
261.923
260.619
259.02
257.164
255.087
252.819
250.406
247.905
245.39
242.943
240.653
238.609
236.884
235.522
234.518
233.754
232.93
202.052
195.873
188.837
181.407
174.187
166.663
159.167
151.924
144.834
138.014
131.487
125.202
119.18
113.403
107.861
102.565
97.5343
92.8
88.4116
84.4283
80.9244
77.9793
75.6638
74.0557
73.1594
72.9804
73.5958
75.1214
77.675
81.3661
86.2899
92.5244
100.118
109.077
119.351
130.807
143.19
156.047
168.349
207.873
213.446
219.565
225.992
232.081
237.962
243.419
248.06
251.796
254.755
257.009
258.654
259.837
260.666
261.22
261.56
261.728
261.744
261.619
261.348
260.918
260.301
259.458
258.35
256.973
255.361
253.54
251.537
249.388
247.141
244.858
242.609
240.473
238.525
236.833
235.434
234.321
233.395
232.404
201.283
195.385
188.676
181.6
174.736
167.592
160.487
153.633
146.938
140.511
134.371
128.472
122.832
117.432
112.262
107.33
102.654
98.2598
94.1926
90.5049
87.2644
84.5435
82.4023
80.9117
80.0715
79.8812
80.4081
81.7579
84.0404
87.3586
91.8047
97.4563
104.365
112.545
121.958
132.491
143.918
155.839
167.322
206.845
212.172
218.029
224.187
230.027
235.675
240.924
245.396
249.002
251.866
254.055
255.662
256.827
257.655
258.22
258.584
258.786
258.85
258.786
258.592
258.258
257.759
257.06
256.125
254.947
253.554
251.967
250.206
248.301
246.291
244.227
242.17
240.186
238.342
236.694
235.274
234.079
233.019
231.892
200.575
194.946
188.547
181.808
175.281
168.497
161.762
155.278
148.955
142.897
137.123
131.586
126.303
121.257
116.434
111.843
107.498
103.423
99.657
96.2481
93.2563
90.7487
88.7761
87.4022
86.6232
86.4321
86.8884
88.0876
90.1309
93.1139
97.1247
102.239
108.51
115.958
124.556
134.208
144.724
155.75
166.445
205.889
210.983
216.59
222.491
228.093
233.519
238.568
242.877
246.358
249.13
251.258
252.826
253.973
254.796
255.37
255.753
255.986
256.09
256.079
255.951
255.7
255.304
254.732
253.95
252.949
251.752
250.375
248.835
247.153
245.363
243.507
241.634
239.8
238.062
236.468
235.045
233.789
232.624
231.389
199.925
194.552
188.449
182.03
175.824
169.382
162.997
156.862
150.89
145.18
139.749
134.552
129.605
124.889
120.391
116.119
112.084
108.307
104.823
101.676
98.9189
96.613
94.8023
93.5424
92.8264
92.6429
93.0433
94.1133
95.9454
98.6277
102.243
106.863
112.542
119.305
127.136
135.956
145.605
155.778
165.718
205.003
209.874
215.242
220.898
226.272
231.484
236.343
240.495
243.857
246.541
248.608
250.139
251.266
252.084
252.663
253.062
253.32
253.459
253.492
253.422
253.242
252.936
252.475
251.827
250.984
249.961
248.773
247.432
245.955
244.368
242.705
241.006
239.319
237.689
236.158
234.748
233.453
232.209
230.893
199.329
194.2
188.378
182.265
176.363
170.245
164.192
158.387
152.747
147.365
142.257
137.38
132.747
128.34
124.146
120.172
116.426
112.927
109.708
106.805
104.269
102.153
100.497
99.3467
98.6942
98.5244
98.8804
99.8395
101.485
103.898
107.154
111.322
116.455
122.581
129.693
137.729
146.558
155.921
165.138
204.182
208.841
213.98
219.401
224.559
229.566
234.241
238.244
241.491
244.089
246.097
247.592
248.698
249.51
250.092
250.504
250.782
250.95
251.022
251.001
250.883
250.654
250.289
249.76
249.055
248.188
247.169
246.008
244.716
243.315
241.831
240.297
238.75
237.23
235.768
234.384
233.069
231.772
230.398
198.784
193.887
188.334
182.511
176.898
171.088
165.35
159.856
154.529
149.457
144.653
140.075
135.737
131.62
127.711
124.014
120.538
117.3
114.326
111.653
109.323
107.386
105.874
104.83
104.24
104.087
104.408
105.272
106.753
108.924
111.855
115.61
120.241
125.777
132.219
139.522
147.579
156.175
164.701
203.423
207.878
212.799
217.996
222.946
227.758
232.257
236.116
239.252
241.768
243.719
245.177
246.263
247.066
247.651
248.072
248.367
248.56
248.664
248.685
248.62
248.457
248.176
247.751
247.168
246.438
245.57
244.568
243.444
242.212
240.893
239.513
238.102
236.69
235.303
233.956
232.64
231.31
229.9
198.287
193.611
188.314
182.767
177.428
171.911
166.471
161.272
156.241
151.46
146.942
142.646
138.584
134.737
131.094
127.657
124.434
121.437
118.694
116.234
114.097
112.326
110.951
110.006
109.477
109.344
109.637
110.418
111.753
113.708
116.346
119.725
123.895
128.887
134.708
141.327
148.661
156.534
164.402
202.72
206.983
211.695
216.678
221.428
226.053
230.384
234.104
237.134
239.57
241.466
242.888
243.953
244.747
245.331
245.76
246.069
246.282
246.413
246.469
246.449
246.344
246.135
245.8
245.324
244.716
243.98
243.121
242.147
241.068
239.9
238.664
237.381
236.075
234.768
233.467
232.165
230.823
229.398
197.834
193.369
188.315
183.031
177.954
172.713
167.555
162.636
157.884
153.378
149.129
145.097
141.294
137.701
134.307
131.112
128.123
125.352
122.822
120.561
118.603
116.988
115.741
114.889
114.417
114.305
114.576
115.286
116.492
118.253
120.625
123.664
127.413
131.906
137.155
143.139
149.798
156.992
164.235
202.072
206.15
210.662
215.441
220
224.446
228.615
232.203
235.129
237.489
239.331
240.718
241.762
242.546
243.128
243.561
243.881
244.111
244.265
244.351
244.369
244.313
244.166
243.909
243.527
243.024
242.406
241.674
240.834
239.892
238.862
237.757
236.596
235.394
234.168
232.922
231.647
230.311
228.887
197.422
193.158
188.337
183.302
178.473
173.496
168.605
163.951
159.462
155.215
151.218
147.435
143.874
140.519
137.356
134.388
131.617
129.056
126.725
124.648
122.857
121.385
120.257
119.492
119.075
118.984
119.237
119.884
120.975
122.563
124.697
127.426
130.793
134.83
139.552
144.951
150.983
157.541
164.193
201.474
205.375
209.698
214.28
218.658
222.931
226.945
230.405
233.233
235.519
237.308
238.66
239.683
240.456
241.035
241.471
241.799
242.041
242.214
242.325
242.376
242.361
242.268
242.078
241.777
241.367
240.852
240.232
239.51
238.692
237.787
236.803
235.755
234.653
233.509
232.324
231.088
229.772
228.365
197.049
192.976
188.376
183.579
178.985
174.258
169.621
165.216
160.976
156.973
153.214
149.664
146.331
143.197
140.251
137.493
134.925
132.559
130.412
128.506
126.87
125.532
124.513
123.829
123.463
123.391
123.631
124.222
125.211
126.643
128.563
131.013
134.033
137.655
141.896
146.756
152.209
158.173
164.268
200.922
204.656
208.797
213.192
217.395
221.504
225.369
228.707
231.44
233.653
235.391
236.709
237.711
238.471
239.045
239.483
239.817
240.069
240.257
240.389
240.466
240.487
240.439
240.307
240.076
239.747
239.321
238.8
238.183
237.476
236.682
235.81
234.866
233.861
232.798
231.678
230.49
229.207
227.83
196.711
192.821
188.431
183.86
179.49
174.999
170.603
166.434
162.429
158.656
155.121
151.789
148.669
145.743
142.998
140.436
138.057
135.872
133.896
132.148
130.654
129.44
128.521
127.912
127.593
127.54
127.768
128.31
129.208
130.501
132.228
134.426
137.133
140.378
144.181
148.548
153.467
158.88
164.451
200.415
203.988
207.956
212.171
216.208
220.159
223.882
227.101
229.742
231.887
233.575
234.859
235.839
236.587
237.155
237.592
237.93
238.19
238.39
238.538
238.638
238.688
238.679
238.596
238.426
238.167
237.819
237.383
236.859
236.249
235.556
234.784
233.939
233.024
232.042
230.99
229.857
228.617
227.28
196.405
192.689
188.5
184.144
179.987
175.72
171.551
167.605
163.822
160.265
156.94
153.814
150.893
148.16
145.604
143.224
141.022
139.004
137.186
135.585
134.222
133.12
132.295
131.753
131.477
131.443
131.659
132.159
132.976
134.144
135.697
137.669
140.093
142.997
146.402
150.32
154.749
159.653
164.733
199.948
203.369
207.17
211.215
215.092
218.892
222.478
225.584
228.137
230.214
231.853
233.105
234.063
234.797
235.359
235.793
236.133
236.399
236.608
236.77
236.888
236.962
236.985
236.944
236.826
236.627
236.347
235.986
235.544
235.02
234.417
233.735
232.979
232.15
231.246
230.265
229.192
228.003
226.716
196.131
192.58
188.581
184.43
180.474
176.42
172.466
168.731
165.157
161.804
158.677
155.743
153.008
150.457
148.076
145.865
143.826
141.964
140.292
138.825
137.583
136.586
135.845
135.365
135.129
135.11
135.318
135.778
136.522
137.578
138.976
140.745
142.915
145.511
148.556
152.066
156.048
160.481
165.104
199.52
202.794
206.438
210.319
214.044
217.699
221.154
224.151
226.618
228.63
230.222
231.441
232.377
233.097
233.651
234.082
234.422
234.692
234.908
235.08
235.213
235.307
235.357
235.352
235.278
235.13
234.909
234.613
234.241
233.793
233.27
232.67
231.996
231.247
230.419
229.507
228.498
227.367
226.136
195.884
192.491
188.673
184.716
180.951
177.099
173.348
169.812
166.436
163.274
160.333
157.579
155.019
152.636
150.419
148.366
146.478
144.759
143.222
141.879
140.748
139.846
139.182
138.759
138.558
138.554
138.753
139.179
139.858
140.813
142.072
143.658
145.6
147.92
150.641
153.781
157.356
161.357
165.554
199.126
202.262
205.754
209.48
213.058
216.576
219.904
222.797
225.182
227.131
228.677
229.863
230.777
231.483
232.028
232.455
232.794
233.065
233.286
233.466
233.61
233.72
233.793
233.817
233.781
233.677
233.506
233.266
232.956
232.575
232.122
231.596
230.996
230.321
229.566
228.723
227.779
226.71
225.542
195.663
192.419
188.774
185.002
181.417
177.756
174.198
170.85
167.659
164.678
161.911
159.326
156.929
154.704
152.638
150.732
148.984
147.398
145.986
144.757
143.727
142.912
142.319
141.947
141.777
141.786
141.978
142.372
142.992
143.857
144.991
146.414
148.151
150.223
152.653
155.46
158.665
162.27
166.074
198.765
201.769
205.118
208.694
212.133
215.518
218.726
221.518
223.824
225.712
227.212
228.367
229.258
229.95
230.485
230.906
231.243
231.515
231.739
231.924
232.077
232.2
232.291
232.34
232.335
232.269
232.14
231.949
231.692
231.37
230.979
230.519
229.987
229.38
228.694
227.918
227.04
226.036
224.933
195.465
192.364
188.882
185.285
181.872
178.392
175.016
171.845
168.829
166.018
163.413
160.987
158.743
156.664
154.74
152.97
151.351
149.889
148.59
147.466
146.53
145.794
145.264
144.938
144.796
144.817
145.001
145.367
145.934
146.719
147.74
149.018
150.572
152.422
154.59
157.097
159.967
163.212
166.653
198.435
201.312
204.524
207.958
211.265
214.522
217.615
220.31
222.54
224.368
225.825
226.948
227.817
228.494
229.019
229.434
229.767
230.039
230.263
230.452
230.612
230.745
230.85
230.92
230.941
230.906
230.814
230.664
230.454
230.182
229.846
229.444
228.973
228.43
227.808
227.098
226.285
225.347
224.312
195.289
192.323
188.996
185.565
182.315
179.006
175.801
172.797
169.946
167.295
164.843
162.565
160.463
158.521
156.729
155.084
153.586
152.236
151.043
150.015
149.164
148.501
148.028
147.744
147.627
147.657
147.834
148.175
148.693
149.406
150.327
151.474
152.865
154.518
156.452
158.69
161.258
164.174
167.282
198.132
200.89
203.971
207.27
210.449
213.586
216.567
219.169
221.326
223.097
224.511
225.603
226.45
227.111
227.626
228.034
228.363
228.632
228.857
229.048
229.212
229.353
229.47
229.556
229.598
229.59
229.529
229.414
229.244
229.016
228.728
228.378
227.962
227.477
226.915
226.267
225.518
224.647
223.679
195.132
192.295
189.115
185.841
182.745
179.597
176.555
173.709
171.012
168.51
166.203
164.063
162.093
160.279
158.609
157.081
155.694
154.449
153.352
152.413
151.639
151.041
150.621
150.373
150.279
150.317
150.488
150.804
151.28
151.927
152.759
153.79
155.035
156.511
158.237
160.234
162.531
165.149
167.952
197.855
200.499
203.457
206.626
209.684
212.705
215.58
218.093
220.178
221.894
223.266
224.328
225.154
225.799
226.302
226.702
227.026
227.293
227.516
227.708
227.875
228.021
228.147
228.246
228.307
228.32
228.285
228.2
228.064
227.874
227.628
227.324
226.958
226.526
226.02
225.431
224.743
223.937
223.038
194.993
192.277
189.238
186.112
183.161
180.166
177.276
174.579
172.028
169.667
167.494
165.484
163.638
161.942
160.386
158.966
157.681
156.532
155.525
154.666
153.963
153.424
153.051
152.836
152.761
152.806
152.971
153.266
153.703
154.292
155.044
155.971
157.086
158.405
159.945
161.727
163.78
166.129
168.654
197.603
200.139
202.978
206.024
208.967
211.877
214.65
217.078
219.095
220.757
222.088
223.12
223.924
224.553
225.045
225.437
225.755
226.018
226.239
226.431
226.599
226.749
226.881
226.991
227.066
227.098
227.084
227.025
226.917
226.761
226.552
226.288
225.967
225.582
225.127
224.593
223.965
223.223
222.391
194.871
192.27
189.362
186.377
183.563
180.712
177.967
175.409
172.995
170.765
168.718
166.829
165.099
163.513
162.062
160.743
159.552
158.492
157.566
156.781
156.143
155.658
155.326
155.141
155.084
155.134
155.293
155.568
155.97
156.506
157.187
158.022
159.022
160.201
161.576
163.166
165.001
167.108
169.38
197.372
199.805
202.532
205.462
208.295
211.099
213.775
216.12
218.072
219.682
220.973
221.976
222.758
223.372
223.852
224.235
224.547
224.805
225.024
225.214
225.383
225.534
225.671
225.789
225.875
225.922
225.927
225.888
225.806
225.678
225.501
225.273
224.991
224.649
224.242
223.76
223.188
222.507
221.74
194.762
192.27
189.488
186.636
183.951
181.236
178.626
176.199
173.914
171.808
169.878
168.102
166.479
164.996
163.643
162.416
161.313
160.334
159.483
158.765
158.186
157.75
157.457
157.298
157.255
157.311
157.463
157.721
158.09
158.58
159.197
159.949
160.847
161.903
163.13
164.55
166.189
168.078
170.121
197.161
199.498
202.118
204.937
207.665
210.369
212.951
215.218
217.106
218.666
219.919
220.893
221.654
222.251
222.72
223.094
223.4
223.652
223.868
224.055
224.223
224.376
224.516
224.639
224.735
224.794
224.813
224.793
224.731
224.627
224.478
224.282
224.035
223.733
223.369
222.934
222.415
221.792
221.088
194.667
192.278
189.613
186.887
184.324
181.736
179.254
176.951
174.786
172.795
170.976
169.305
167.782
166.395
165.132
163.991
162.968
162.064
161.282
160.626
160.1
159.708
159.449
159.313
159.284
159.343
159.49
159.731
160.072
160.52
161.08
161.759
162.566
163.511
164.609
165.876
167.342
169.036
170.871
196.969
199.214
201.733
204.447
207.076
209.684
212.177
214.369
216.196
217.707
218.923
219.869
220.609
221.19
221.647
222.012
222.31
222.557
222.768
222.953
223.12
223.272
223.414
223.541
223.644
223.712
223.744
223.738
223.695
223.612
223.487
223.318
223.102
222.835
222.511
222.12
221.65
221.082
220.438
194.583
192.291
189.738
187.129
184.681
182.214
179.851
177.663
175.612
173.729
172.013
170.44
169.011
167.711
166.533
165.471
164.522
163.687
162.968
162.368
161.891
161.539
161.31
161.196
161.178
161.24
161.382
161.607
161.923
162.333
162.842
163.456
164.183
165.031
166.012
167.146
168.457
169.975
171.623
196.795
198.952
201.377
203.99
206.525
209.042
211.45
213.57
215.338
216.802
217.982
218.901
219.62
220.185
220.63
220.986
221.277
221.518
221.725
221.906
222.07
222.221
222.364
222.494
222.602
222.677
222.719
222.726
222.698
222.632
222.529
222.384
222.196
221.96
221.671
221.321
220.896
220.381
219.793
194.51
192.31
189.861
187.363
185.023
182.668
180.418
178.338
176.392
174.611
172.99
171.509
170.167
168.949
167.848
166.859
165.98
165.208
164.547
163.998
163.565
163.25
163.048
162.952
162.945
163.009
163.146
163.358
163.65
164.026
164.49
165.046
165.701
166.463
167.343
168.357
169.53
170.892
172.372
196.635
198.712
201.046
203.565
206.01
208.44
210.767
212.818
214.53
215.949
217.094
217.986
218.685
219.235
219.668
220.014
220.297
220.533
220.735
220.912
221.073
221.223
221.365
221.497
221.608
221.69
221.739
221.756
221.741
221.691
221.605
221.481
221.317
221.11
220.853
220.539
220.157
219.69
219.155
194.446
192.331
189.981
187.587
185.348
183.099
180.954
178.976
177.129
175.441
173.91
172.515
171.253
170.112
169.082
168.161
167.344
166.631
166.023
165.521
165.129
164.846
164.669
164.59
164.591
164.658
164.789
164.989
165.26
165.606
166.029
166.534
167.126
167.812
168.601
169.51
170.561
171.783
173.113
196.491
198.49
200.739
203.17
205.531
207.878
210.128
212.113
213.77
215.146
216.258
217.124
217.803
218.337
218.758
219.095
219.371
219.6
219.797
219.97
220.128
220.275
220.416
220.549
220.662
220.748
220.804
220.83
220.824
220.787
220.717
220.612
220.47
220.287
220.059
219.779
219.435
219.013
218.527
194.391
192.356
190.097
187.8
185.656
183.506
181.46
179.576
177.821
176.222
174.775
173.459
172.271
171.201
170.238
169.379
168.621
167.961
167.401
166.943
166.587
166.334
166.18
166.115
166.124
166.192
166.319
166.507
166.76
167.079
167.466
167.926
168.462
169.08
169.79
170.605
171.548
172.645
173.84
196.359
198.287
200.456
202.803
205.084
207.354
209.53
211.452
213.056
214.391
215.47
216.312
216.971
217.49
217.899
218.227
218.495
218.718
218.91
219.079
219.233
219.378
219.517
219.649
219.764
219.853
219.913
219.946
219.949
219.923
219.867
219.778
219.654
219.494
219.292
219.042
218.733
218.352
217.912
194.342
192.382
190.209
188.003
185.948
183.889
181.935
180.14
178.472
176.954
175.585
174.342
173.224
172.219
171.318
170.517
169.812
169.202
168.687
168.267
167.945
167.719
167.585
167.534
167.549
167.619
167.742
167.92
168.155
168.45
168.806
169.225
169.711
170.27
170.909
171.642
172.489
173.476
174.551
196.24
198.1
200.194
202.463
204.668
206.864
208.97
210.834
212.386
213.682
214.731
215.548
216.188
216.693
217.09
217.408
217.669
217.886
218.072
218.237
218.387
218.529
218.666
218.797
218.912
219.003
219.068
219.105
219.116
219.1
219.054
218.979
218.872
218.732
218.553
218.33
218.054
217.71
217.313
194.3
192.41
190.316
188.195
186.221
184.249
182.381
180.668
179.08
177.639
176.342
175.168
174.114
173.169
172.325
171.578
170.923
170.358
169.883
169.5
169.208
169.007
168.891
168.852
168.873
168.944
169.063
169.232
169.453
169.726
170.053
170.437
170.879
171.385
171.963
172.622
173.385
174.273
175.241
196.132
197.929
199.954
202.149
204.283
206.41
208.449
210.255
211.758
213.018
214.038
214.831
215.452
215.942
216.328
216.638
216.891
217.101
217.282
217.442
217.589
217.727
217.862
217.991
218.107
218.199
218.266
218.308
218.325
218.316
218.28
218.217
218.125
218.002
217.844
217.646
217.398
217.089
216.73
194.263
192.437
190.417
188.374
186.477
184.584
182.796
181.159
179.647
178.277
177.048
175.938
174.942
174.053
173.262
172.564
171.955
171.431
170.995
170.644
170.38
170.202
170.103
170.074
170.102
170.174
170.289
170.45
170.657
170.911
171.214
171.566
171.969
172.429
172.951
173.547
174.234
175.036
175.908
196.034
197.774
199.734
201.862
203.928
205.99
207.965
209.717
211.168
212.394
213.389
214.159
214.762
215.238
215.613
215.914
216.159
216.364
216.539
216.695
216.837
216.972
217.104
217.232
217.346
217.439
217.508
217.553
217.575
217.573
217.546
217.493
217.414
217.306
217.167
216.99
216.769
216.491
216.167
194.23
192.463
190.511
188.54
186.713
184.893
183.179
181.614
180.173
178.866
177.703
176.655
175.713
174.874
174.132
173.481
172.913
172.428
172.025
171.705
171.467
171.309
171.225
171.206
171.239
171.312
171.424
171.578
171.773
172.011
172.291
172.615
172.985
173.403
173.878
174.417
175.038
175.762
176.549
195.946
197.632
199.533
201.598
203.603
205.605
207.521
209.22
210.615
211.811
212.782
213.53
214.114
214.577
214.942
215.234
215.473
215.671
215.842
215.993
216.132
216.263
216.392
216.517
216.631
216.724
216.794
216.842
216.868
216.871
216.851
216.808
216.74
216.645
216.522
216.365
216.167
215.917
215.626
194.202
192.49
190.6
188.695
186.933
185.181
183.535
182.033
180.657
179.411
178.309
177.315
176.421
175.63
174.936
174.327
173.798
173.348
172.978
172.686
172.472
172.332
172.263
172.253
172.29
172.364
172.475
172.622
172.807
173.029
173.29
173.589
173.929
174.312
174.744
175.233
175.796
176.452
177.164
195.866
197.503
199.348
201.355
203.3
205.246
207.106
208.756
210.107
211.277
212.222
212.945
213.512
213.962
214.316
214.6
214.831
215.024
215.189
215.336
215.47
215.598
215.724
215.847
215.959
216.052
216.123
216.173
216.201
216.209
216.196
216.16
216.102
216.02
215.911
215.771
215.594
215.37
215.108
194.179
192.517
190.686
188.842
187.14
185.45
183.868
182.424
181.109
179.918
178.871
177.917
177.063
176.32
175.672
175.104
174.611
174.195
173.855
173.589
173.397
173.275
173.219
173.218
173.259
173.335
173.443
173.584
173.76
173.97
174.213
174.491
174.805
175.156
175.551
175.996
176.508
177.103
177.748
195.796
197.386
199.178
201.129
203.015
204.906
206.71
208.311
209.634
210.794
211.712
212.406
212.954
213.392
213.736
214.011
214.235
214.422
214.582
214.724
214.855
214.979
215.102
215.223
215.333
215.424
215.495
215.547
215.578
215.59
215.581
215.553
215.503
215.431
215.335
215.211
215.052
214.851
214.615
194.16
192.534
190.744
188.949
187.298
185.665
184.152
182.774
181.544
180.411
179.481
178.538
177.676
176.954
176.329
175.775
175.294
174.89
174.563
174.308
174.125
174.011
173.961
173.964
174.008
174.084
174.19
174.328
174.498
174.698
174.932
175.196
175.492
175.822
176.191
176.607
177.082
177.636
178.234
195.743
197.3
199.054
200.96
202.792
204.627
206.349
207.86
209.084
210.317
211.245
211.925
212.47
212.91
213.254
213.527
213.749
213.935
214.094
214.235
214.365
214.489
214.611
214.731
214.841
214.933
215.005
215.057
215.09
215.105
215.099
215.075
215.03
214.965
214.877
214.763
214.618
214.431
214.214
194.145
192.548
190.792
189.037
187.431
185.852
184.406
183.097
181.962
180.883
180.104
179.147
178.251
177.536
176.922
176.369
175.887
175.483
175.157
174.904
174.722
174.61
174.561
174.566
174.61
174.685
174.789
174.925
175.091
175.283
175.512
175.767
176.05
176.366
176.717
177.112
177.562
178.085
178.649
195.701
197.231
198.952
200.817
202.594
204.371
206
207.422
208.521
209.858
210.819
211.495
212.044
212.491
212.84
213.116
213.341
213.529
213.689
213.831
213.962
214.086
214.209
214.33
214.442
214.535
214.608
214.661
214.696
214.711
214.708
214.686
214.645
214.584
214.502
214.395
214.258
214.082
213.877
194.131
192.56
190.836
189.12
187.557
186.028
184.642
183.395
182.343
181.304
180.662
179.707
178.789
178.084
177.486
176.94
176.46
176.06
175.738
175.489
175.31
175.201
175.154
175.161
175.206
175.281
175.384
175.518
175.679
175.865
176.088
176.335
176.606
176.907
177.242
177.615
178.041
178.535
179.064
195.661
197.165
198.855
200.68
202.409
204.132
205.676
207.03
208.003
209.416
210.408
211.08
211.627
212.08
212.433
212.711
212.937
213.126
213.287
213.43
213.561
213.685
213.809
213.931
214.043
214.137
214.211
214.265
214.301
214.319
214.318
214.298
214.26
214.204
214.126
214.026
213.897
213.732
213.539
194.116
192.571
190.877
189.195
187.671
186.188
184.856
183.663
182.681
181.673
181.145
180.209
179.286
178.595
178.014
177.481
177.009
176.616
176.3
176.057
175.884
175.779
175.736
175.745
175.792
175.867
175.969
176.101
176.259
176.438
176.656
176.895
177.155
177.442
177.76
178.114
178.516
178.982
179.478
195.623
197.103
198.765
200.554
202.239
203.913
205.382
206.683
207.542
208.993
210.013
210.682
211.226
211.68
212.036
212.315
212.542
212.73
212.892
213.035
213.166
213.29
213.414
213.537
213.65
213.744
213.819
213.874
213.911
213.93
213.93
213.913
213.879
213.826
213.754
213.66
213.539
213.384
213.203
194.102
192.58
190.912
189.262
187.772
186.329
185.042
183.896
182.97
181.987
181.546
180.647
179.737
179.063
178.503
177.987
177.527
177.145
176.839
176.603
176.437
176.338
176.3
176.313
176.361
176.438
176.54
176.67
176.825
176.998
177.212
177.443
177.692
177.966
178.269
178.605
178.985
179.424
179.89
195.588
197.046
198.684
200.44
202.087
203.719
205.125
206.383
207.142
208.597
209.634
210.304
210.841
211.294
211.651
211.931
212.157
212.346
212.507
212.65
212.78
212.905
213.029
213.152
213.265
213.36
213.434
213.49
213.528
213.548
213.551
213.536
213.504
213.455
213.388
213.3
213.187
213.041
212.873
194.089
192.585
190.94
189.317
187.855
186.446
185.197
184.089
183.205
182.239
181.861
181.015
180.137
179.486
178.948
178.452
178.01
177.641
177.346
177.122
176.965
176.874
176.842
176.859
176.911
176.989
177.091
177.221
177.374
177.541
177.751
177.974
178.213
178.475
178.764
179.082
179.442
179.856
180.293
195.557
196.997
198.614
200.342
201.959
203.554
204.907
206.132
206.804
208.232
209.274
209.946
210.477
210.926
211.282
211.562
211.788
211.976
212.137
212.279
212.409
212.533
212.657
212.779
212.893
212.988
213.063
213.119
213.158
213.179
213.183
213.17
213.142
213.096
213.034
212.952
212.846
212.709
212.552
194.076
192.585
190.956
189.353
187.914
186.532
185.311
184.234
183.379
182.424
182.087
181.309
180.481
179.858
179.343
178.871
178.45
178.098
177.818
177.607
177.461
177.379
177.355
177.377
177.433
177.514
177.617
177.747
177.898
178.061
178.268
178.485
178.716
178.967
179.243
179.546
179.886
180.278
180.69
195.532
196.959
198.562
200.268
201.863
203.425
204.737
205.932
206.529
207.9
208.935
209.611
210.137
210.579
210.933
211.212
211.437
211.624
211.784
211.926
212.056
212.18
212.303
212.425
212.538
212.634
212.709
212.766
212.805
212.827
212.833
212.822
212.796
212.753
212.695
212.618
212.52
212.391
212.245
194.062
192.577
190.955
189.364
187.938
186.575
185.374
184.319
183.483
182.537
182.224
181.525
180.762
180.173
179.684
179.239
178.843
178.511
178.249
178.052
177.92
177.85
177.835
177.865
177.925
178.01
178.114
178.244
178.395
178.554
178.757
178.968
179.191
179.432
179.696
179.985
180.308
180.678
181.063
195.514
196.936
198.533
200.226
201.807
203.341
204.622
205.786
206.313
207.602
208.617
209.297
209.821
210.259
210.609
210.886
211.11
211.295
211.454
211.595
211.724
211.848
211.971
212.093
212.206
212.302
212.377
212.435
212.475
212.498
212.505
212.496
212.472
212.433
212.378
212.306
212.214
212.093
211.957
194.049
192.564
190.942
189.353
187.931
186.577
185.384
184.344
183.517
182.579
182.275
181.665
180.978
180.429
179.966
179.549
179.181
178.872
178.628
178.448
178.331
178.274
178.27
178.308
178.376
178.466
178.575
178.708
178.86
179.019
179.221
179.429
179.647
179.881
180.135
180.412
180.721
181.076
181.445
195.501
196.922
198.519
200.207
201.784
203.297
204.561
205.691
206.151
207.336
208.318
209
209.524
209.959
210.31
210.589
210.813
210.998
211.156
211.295
211.424
211.547
211.669
211.791
211.905
212
212.076
212.133
212.174
212.198
212.206
212.198
212.176
212.14
212.089
212.021
211.934
211.82
211.691
194.037
192.549
190.924
189.334
187.909
186.556
185.361
184.326
183.492
182.553
182.252
181.735
181.128
180.62
180.186
179.8
179.462
179.179
178.958
178.799
178.699
178.657
178.665
178.712
178.785
178.879
178.99
179.124
179.276
179.433
179.632
179.836
180.047
180.274
180.52
180.786
181.081
181.417
181.758
195.49
196.913
198.512
200.202
201.783
203.284
204.554
205.645
206.033
207.103
208.045
208.725
209.245
209.673
210.021
210.303
210.532
210.721
210.882
211.025
211.155
211.279
211.403
211.527
211.642
211.738
211.815
211.873
211.914
211.939
211.947
211.941
211.92
211.885
211.835
211.77
211.686
211.577
211.45
194.024
192.516
190.873
189.267
187.831
186.47
185.268
184.235
183.384
182.451
182.168
181.746
181.215
180.744
180.337
179.98
179.667
179.408
179.209
179.071
178.992
178.969
178.996
179.06
179.147
179.254
179.376
179.519
179.679
179.844
180.046
180.252
180.464
180.69
180.931
181.192
181.481
181.812
182.155
195.497
196.94
198.56
200.266
201.857
203.353
204.628
205.644
205.943
206.893
207.807
208.505
209.032
209.452
209.789
210.062
210.285
210.471
210.631
210.775
210.907
211.035
211.162
211.29
211.408
211.508
211.588
211.649
211.693
211.72
211.731
211.726
211.707
211.674
211.627
211.564
211.481
211.375
211.251
194.007
192.425
190.705
189.036
187.552
186.161
184.947
183.929
183.093
182.255
182.048
181.725
181.252
180.81
180.437
180.115
179.833
179.598
179.418
179.298
179.235
179.225
179.261
179.329
179.419
179.528
179.651
179.795
179.954
180.115
180.316
180.52
180.728
180.949
181.185
181.44
181.718
182.031
182.339
195.555
197.069
198.76
200.524
202.147
203.631
204.855
205.685
205.855
206.649
207.52
208.253
208.828
209.284
209.645
209.933
210.165
210.354
210.513
210.654
210.782
210.904
211.027
211.151
211.266
211.363
211.438
211.496
211.535
211.559
211.566
211.559
211.537
211.502
211.454
211.391
211.31
211.205
211.085
193.991
192.295
190.456
188.679
187.115
185.671
184.438
183.442
182.661
182.025
181.935
181.689
181.231
180.782
180.415
180.116
179.861
179.654
179.505
179.417
179.39
179.419
179.494
179.6
179.722
179.854
180.001
180.166
180.348
180.535
180.746
180.961
181.181
181.412
181.654
181.913
182.197
182.523
182.854
195.648
197.262
199.057
200.91
202.583
204.055
205.18
205.74
205.765
206.337
207.071
207.763
208.348
208.832
209.227
209.55
209.817
210.038
210.228
210.396
210.55
210.698
210.845
210.991
211.127
211.242
211.333
211.402
211.452
211.481
211.493
211.487
211.466
211.43
211.378
211.31
211.223
211.11
210.985
313.019
311.205
308.942
306.278
303.01
299.09
294.518
289.331
283.64
277.625
271.485
265.388
259.437
253.68
248.133
242.8
237.681
232.777
228.087
223.61
219.343
215.281
211.421
207.756
204.28
200.986
197.867
194.917
192.132
189.51
187.049
184.747
182.604
180.619
178.795
177.129
175.623
174.275
173.085
172.049
171.166
170.432
169.841
169.388
169.067
168.87
168.789
168.816
168.941
169.155
169.448
169.812
170.236
170.711
171.229
171.78
172.358
172.954
173.562
174.175
174.789
175.397
175.996
176.583
177.152
177.704
178.231
178.674
179.06
179.446
179.833
180.22
180.598
180.975
181.326
181.696
181.985
182.383
182.541
183.068
312.688
309.195
305.416
301.514
297.541
293.568
289.648
285.806
282.058
278.417
274.894
271.5
268.244
265.134
262.176
259.376
256.737
254.26
251.944
249.787
247.785
245.932
244.222
242.647
241.2
239.87
238.65
237.53
236.502
235.557
234.687
233.885
233.142
232.451
231.807
231.201
230.629
230.083
229.558
229.049
228.551
228.059
227.568
227.076
226.579
226.075
225.561
225.036
224.5
223.952
223.393
222.823
222.244
221.658
221.066
220.471
219.875
219.281
218.691
218.108
217.535
216.973
216.426
215.895
215.382
214.89
214.42
214.035
213.71
213.383
213.057
212.737
212.425
212.127
211.847
211.59
211.356
211.161
210.999
210.894
244.021
243.56
243.209
242.897
242.562
242.203
241.793
241.281
240.615
239.752
238.666
237.353
235.819
234.076
232.14
230.029
227.765
225.37
222.867
220.279
217.63
214.94
212.229
209.518
206.825
204.168
201.565
199.03
196.575
194.209
191.94
189.776
187.722
185.783
183.964
182.268
180.699
179.258
177.947
176.769
175.722
174.806
174.02
173.362
172.826
172.41
172.108
171.914
171.821
171.822
171.909
172.074
172.308
172.603
172.952
173.345
173.775
174.235
174.717
175.216
175.724
176.237
176.75
177.258
177.758
178.246
178.717
179.117
179.465
179.816
180.169
180.524
180.873
181.224
181.55
181.897
182.169
182.548
182.699
183.208
244.301
244.569
245.124
245.611
246.015
246.324
246.531
246.631
246.627
246.519
246.311
246.006
245.608
245.123
244.558
243.921
243.22
242.466
241.667
240.836
239.983
239.118
238.251
237.391
236.546
235.723
234.926
234.161
233.429
232.733
232.071
231.445
230.851
230.288
229.754
229.245
228.757
228.288
227.834
227.391
226.955
226.524
226.094
225.662
225.225
224.782
224.33
223.868
223.395
222.911
222.416
221.909
221.393
220.868
220.336
219.798
219.258
218.716
218.176
217.64
217.111
216.59
216.081
215.584
215.104
214.64
214.198
213.834
213.525
213.215
212.906
212.601
212.303
212.018
211.749
211.501
211.275
211.085
210.928
210.826
223.248
222.85
222.454
222.061
221.633
221.163
220.652
220.096
219.498
218.862
218.193
217.501
216.788
216.052
215.285
214.475
213.608
212.675
211.666
210.574
209.396
208.132
206.782
205.353
203.85
202.282
200.66
198.996
197.302
195.594
193.885
192.19
190.521
188.892
187.314
185.799
184.354
182.99
181.713
180.529
179.443
178.46
177.581
176.808
176.141
175.579
175.121
174.764
174.503
174.333
174.25
174.247
174.317
174.454
174.651
174.899
175.193
175.525
175.887
176.275
176.682
177.101
177.528
177.958
178.387
178.811
179.225
179.579
179.89
180.204
180.522
180.845
181.163
181.485
181.786
182.109
182.364
182.719
182.867
183.353
223.543
223.816
224.115
224.407
224.73
225.078
225.449
225.837
226.237
226.645
227.055
227.459
227.853
228.229
228.581
228.904
229.192
229.439
229.642
229.796
229.9
229.952
229.952
229.902
229.805
229.664
229.483
229.266
229.02
228.75
228.46
228.154
227.838
227.515
227.186
226.855
226.522
226.188
225.853
225.517
225.178
224.836
224.489
224.135
223.774
223.404
223.023
222.632
222.228
221.812
221.384
220.944
220.493
220.031
219.561
219.083
218.6
218.113
217.625
217.138
216.655
216.177
215.708
215.248
214.802
214.37
213.956
213.615
213.325
213.034
212.742
212.453
212.171
211.9
211.644
211.406
211.189
211.006
210.855
210.753
223.678
223.432
223.172
222.904
222.608
222.263
221.853
221.36
220.772
220.079
219.285
218.404
217.454
216.453
215.414
214.344
213.247
212.126
210.981
209.815
208.627
207.419
206.188
204.935
203.658
202.356
201.03
199.681
198.311
196.924
195.523
194.117
192.712
191.316
189.938
188.588
187.274
186.005
184.791
183.639
182.557
181.55
180.624
179.783
179.03
178.368
177.796
177.314
176.922
176.616
176.394
176.251
176.182
176.182
176.246
176.366
176.537
176.753
177.007
177.292
177.603
177.935
178.281
178.637
178.998
179.362
179.72
180.031
180.306
180.585
180.872
181.163
181.452
181.747
182.024
182.325
182.561
182.897
183.037
183.505
223.882
224.069
224.236
224.39
224.533
224.661
224.775
224.877
224.967
225.045
225.115
225.176
225.23
225.279
225.324
225.365
225.405
225.442
225.477
225.51
225.539
225.562
225.579
225.586
225.582
225.566
225.534
225.485
225.419
225.334
225.231
225.11
224.972
224.818
224.648
224.465
224.269
224.061
223.843
223.614
223.375
223.127
222.867
222.597
222.316
222.023
221.717
221.397
221.065
220.718
220.358
219.984
219.598
219.199
218.79
218.371
217.944
217.512
217.075
216.637
216.199
215.764
215.335
214.913
214.5
214.099
213.714
213.395
213.124
212.85
212.575
212.302
212.035
211.778
211.534
211.307
211.101
210.926
210.78
210.675
219.835
219.592
219.343
219.105
218.868
218.623
218.359
218.067
217.735
217.352
216.905
216.391
215.809
215.162
214.458
213.698
212.884
212.018
211.099
210.13
209.113
208.052
206.951
205.813
204.644
203.446
202.226
200.986
199.731
198.464
197.191
195.915
194.641
193.373
192.116
190.878
189.663
188.478
187.329
186.224
185.17
184.171
183.233
182.363
181.564
180.84
180.193
179.624
179.135
178.725
178.393
178.135
177.951
177.834
177.782
177.789
177.851
177.96
178.113
178.303
178.524
178.772
179.04
179.324
179.619
179.922
180.226
180.493
180.733
180.978
181.232
181.492
181.752
182.019
182.271
182.549
182.767
183.084
183.213
183.665
220.021
220.176
220.336
220.499
220.664
220.828
220.992
221.154
221.313
221.467
221.614
221.755
221.886
222.007
222.118
222.217
222.305
222.38
222.443
222.495
222.537
222.568
222.59
222.603
222.609
222.608
222.6
222.585
222.563
222.534
222.498
222.452
222.397
222.333
222.257
222.171
222.073
221.963
221.84
221.705
221.557
221.397
221.222
221.035
220.833
220.617
220.386
220.14
219.878
219.602
219.309
219.002
218.681
218.345
217.997
217.637
217.267
216.889
216.505
216.116
215.725
215.333
214.945
214.56
214.183
213.814
213.458
213.162
212.91
212.654
212.396
212.14
211.889
211.646
211.415
211.201
211.005
210.838
210.698
210.591
214.965
214.747
214.521
214.301
214.082
213.86
213.631
213.391
213.13
212.842
212.52
212.157
211.752
211.304
210.819
210.298
209.745
209.159
208.538
207.879
207.181
206.441
205.66
204.837
203.973
203.068
202.126
201.148
200.137
199.099
198.038
196.957
195.864
194.762
193.657
192.556
191.464
190.387
189.331
188.302
187.306
186.349
185.437
184.575
183.767
183.019
182.333
181.713
181.161
180.678
180.264
179.919
179.641
179.429
179.278
179.187
179.151
179.165
179.224
179.325
179.461
179.628
179.821
180.035
180.264
180.507
180.755
180.979
181.182
181.392
181.611
181.839
182.068
182.307
182.533
182.787
182.984
183.281
183.4
183.833
215.124
215.255
215.396
215.543
215.695
215.853
216.017
216.187
216.363
216.543
216.728
216.918
217.11
217.305
217.501
217.698
217.893
218.085
218.273
218.455
218.63
218.797
218.954
219.101
219.236
219.359
219.469
219.567
219.653
219.727
219.788
219.837
219.875
219.9
219.914
219.915
219.904
219.88
219.843
219.792
219.728
219.648
219.554
219.445
219.32
219.179
219.022
218.848
218.657
218.449
218.225
217.984
217.727
217.454
217.167
216.867
216.554
216.232
215.9
215.561
215.218
214.872
214.526
214.181
213.84
213.506
213.181
212.909
212.676
212.44
212.202
211.964
211.73
211.502
211.286
211.084
210.9
210.741
210.607
210.499
211.94
211.76
211.571
211.382
211.188
210.991
210.792
210.587
210.37
210.136
209.877
209.588
209.261
208.896
208.493
208.057
207.593
207.103
206.588
206.049
205.483
204.891
204.271
203.622
202.944
202.236
201.498
200.731
199.934
199.108
198.256
197.379
196.48
195.563
194.632
193.69
192.744
191.798
190.858
189.929
189.017
188.128
187.268
186.442
185.655
184.912
184.218
183.575
182.989
182.46
181.99
181.581
181.232
180.944
180.713
180.539
180.419
180.349
180.326
180.345
180.402
180.494
180.614
180.76
180.926
181.11
181.303
181.483
181.649
181.824
182.008
182.203
182.4
182.609
182.808
183.036
183.213
183.487
183.595
184.008
212.078
212.2
212.331
212.465
212.603
212.747
212.895
213.047
213.204
213.366
213.532
213.702
213.876
214.055
214.237
214.423
214.612
214.805
214.999
215.195
215.393
215.59
215.786
215.981
216.172
216.358
216.539
216.712
216.877
217.033
217.178
217.312
217.434
217.543
217.639
217.722
217.791
217.846
217.887
217.913
217.923
217.919
217.898
217.861
217.807
217.737
217.648
217.543
217.419
217.278
217.119
216.942
216.748
216.537
216.311
216.069
215.814
215.546
215.267
214.98
214.685
214.384
214.081
213.777
213.475
213.175
212.883
212.637
212.426
212.21
211.992
211.773
211.557
211.347
211.145
210.957
210.785
210.636
210.509
210.4
209.85
209.699
209.538
209.376
209.207
209.033
208.856
208.677
208.495
208.304
208.1
207.878
207.63
207.351
207.039
206.693
206.316
205.912
205.483
205.03
204.555
204.055
203.53
202.979
202.404
201.803
201.177
200.527
199.852
199.154
198.432
197.689
196.926
196.144
195.346
194.535
193.713
192.884
192.052
191.222
190.398
189.585
188.788
188.012
187.262
186.544
185.861
185.217
184.617
184.064
183.561
183.108
182.709
182.362
182.069
181.828
181.637
181.495
181.399
181.346
181.332
181.354
181.408
181.49
181.596
181.722
181.862
181.999
182.129
182.268
182.418
182.579
182.744
182.923
183.094
183.296
183.451
183.703
183.799
184.191
209.971
210.082
210.199
210.32
210.446
210.577
210.713
210.853
210.998
211.147
211.301
211.459
211.622
211.788
211.958
212.132
212.309
212.489
212.672
212.858
213.045
213.235
213.425
213.616
213.808
213.999
214.189
214.378
214.563
214.745
214.921
215.092
215.256
215.412
215.558
215.694
215.82
215.933
216.033
216.119
216.191
216.249
216.29
216.316
216.325
216.317
216.292
216.249
216.188
216.108
216.01
215.894
215.76
215.609
215.44
215.255
215.056
214.842
214.615
214.378
214.131
213.877
213.617
213.354
213.09
212.827
212.568
212.349
212.159
211.966
211.768
211.57
211.372
211.18
210.995
210.821
210.662
210.522
210.403
210.294
208.064
207.934
207.797
207.656
207.51
207.356
207.197
207.036
206.872
206.707
206.535
206.354
206.158
205.943
205.704
205.436
205.139
204.816
204.469
204.1
203.71
203.3
202.869
202.415
201.938
201.437
200.913
200.365
199.794
199.2
198.584
197.946
197.288
196.612
195.918
195.209
194.488
193.756
193.017
192.274
191.53
190.79
190.058
189.337
188.632
187.948
187.289
186.659
186.062
185.502
184.981
184.503
184.069
183.681
183.34
183.046
182.798
182.597
182.439
182.322
182.245
182.205
182.198
182.22
182.268
182.34
182.43
182.524
182.619
182.723
182.839
182.966
183.099
183.248
183.391
183.566
183.699
183.928
184.01
184.381
208.169
208.266
208.369
208.477
208.589
208.705
208.827
208.953
209.085
209.221
209.363
209.51
209.661
209.818
209.979
210.145
210.316
210.491
210.67
210.852
211.038
211.227
211.418
211.611
211.806
212.002
212.198
212.393
212.588
212.782
212.973
213.161
213.345
213.524
213.697
213.864
214.023
214.173
214.314
214.443
214.561
214.666
214.757
214.833
214.895
214.94
214.969
214.981
214.975
214.952
214.91
214.85
214.772
214.676
214.562
214.432
214.285
214.123
213.948
213.759
213.56
213.351
213.135
212.914
212.689
212.462
212.237
212.045
211.878
211.706
211.53
211.353
211.176
211.002
210.834
210.676
210.53
210.4
210.288
210.179
206.576
206.464
206.346
206.225
206.098
205.964
205.824
205.679
205.53
205.379
205.225
205.068
204.903
204.727
204.536
204.324
204.087
203.826
203.541
203.235
202.909
202.565
202.205
201.826
201.427
201.009
200.571
200.112
199.632
199.132
198.61
198.069
197.507
196.926
196.328
195.712
195.082
194.439
193.785
193.122
192.455
191.785
191.117
190.453
189.798
189.155
188.528
187.922
187.339
186.784
186.26
185.77
185.316
184.901
184.526
184.192
183.9
183.65
183.44
183.27
183.138
183.042
182.979
182.947
182.942
182.963
183.004
183.058
183.118
183.188
183.27
183.364
183.466
183.584
183.698
183.846
183.957
184.162
184.23
184.579
206.667
206.753
206.844
206.939
207.039
207.142
207.251
207.364
207.481
207.604
207.731
207.864
208.002
208.144
208.292
208.445
208.603
208.767
208.935
209.108
209.285
209.467
209.653
209.842
210.035
210.231
210.429
210.628
210.829
211.03
211.231
211.431
211.629
211.824
212.016
212.203
212.385
212.56
212.729
212.889
213.039
213.18
213.309
213.425
213.529
213.618
213.692
213.751
213.793
213.819
213.827
213.818
213.79
213.746
213.683
213.603
213.507
213.395
213.268
213.127
212.974
212.81
212.637
212.456
212.27
212.08
211.89
211.726
211.581
211.433
211.279
211.123
210.966
210.812
210.662
210.52
210.388
210.269
210.166
210.057
205.369
205.273
205.172
205.067
204.957
204.84
204.717
204.59
204.456
204.319
204.178
204.036
203.89
203.739
203.579
203.407
203.217
203.007
202.774
202.52
202.246
201.953
201.645
201.321
200.982
200.626
200.252
199.861
199.451
199.023
198.577
198.113
197.63
197.13
196.612
196.078
195.528
194.964
194.388
193.801
193.205
192.603
191.997
191.391
190.787
190.189
189.6
189.024
188.465
187.924
187.407
186.916
186.454
186.024
185.627
185.265
184.939
184.651
184.399
184.184
184.005
183.86
183.748
183.667
183.614
183.587
183.581
183.597
183.625
183.661
183.71
183.772
183.842
183.93
184.016
184.136
184.223
184.404
184.459
184.784
205.45
205.526
205.607
205.691
205.78
205.872
205.969
206.07
206.175
206.285
206.4
206.519
206.643
206.773
206.907
207.046
207.191
207.34
207.495
207.654
207.819
207.988
208.163
208.341
208.524
208.712
208.902
209.097
209.293
209.493
209.694
209.896
210.098
210.3
210.501
210.7
210.896
211.088
211.274
211.455
211.629
211.796
211.953
212.1
212.236
212.36
212.471
212.569
212.652
212.719
212.77
212.805
212.824
212.825
212.809
212.776
212.727
212.661
212.581
212.485
212.377
212.256
212.125
211.984
211.837
211.683
211.528
211.392
211.271
211.145
211.014
210.88
210.745
210.61
210.479
210.354
210.236
210.129
210.035
209.927
204.37
204.286
204.198
204.107
204.011
203.91
203.802
203.69
203.573
203.45
203.323
203.192
203.059
202.923
202.784
202.637
202.481
202.311
202.123
201.914
201.686
201.44
201.177
200.898
200.606
200.3
199.979
199.642
199.289
198.92
198.534
198.132
197.713
197.278
196.826
196.359
195.877
195.381
194.871
194.35
193.818
193.278
192.731
192.18
191.626
191.074
190.526
189.984
189.452
188.934
188.431
187.948
187.487
187.051
186.642
186.262
185.913
185.595
185.311
185.06
184.841
184.655
184.5
184.375
184.278
184.208
184.159
184.139
184.135
184.141
184.157
184.187
184.227
184.284
184.341
184.434
184.498
184.654
184.694
184.995
204.44
204.508
204.58
204.655
204.734
204.816
204.902
204.992
205.087
205.185
205.289
205.396
205.508
205.625
205.747
205.873
206.005
206.142
206.283
206.43
206.582
206.739
206.901
207.068
207.239
207.415
207.596
207.78
207.969
208.161
208.356
208.553
208.753
208.954
209.155
209.357
209.558
209.757
209.954
210.147
210.335
210.518
210.695
210.864
211.024
211.175
211.315
211.443
211.559
211.661
211.749
211.822
211.88
211.922
211.948
211.957
211.951
211.929
211.891
211.838
211.772
211.693
211.602
211.501
211.391
211.274
211.153
211.044
210.946
210.844
210.736
210.625
210.511
210.398
210.285
210.178
210.075
209.979
209.895
209.789
203.526
203.453
203.376
203.297
203.213
203.125
203.031
202.932
202.828
202.72
202.607
202.488
202.366
202.241
202.114
201.984
201.849
201.706
201.551
201.381
201.194
200.988
200.765
200.527
200.274
200.009
199.731
199.439
199.134
198.813
198.478
198.129
197.764
197.384
196.988
196.579
196.154
195.716
195.264
194.8
194.325
193.84
193.346
192.846
192.341
191.833
191.325
190.819
190.318
189.825
189.342
188.873
188.42
187.985
187.572
187.183
186.819
186.482
186.173
185.894
185.643
185.423
185.231
185.068
184.932
184.822
184.735
184.681
184.648
184.623
184.609
184.609
184.618
184.645
184.675
184.74
184.781
184.912
184.936
185.213
203.588
203.649
203.712
203.779
203.849
203.923
204
204.081
204.165
204.254
204.346
204.443
204.544
204.649
204.759
204.874
204.994
205.118
205.247
205.382
205.521
205.666
205.815
205.97
206.13
206.294
206.464
206.638
206.816
206.999
207.185
207.375
207.568
207.764
207.962
208.161
208.361
208.562
208.762
208.96
209.156
209.349
209.537
209.721
209.898
210.067
210.229
210.381
210.522
210.653
210.771
210.876
210.967
211.044
211.106
211.153
211.185
211.202
211.204
211.191
211.164
211.124
211.071
211.008
210.935
210.853
210.766
210.685
210.61
210.531
210.447
210.358
210.267
210.174
210.081
209.992
209.905
209.821
209.747
209.642
202.811
202.747
202.679
202.609
202.536
202.458
202.376
202.289
202.198
202.102
202.001
201.896
201.786
201.671
201.554
201.434
201.312
201.185
201.053
200.911
200.757
200.587
200.4
200.197
199.98
199.748
199.505
199.251
198.984
198.705
198.413
198.107
197.787
197.454
197.107
196.746
196.372
195.984
195.583
195.17
194.745
194.309
193.864
193.41
192.949
192.484
192.015
191.545
191.076
190.61
190.151
189.7
189.26
188.833
188.423
188.031
187.659
187.309
186.983
186.683
186.408
186.159
185.937
185.741
185.571
185.426
185.303
185.219
185.158
185.105
185.063
185.034
185.014
185.012
185.014
185.052
185.07
185.175
185.185
185.436
202.866
202.919
202.976
203.036
203.098
203.164
203.233
203.305
203.381
203.46
203.543
203.63
203.721
203.817
203.916
204.02
204.128
204.241
204.359
204.481
204.609
204.741
204.879
205.021
205.169
205.321
205.479
205.642
205.809
205.981
206.158
206.338
206.523
206.711
206.902
207.096
207.292
207.49
207.689
207.888
208.086
208.283
208.478
208.669
208.857
209.039
209.216
209.385
209.546
209.698
209.84
209.971
210.09
210.196
210.29
210.369
210.435
210.487
210.524
210.547
210.557
210.553
210.537
210.51
210.472
210.424
210.369
210.316
210.264
210.208
210.147
210.081
210.012
209.94
209.868
209.796
209.725
209.654
209.591
209.488
202.2
202.144
202.084
202.023
201.958
201.889
201.817
201.74
201.66
201.575
201.485
201.392
201.293
201.191
201.084
200.973
200.859
200.743
200.625
200.501
200.37
200.229
200.074
199.903
199.718
199.518
199.305
199.081
198.846
198.601
198.344
198.075
197.794
197.5
197.194
196.875
196.543
196.199
195.842
195.473
195.093
194.701
194.299
193.888
193.469
193.043
192.611
192.176
191.739
191.302
190.868
190.437
190.014
189.6
189.197
188.807
188.434
188.078
187.741
187.426
187.132
186.862
186.615
186.392
186.192
186.017
185.863
185.75
185.665
185.586
185.517
185.46
185.412
185.383
185.358
185.369
185.364
185.444
185.438
185.663
202.249
202.297
202.348
202.401
202.457
202.516
202.578
202.643
202.711
202.782
202.857
202.935
203.017
203.103
203.193
203.287
203.385
203.487
203.594
203.706
203.822
203.943
204.069
204.2
204.336
204.477
204.623
204.774
204.93
205.091
205.257
205.427
205.602
205.78
205.963
206.15
206.339
206.531
206.726
206.922
207.119
207.316
207.512
207.708
207.901
208.091
208.277
208.457
208.632
208.8
208.96
209.112
209.253
209.384
209.503
209.611
209.706
209.788
209.857
209.913
209.956
209.986
210.003
210.009
210.004
209.989
209.966
209.938
209.909
209.876
209.838
209.795
209.748
209.697
209.645
209.592
209.537
209.479
209.427
209.327
201.676
201.627
201.574
201.519
201.462
201.401
201.337
201.27
201.198
201.123
201.043
200.96
200.872
200.78
200.684
200.583
200.478
200.37
200.26
200.147
200.031
199.908
199.777
199.635
199.478
199.307
199.123
198.926
198.719
198.503
198.276
198.039
197.791
197.531
197.259
196.976
196.681
196.374
196.055
195.725
195.383
195.031
194.668
194.295
193.913
193.524
193.127
192.725
192.319
191.911
191.502
191.094
190.69
190.29
189.899
189.517
189.146
188.789
188.447
188.122
187.816
187.529
187.262
187.017
186.793
186.592
186.41
186.273
186.165
186.062
185.968
185.885
185.811
185.755
185.705
185.69
185.662
185.717
185.696
185.894
201.72
201.763
201.809
201.857
201.907
201.96
202.015
202.074
202.135
202.199
202.267
202.337
202.411
202.489
202.57
202.656
202.745
202.838
202.935
203.037
203.143
203.254
203.369
203.489
203.614
203.744
203.878
204.018
204.163
204.313
204.467
204.627
204.791
204.96
205.133
205.31
205.492
205.676
205.864
206.055
206.247
206.441
206.636
206.832
207.026
207.22
207.411
207.599
207.783
207.962
208.135
208.302
208.461
208.611
208.751
208.882
209.002
209.11
209.207
209.291
209.364
209.424
209.472
209.509
209.536
209.551
209.558
209.556
209.549
209.537
209.521
209.5
209.475
209.446
209.414
209.379
209.342
209.297
209.256
209.159
201.223
201.179
201.132
201.083
201.032
200.978
200.921
200.861
200.797
200.73
200.66
200.585
200.507
200.424
200.338
200.247
200.152
200.053
199.95
199.845
199.737
199.627
199.511
199.389
199.257
199.112
198.953
198.783
198.601
198.409
198.208
197.998
197.778
197.548
197.307
197.055
196.791
196.517
196.232
195.935
195.628
195.31
194.981
194.643
194.295
193.939
193.575
193.204
192.827
192.447
192.063
191.678
191.294
190.912
190.534
190.162
189.798
189.444
189.101
188.771
188.457
188.159
187.877
187.615
187.371
187.147
186.942
186.783
186.654
186.531
186.414
186.307
186.209
186.128
186.053
186.012
185.962
185.992
185.956
186.127
201.262
201.301
201.342
201.385
201.431
201.478
201.528
201.581
201.636
201.695
201.755
201.819
201.887
201.957
202.031
202.108
202.189
202.274
202.363
202.455
202.552
202.653
202.759
202.869
202.984
203.103
203.228
203.357
203.491
203.63
203.774
203.923
204.076
204.235
204.398
204.566
204.738
204.914
205.094
205.278
205.464
205.653
205.844
206.036
206.23
206.423
206.616
206.808
206.997
207.183
207.365
207.543
207.714
207.879
208.037
208.186
208.326
208.456
208.577
208.686
208.785
208.872
208.949
209.014
209.069
209.113
209.149
209.17
209.184
209.194
209.199
209.2
209.196
209.188
209.176
209.16
209.139
209.108
209.078
208.985
200.841
200.802
200.76
200.717
200.672
200.623
200.573
200.519
200.463
200.403
200.34
200.274
200.204
200.131
200.054
199.974
199.889
199.798
199.698
199.59
199.472
199.349
199.224
199.102
198.985
198.873
198.762
198.642
198.507
198.351
198.173
197.979
197.775
197.564
197.346
197.12
196.884
196.637
196.379
196.112
195.834
195.545
195.247
194.939
194.622
194.296
193.961
193.619
193.271
192.916
192.558
192.196
191.832
191.468
191.106
190.746
190.392
190.044
189.704
189.374
189.055
188.749
188.458
188.182
187.923
187.681
187.455
187.277
187.131
186.988
186.851
186.722
186.601
186.497
186.399
186.333
186.262
186.267
186.218
186.36
200.876
200.911
200.948
200.987
201.028
201.071
201.116
201.164
201.214
201.266
201.321
201.379
201.44
201.504
201.57
201.64
201.714
201.791
201.872
201.956
202.044
202.137
202.233
202.334
202.439
202.549
202.663
202.782
202.906
203.035
203.168
203.307
203.45
203.599
203.752
203.909
204.072
204.239
204.41
204.585
204.764
204.946
205.132
205.319
205.509
205.7
205.892
206.084
206.275
206.465
206.652
206.837
207.017
207.193
207.363
207.527
207.683
207.832
207.972
208.103
208.224
208.335
208.436
208.527
208.608
208.678
208.74
208.785
208.817
208.848
208.874
208.896
208.913
208.925
208.933
208.935
208.931
208.914
208.895
208.806
200.396
200.362
200.325
200.288
200.248
200.207
200.163
200.116
200.067
200.015
199.961
199.903
199.842
199.778
199.711
199.639
199.564
199.485
199.404
199.319
199.231
199.14
199.046
198.948
198.847
198.74
198.628
198.507
198.377
198.237
198.087
197.927
197.756
197.575
197.385
197.186
196.979
196.763
196.538
196.302
196.057
195.803
195.538
195.264
194.981
194.688
194.387
194.077
193.759
193.435
193.104
192.768
192.428
192.085
191.74
191.396
191.052
190.711
190.375
190.045
189.722
189.409
189.106
188.815
188.538
188.275
188.027
187.826
187.66
187.494
187.333
187.178
187.03
186.897
186.771
186.676
186.58
186.553
186.486
186.595
200.426
200.457
200.49
200.524
200.56
200.598
200.638
200.68
200.724
200.77
200.819
200.87
200.924
200.98
201.039
201.102
201.167
201.235
201.307
201.383
201.461
201.544
201.631
201.721
201.816
201.914
202.018
202.125
202.237
202.354
202.476
202.602
202.734
202.87
203.012
203.158
203.309
203.465
203.625
203.791
203.96
204.134
204.312
204.493
204.678
204.865
205.054
205.246
205.438
205.631
205.823
206.015
206.205
206.392
206.576
206.756
206.93
207.099
207.262
207.417
207.564
207.703
207.833
207.954
208.066
208.168
208.261
208.332
208.389
208.443
208.494
208.542
208.584
208.622
208.653
208.679
208.695
208.696
208.691
208.613
199.97
199.942
199.911
199.88
199.847
199.811
199.774
199.735
199.694
199.65
199.605
199.556
199.505
199.451
199.394
199.335
199.272
199.207
199.142
199.076
199.009
198.941
198.868
198.788
198.698
198.599
198.491
198.376
198.257
198.134
198.007
197.873
197.732
197.581
197.42
197.249
197.071
196.885
196.691
196.488
196.276
196.054
195.824
195.584
195.334
195.076
194.808
194.531
194.246
193.952
193.651
193.343
193.029
192.709
192.384
192.056
191.727
191.396
191.066
190.738
190.414
190.095
189.782
189.478
189.184
188.9
188.629
188.406
188.218
188.029
187.841
187.659
187.482
187.317
187.161
187.033
186.907
186.848
186.757
186.832
199.996
200.023
200.051
200.08
200.111
200.144
200.178
200.214
200.252
200.292
200.334
200.378
200.424
200.473
200.525
200.579
200.635
200.695
200.757
200.823
200.892
200.964
201.04
201.119
201.202
201.29
201.381
201.476
201.576
201.68
201.788
201.902
202.02
202.143
202.271
202.404
202.542
202.685
202.833
202.986
203.144
203.307
203.475
203.647
203.824
204.005
204.189
204.376
204.567
204.76
204.954
205.15
205.346
205.543
205.738
205.931
206.122
206.31
206.494
206.672
206.845
207.012
207.172
207.324
207.467
207.602
207.729
207.83
207.912
207.993
208.072
208.148
208.219
208.285
208.344
208.395
208.434
208.456
208.47
208.407
199.649
199.624
199.598
199.571
199.542
199.512
199.48
199.447
199.411
199.373
199.334
199.292
199.248
199.202
199.153
199.101
199.047
198.989
198.929
198.865
198.798
198.728
198.654
198.577
198.496
198.41
198.321
198.229
198.135
198.037
197.933
197.823
197.704
197.575
197.437
197.29
197.135
196.971
196.8
196.621
196.435
196.24
196.036
195.823
195.601
195.37
195.13
194.881
194.624
194.357
194.082
193.799
193.509
193.211
192.908
192.599
192.285
191.968
191.648
191.328
191.007
190.689
190.374
190.063
189.759
189.462
189.175
188.935
188.731
188.523
188.315
188.109
187.907
187.716
187.532
187.375
187.221
187.132
187.019
187.061
199.672
199.695
199.719
199.745
199.772
199.801
199.831
199.863
199.896
199.931
199.968
200.007
200.048
200.091
200.136
200.184
200.234
200.287
200.342
200.4
200.461
200.525
200.593
200.663
200.737
200.815
200.896
200.982
201.071
201.164
201.262
201.364
201.471
201.583
201.699
201.82
201.946
202.077
202.213
202.355
202.502
202.653
202.81
202.972
203.139
203.311
203.487
203.668
203.853
204.041
204.233
204.428
204.624
204.823
205.023
205.223
205.422
205.621
205.818
206.012
206.203
206.39
206.571
206.747
206.916
207.077
207.232
207.357
207.461
207.565
207.668
207.769
207.866
207.957
208.042
208.117
208.178
208.22
208.251
208.201
199.386
199.365
199.342
199.318
199.293
199.266
199.238
199.209
199.177
199.144
199.11
199.073
199.034
198.994
198.951
198.905
198.858
198.807
198.754
198.698
198.639
198.576
198.511
198.442
198.371
198.295
198.216
198.133
198.047
197.957
197.865
197.769
197.668
197.559
197.442
197.316
197.181
197.037
196.885
196.725
196.559
196.384
196.202
196.012
195.812
195.604
195.388
195.162
194.928
194.684
194.432
194.171
193.902
193.626
193.341
193.05
192.752
192.45
192.142
191.831
191.518
191.204
190.89
190.577
190.268
189.964
189.666
189.414
189.197
188.976
188.751
188.526
188.304
188.089
187.881
187.698
187.52
187.403
187.27
187.281
199.406
199.427
199.449
199.472
199.496
199.521
199.548
199.576
199.606
199.637
199.67
199.705
199.741
199.78
199.82
199.863
199.908
199.955
200.005
200.057
200.112
200.169
200.23
200.293
200.36
200.43
200.504
200.581
200.662
200.747
200.836
200.929
201.026
201.128
201.235
201.346
201.462
201.583
201.709
201.84
201.977
202.119
202.266
202.418
202.576
202.739
202.907
203.08
203.258
203.44
203.627
203.818
204.013
204.21
204.411
204.613
204.817
205.022
205.226
205.43
205.633
205.834
206.031
206.225
206.413
206.596
206.773
206.918
207.04
207.164
207.287
207.41
207.529
207.644
207.751
207.849
207.931
207.991
208.038
208.002
199.177
199.158
199.138
199.116
199.094
199.071
199.046
199.02
198.992
198.963
198.932
198.9
198.866
198.83
198.791
198.751
198.709
198.664
198.617
198.567
198.515
198.459
198.401
198.34
198.275
198.208
198.137
198.062
197.984
197.902
197.816
197.727
197.636
197.541
197.44
197.332
197.215
197.09
196.955
196.813
196.662
196.505
196.34
196.168
195.988
195.8
195.602
195.397
195.182
194.958
194.726
194.484
194.234
193.975
193.708
193.434
193.151
192.862
192.566
192.265
191.96
191.652
191.341
191.029
190.718
190.41
190.105
189.844
189.619
189.386
189.148
188.908
188.668
188.434
188.205
187.999
187.799
187.657
187.507
187.486
199.195
199.213
199.233
199.253
199.275
199.298
199.322
199.347
199.374
199.402
199.432
199.463
199.496
199.53
199.567
199.605
199.646
199.688
199.733
199.78
199.829
199.882
199.936
199.994
200.054
200.118
200.185
200.255
200.329
200.406
200.487
200.573
200.662
200.755
200.853
200.956
201.063
201.175
201.292
201.414
201.541
201.674
201.812
201.955
202.104
202.259
202.419
202.584
202.755
202.931
203.112
203.298
203.489
203.684
203.883
204.085
204.29
204.498
204.708
204.918
205.129
205.339
205.548
205.755
205.959
206.159
206.353
206.515
206.652
206.793
206.934
207.075
207.214
207.349
207.477
207.594
207.695
207.773
207.836
207.812
199.017
199
198.982
198.963
198.943
198.922
198.899
198.876
198.851
198.825
198.797
198.768
198.737
198.705
198.671
198.635
198.597
198.556
198.514
198.469
198.422
198.372
198.32
198.264
198.206
198.144
198.08
198.012
197.941
197.866
197.787
197.705
197.619
197.53
197.439
197.343
197.241
197.131
197.013
196.886
196.75
196.607
196.456
196.298
196.133
195.96
195.779
195.589
195.391
195.184
194.968
194.743
194.509
194.266
194.015
193.754
193.486
193.209
192.925
192.635
192.338
192.036
191.73
191.421
191.11
190.799
190.49
190.224
189.991
189.75
189.502
189.25
188.996
188.746
188.499
188.274
188.054
187.89
187.724
187.675
199.033
199.05
199.067
199.086
199.106
199.126
199.148
199.171
199.195
199.221
199.248
199.276
199.306
199.337
199.371
199.405
199.442
199.481
199.522
199.565
199.61
199.657
199.707
199.76
199.815
199.874
199.935
199.999
200.067
200.138
200.212
200.291
200.373
200.459
200.549
200.644
200.744
200.848
200.956
201.07
201.189
201.313
201.443
201.578
201.718
201.865
202.017
202.175
202.338
202.508
202.683
202.863
203.049
203.24
203.436
203.637
203.841
204.05
204.261
204.475
204.691
204.908
205.125
205.342
205.557
205.77
205.979
206.154
206.304
206.458
206.614
206.771
206.927
207.08
207.225
207.36
207.477
207.57
207.646
207.636
198.886
198.871
198.854
198.837
198.819
198.8
198.779
198.758
198.735
198.712
198.686
198.66
198.632
198.602
198.571
198.538
198.503
198.467
198.428
198.387
198.344
198.299
198.251
198.2
198.147
198.09
198.031
197.969
197.903
197.834
197.762
197.686
197.605
197.522
197.435
197.345
197.252
197.154
197.05
196.939
196.819
196.69
196.553
196.408
196.255
196.095
195.928
195.751
195.566
195.372
195.169
194.957
194.736
194.506
194.267
194.019
193.762
193.496
193.222
192.941
192.652
192.357
192.056
191.751
191.442
191.131
190.819
190.549
190.312
190.065
189.809
189.547
189.282
189.018
188.757
188.515
188.28
188.095
187.917
187.841
198.901
198.917
198.933
198.95
198.968
198.987
199.007
199.029
199.051
199.074
199.099
199.125
199.153
199.182
199.212
199.245
199.279
199.314
199.352
199.392
199.434
199.478
199.524
199.573
199.624
199.678
199.735
199.795
199.858
199.924
199.993
200.066
200.143
200.223
200.308
200.397
200.49
200.587
200.689
200.796
200.909
201.026
201.148
201.276
201.41
201.549
201.694
201.845
202.002
202.165
202.334
202.509
202.69
202.876
203.068
203.266
203.469
203.676
203.888
204.103
204.322
204.543
204.766
204.99
205.213
205.435
205.655
205.841
206.001
206.165
206.334
206.504
206.674
206.841
207.001
207.15
207.282
207.389
207.477
207.479
198.815
198.8
198.785
198.769
198.753
198.735
198.716
198.697
198.676
198.654
198.631
198.606
198.581
198.553
198.525
198.494
198.462
198.429
198.393
198.355
198.316
198.274
198.229
198.183
198.133
198.081
198.026
197.968
197.907
197.843
197.775
197.704
197.629
197.55
197.467
197.381
197.291
197.198
197.1
196.997
196.885
196.765
196.635
196.496
196.349
196.195
196.035
195.867
195.692
195.509
195.318
195.117
194.907
194.689
194.461
194.224
193.977
193.722
193.458
193.185
192.904
192.615
192.32
192.018
191.712
191.402
191.089
190.817
190.577
190.326
190.064
189.795
189.521
189.247
188.974
188.718
188.47
188.268
188.081
187.979
198.829
198.843
198.858
198.874
198.89
198.908
198.927
198.946
198.967
198.989
199.012
199.036
199.061
199.088
199.116
199.146
199.178
199.211
199.246
199.282
199.321
199.362
199.405
199.45
199.498
199.548
199.601
199.656
199.714
199.776
199.841
199.909
199.98
200.055
200.134
200.217
200.305
200.396
200.492
200.593
200.699
200.809
200.925
201.047
201.174
201.307
201.445
201.59
201.741
201.898
202.061
202.23
202.406
202.588
202.777
202.971
203.171
203.377
203.588
203.803
204.023
204.246
204.472
204.701
204.93
205.159
205.387
205.581
205.748
205.922
206.101
206.283
206.465
206.645
206.818
206.979
207.12
207.234
207.33
207.344
198.726
198.713
198.698
198.683
198.667
198.65
198.632
198.613
198.593
198.572
198.55
198.526
198.501
198.475
198.447
198.418
198.387
198.354
198.32
198.283
198.244
198.203
198.16
198.114
198.066
198.014
197.96
197.902
197.841
197.777
197.708
197.635
197.556
197.473
197.385
197.293
197.2
197.112
197.032
196.962
196.898
196.832
196.754
196.654
196.528
196.377
196.209
196.031
195.846
195.658
195.464
195.263
195.056
194.84
194.617
194.385
194.145
193.895
193.637
193.37
193.095
192.811
192.52
192.222
191.917
191.608
191.295
191.022
190.78
190.525
190.259
189.985
189.704
189.422
189.141
188.874
188.616
188.4
188.205
188.083
198.74
198.753
198.768
198.783
198.799
198.816
198.834
198.853
198.873
198.894
198.916
198.939
198.964
198.989
199.017
199.045
199.076
199.107
199.141
199.176
199.214
199.253
199.294
199.338
199.383
199.431
199.482
199.536
199.592
199.651
199.713
199.778
199.847
199.919
199.995
200.075
200.159
200.246
200.339
200.436
200.537
200.644
200.756
200.873
200.995
201.123
201.257
201.398
201.544
201.696
201.855
202.021
202.193
202.371
202.557
202.748
202.946
203.15
203.36
203.576
203.796
204.021
204.25
204.481
204.715
204.949
205.183
205.384
205.557
205.738
205.924
206.114
206.303
206.489
206.667
206.834
206.985
207.115
207.226
207.247
198.802
198.79
198.777
198.764
198.75
198.736
198.72
198.704
198.686
198.668
198.649
198.629
198.607
198.585
198.561
198.536
198.509
198.481
198.452
198.421
198.388
198.353
198.317
198.279
198.238
198.196
198.151
198.104
198.054
198.001
197.945
197.887
197.828
197.771
197.718
197.671
197.623
197.564
197.479
197.354
197.182
196.972
196.742
196.517
196.318
196.151
196.009
195.879
195.745
195.6
195.441
195.269
195.085
194.891
194.686
194.47
194.243
194.005
193.757
193.498
193.229
192.95
192.663
192.368
192.065
191.757
191.444
191.17
190.926
190.669
190.4
190.121
189.835
189.547
189.259
188.984
188.719
188.493
188.295
188.153
198.814
198.826
198.838
198.852
198.866
198.881
198.896
198.913
198.93
198.949
198.968
198.989
199.01
199.033
199.057
199.083
199.11
199.138
199.168
199.199
199.233
199.268
199.305
199.344
199.385
199.429
199.474
199.523
199.574
199.628
199.685
199.745
199.808
199.874
199.945
200.019
200.097
200.179
200.265
200.356
200.452
200.553
200.659
200.771
200.888
201.011
201.14
201.276
201.417
201.566
201.721
201.883
202.052
202.228
202.41
202.6
202.796
202.999
203.208
203.423
203.643
203.869
204.099
204.332
204.567
204.804
205.042
205.244
205.421
205.607
205.801
206.004
206.213
206.425
206.63
206.81
206.948
207.037
207.111
207.14
)
;

boundaryField
{
    inlet
    {
        type            freestreamPressure;
    }
    outlet
    {
        type            freestreamPressure;
    }
    walls
    {
        type            zeroGradient;
    }
    frontAndBack
    {
        type            empty;
    }
}


// ************************************************************************* //
