/*--------------------------------*- C++ -*----------------------------------*\
| =========                 |                                                 |
| \\      /  F ield         | OpenFOAM: The Open Source CFD Toolbox           |
|  \\    /   O peration     | Version:  3.0.0                                 |
|   \\  /    A nd           | Web:      www.OpenFOAM.org                      |
|    \\/     M anipulation  |                                                 |
\*---------------------------------------------------------------------------*/
FoamFile
{
    version     2.0;
    format      ascii;
    class       volScalarField;
    location    "0.25";
    object      p;
}
// * * * * * * * * * * * * * * * * * * * * * * * * * * * * * * * * * * * * * //

dimensions      [0 2 -2 0 0 0 0];

internalField   nonuniform List<scalar> 
4096
(
-0.0122383
-0.0097178
-0.00642494
-0.00324952
-0.000640777
0.00108453
0.00170478
0.00112293
-0.000618204
-0.00331701
-0.00660582
-0.00998112
-0.012884
-0.0148347
-0.0155166
-0.0144713
-0.0143541
-0.0116113
-0.00780382
-0.00377226
-0.000104459
0.00270488
0.00426665
0.00434239
0.00288258
5.45959e-05
-0.00374959
-0.00795021
-0.0118697
-0.0148733
-0.0164821
-0.0162168
-0.0140888
-0.0116143
-0.00787213
-0.00357907
0.000632044
0.00418006
0.00656737
0.00743744
0.00662416
0.00419604
0.000478642
-0.00396851
-0.00843387
-0.0121907
-0.0146313
-0.015252
-0.0116649
-0.00986642
-0.00673503
-0.00282486
0.00128782
0.00503219
0.00788096
0.0094124
0.00936509
0.0076938
0.00460774
0.000565536
-0.00378855
-0.00774199
-0.0106483
-0.0119909
-0.00746895
-0.00664443
-0.00457736
-0.00164277
0.00173044
0.00508819
0.00795361
0.00990725
0.0106286
0.00995851
0.00795592
0.00491131
0.00131313
-0.00224521
-0.00517268
-0.00695848
-0.00213711
-0.00241653
-0.00171534
-0.000209525
0.00189566
0.00432077
0.00674627
0.00881539
0.010194
0.0106183
0.00999088
0.00839034
0.00608241
0.00345938
0.000969025
-0.000925136
0.00351364
0.00218978
0.00142707
0.00126089
0.00174154
0.00284387
0.00443915
0.00629644
0.00811296
0.00956282
0.0103931
0.0104641
0.00978755
0.00850376
0.0068546
0.00518604
0.00862142
0.00648806
0.00438327
0.00255984
0.00132449
0.0009132
0.0014222
0.00278041
0.00475488
0.00700328
0.00915253
0.010864
0.0119058
0.012155
0.0116226
0.0104575
0.012422
0.00982449
0.00670622
0.00350133
0.000731353
-0.00113596
-0.00178822
-0.00112693
0.000714682
0.00341524
0.00653494
0.00960178
0.0121772
0.0139086
0.0145703
0.014109
0.0143452
0.0116764
0.00803436
0.00394474
6.74317e-05
-0.00296272
-0.00466311
-0.00477854
-0.00333539
-0.000594008
0.00300593
0.00692555
0.0106042
0.0135232
0.0152673
0.0156016
0.0140994
0.0117417
0.00815284
0.00381539
-0.000569702
-0.00428792
-0.00675548
-0.00761291
-0.00677356
-0.00440893
-0.000899735
0.00324333
0.00742572
0.0110507
0.0135879
0.0147085
0.0117168
0.00999514
0.00703246
0.00312013
-0.00110176
-0.00493834
-0.00778999
-0.00924349
-0.00912535
-0.00749923
-0.00462873
-0.000928478
0.00308352
0.00682979
0.00975254
0.0115499
0.00755222
0.00670384
0.00484047
0.00195341
-0.0014731
-0.00485526
-0.00766298
-0.00948926
-0.0101074
-0.00947094
-0.00769407
-0.00502425
-0.00181977
0.00145851
0.00431617
0.00658607
0.00222198
0.00237523
0.00191243
0.000482575
-0.00165135
-0.00409264
-0.0064508
-0.00838782
-0.00965938
-0.0101225
-0.00972756
-0.00851301
-0.00661526
-0.00430134
-0.00192422
0.000542392
-0.00347409
-0.00231777
-0.00129748
-0.00106367
-0.00160851
-0.00277112
-0.00435096
-0.00612702
-0.00787651
-0.00938781
-0.0104556
-0.010899
-0.0106025
-0.00959128
-0.00802153
-0.00567616
-0.00849137
-0.0065214
-0.00418456
-0.00232715
-0.00118424
-0.000842088
-0.00131051
-0.00252573
-0.00435548
-0.00659068
-0.00893509
-0.0110239
-0.0124863
-0.0130624
-0.0126487
-0.0108601
-0.0113265
-0.00868071
-0.00530888
-0.00206563
0.000597396
0.00235489
0.0029749
0.00235428
0.000537734
-0.00226055
-0.00565204
-0.00911036
-0.0120589
-0.0140085
-0.0146401
-0.0135406
-0.0143114
-0.0114386
-0.00755781
-0.00345529
0.000275718
0.00312618
0.00469085
0.00472444
0.00318158
0.000247144
-0.00366168
-0.00794122
-0.0118989
-0.0148948
-0.0164498
-0.0161474
-0.0150179
-0.0124226
-0.00861078
-0.00425713
4.64134e-06
0.00358274
0.00596782
0.00679565
0.00590207
0.00336993
-0.000451641
-0.00497888
-0.00948244
-0.0132285
-0.0156094
-0.0161739
-0.0134381
-0.0115611
-0.00837575
-0.0044259
-0.000284096
0.00347446
0.00631625
0.00781247
0.00770092
0.00594567
0.00277368
-0.00133524
-0.00571926
-0.00966016
-0.0125122
-0.0137727
-0.00984201
-0.00900193
-0.0068999
-0.00394714
-0.000563101
0.00279377
0.00565115
0.00758132
0.00825986
0.00753431
0.00547255
0.00238162
-0.00123574
-0.00478211
-0.00766927
-0.00935353
-0.00479566
-0.00511135
-0.00439039
-0.00288109
-0.000781831
0.00164308
0.00406391
0.0061203
0.00746902
0.00786815
0.00720674
0.00557914
0.00326194
0.000647947
-0.00181841
-0.0036028
0.000926108
-0.000455655
-0.00120745
-0.0013725
-0.000894708
0.000207301
0.00180136
0.00365296
0.00545109
0.00689022
0.00770324
0.00776194
0.00708286
0.00580368
0.00416078
0.00258618
0.00646396
0.00427705
0.0021812
0.000365315
-0.000864692
-0.00127207
-0.000763549
0.000590417
0.00255235
0.00479174
0.00693482
0.00864648
0.00968964
0.00993968
0.00939738
0.00829544
0.0109984
0.00836798
0.00526082
0.0020717
-0.000686081
-0.00254885
-0.00320631
-0.0025569
-0.000725645
0.00197182
0.00509682
0.00817122
0.0107522
0.0124795
0.0131288
0.0126885
0.0138594
0.0111745
0.00754672
0.00347602
-0.000389784
-0.00342134
-0.00513368
-0.00526825
-0.00383426
-0.00108735
0.00253026
0.00647396
0.0101563
0.0130681
0.0147929
0.0151222
0.014612
0.0122439
0.0086681
0.00434548
-3.62427e-05
-0.0037666
-0.00625582
-0.00713186
-0.00629502
-0.00391267
-0.000371
0.00379129
0.00799196
0.0116095
0.0141234
0.0152293
0.013131
0.011389
0.00843645
0.00453178
0.000302919
-0.00355309
-0.00642945
-0.00789682
-0.00777199
-0.00611787
-0.00321007
0.000522233
0.00454798
0.00828498
0.011182
0.0129738
0.00961798
0.0087397
0.00688641
0.00400237
0.000567073
-0.00283131
-0.00566355
-0.00749503
-0.00810147
-0.00743707
-0.00562642
-0.00293029
0.000282987
0.0035508
0.0063845
0.00866787
0.00458536
0.00471269
0.00426765
0.00284677
0.000713746
-0.00173373
-0.0041005
-0.00604069
-0.0073072
-0.00775794
-0.00734849
-0.00612433
-0.00422655
-0.00192286
0.000438122
0.00293341
-0.00120708
-4.86569e-05
0.000999577
0.00126073
0.000738309
-0.000408936
-0.00198385
-0.00376459
-0.00552753
-0.00705552
-0.0081396
-0.00859661
-0.00831078
-0.00730764
-0.00574096
-0.00336494
-0.00678078
-0.0047405
-0.00234775
-0.000437657
0.000746301
0.00112009
0.00066336
-0.000566376
-0.00243824
-0.00473598
-0.00714971
-0.00929849
-0.0107987
-0.0113833
-0.0109457
-0.00911359
-0.00952829
-0.00676157
-0.00333993
-6.1819e-05
0.00262413
0.00438865
0.00499111
0.0043287
0.00244984
-0.000419512
-0.00387468
-0.00737397
-0.0103314
-0.0122542
-0.0128217
-0.0116789
-0.0134156
-0.0104451
-0.00652309
-0.00238131
0.00138808
0.00426592
0.00583791
0.00585488
0.00427334
0.00128701
-0.00267419
-0.00699432
-0.0109732
-0.013966
-0.0154882
-0.0151736
-0.0151963
-0.012532
-0.00868085
-0.00429761
-1.47681e-05
0.00356876
0.00593998
0.00673491
0.00579496
0.00321231
-0.000652477
-0.005206
-0.00971683
-0.0134479
-0.0157902
-0.016312
-0.0146728
-0.0127829
-0.00955783
-0.00558605
-0.00144011
0.00230414
0.00511426
0.00656632
0.00640656
0.00460832
0.00140658
-0.00271432
-0.00709208
-0.0110129
-0.0138323
-0.0150107
-0.011969
-0.0111712
-0.00902715
-0.00605587
-0.00267868
0.000649962
0.00346397
0.00534426
0.00597728
0.00521744
0.00313779
4.51605e-05
-0.00356016
-0.00708902
-0.00995827
-0.0115224
-0.00752288
-0.00791573
-0.00714622
-0.00561684
-0.0035301
-0.00114017
0.00123091
0.00323492
0.00454389
0.00491205
0.00423825
0.00261114
0.000303355
-0.00230104
-0.00476403
-0.00640781
-0.00201785
-0.00347717
-0.00417382
-0.00431485
-0.00384974
-0.00278543
-0.00124333
0.000554626
0.00231634
0.0037271
0.00452815
0.00458264
0.00390405
0.00262506
0.000978746
-0.000453113
0.00372917
0.00149484
-0.000543927
-0.00233418
-0.00357616
-0.00402119
-0.00356382
-0.00226414
-0.000334741
0.00188037
0.0040055
0.00570336
0.00673969
0.00698398
0.00643962
0.00546384
0.00887929
0.00624472
0.00318882
2.13513e-05
-0.00274949
-0.00464893
-0.00535352
-0.00474922
-0.00295175
-0.000278549
0.00282712
0.00588342
0.00845035
0.010172
0.0108303
0.0104857
0.0126767
0.010024
0.00643391
0.00237543
-0.00150649
-0.00457267
-0.00632588
-0.00649812
-0.00509292
-0.00236774
0.00123042
0.00515166
0.00882706
0.0117387
0.0134831
0.0138799
0.0145462
0.0122207
0.00866777
0.00434696
-5.30418e-05
-0.00381296
-0.00633394
-0.00723751
-0.0064221
-0.00405706
-0.000530785
0.00362435
0.00781333
0.0114374
0.0139794
0.0151324
0.0141799
0.0124728
0.00953079
0.00562121
0.00137774
-0.00249798
-0.00539239
-0.00687607
-0.00676543
-0.00512469
-0.00222872
0.00149382
0.00551783
0.00926738
0.0121941
0.0140236
0.0115981
0.0107415
0.00889464
0.00600784
0.00256762
-0.000836686
-0.00366643
-0.0055052
-0.0061218
-0.0054714
-0.00367557
-0.000989708
0.00222335
0.00550359
0.00836313
0.0106814
0.00716424
0.0073132
0.00687665
0.00546414
0.00334433
0.000913514
-0.00143837
-0.0033737
-0.00464811
-0.00511775
-0.00473103
-0.00352479
-0.00163376
0.000675486
0.00305471
0.00557576
0.00155172
0.00274661
0.00381321
0.00409747
0.00361081
0.00250146
0.000960442
-0.000804604
-0.00257396
-0.00412701
-0.00524481
-0.00573281
-0.00546785
-0.00447086
-0.00289521
-0.000510287
-0.00431371
-0.00218705
0.000239968
0.0021777
0.00339412
0.00379099
0.00333945
0.00209298
0.000180752
-0.00217196
-0.0046399
-0.00682661
-0.00833908
-0.00890743
-0.0084249
-0.00656296
-0.00702795
-0.00417112
-0.000734731
0.00254426
0.00522241
0.00696182
0.0075241
0.00681715
0.00489449
0.00199478
-0.00146906
-0.00495339
-0.00787655
-0.00975103
-0.0102564
-0.00909493
-0.0117307
-0.00872042
-0.00480243
-0.000663678
0.00311031
0.00599737
0.0075795
0.00760605
0.0060311
0.00304857
-0.000909818
-0.00522665
-0.00920088
-0.0121871
-0.0136946
-0.0133887
-0.0145367
-0.0118798
-0.00803845
-0.00366911
0.000602503
0.00417895
0.00654657
0.00733986
0.00640111
0.00382143
-3.54179e-05
-0.00457581
-0.00906757
-0.0127804
-0.015105
-0.0155964
-0.0151333
-0.0133147
-0.0100993
-0.00614797
-0.00202604
0.00169708
0.00449246
0.00593505
0.00577226
0.00397793
0.000787987
-0.0033135
-0.00766604
-0.0115643
-0.0143698
-0.0154719
-0.0134851
-0.0128185
-0.010677
-0.00772498
-0.00437746
-0.001077
0.00171452
0.0035802
0.00420691
0.00344912
0.00137979
-0.00169506
-0.00527659
-0.00878631
-0.0116546
-0.0130952
-0.0098785
-0.0104353
-0.00965351
-0.00813342
-0.00607378
-0.00371344
-0.00136906
0.000614192
0.00191037
0.00227229
0.00159958
-1.94501e-05
-0.00231336
-0.00490743
-0.00738105
-0.00886705
-0.0048706
-0.0064857
-0.00715094
-0.00728572
-0.00683892
-0.00580174
-0.00428938
-0.00251869
-0.000781356
0.000609795
0.00139712
0.00144789
0.000764737
-0.000514697
-0.00217605
-0.00343702
0.000805682
-0.00153659
-0.00352634
-0.00529499
-0.00654526
-0.00701477
-0.00659105
-0.00532649
-0.00343589
-0.00125562
0.000836997
0.00250372
0.0035306
0.00377043
0.0032173
0.00240344
0.00633653
0.00366427
0.00066822
-0.00246803
-0.00524092
-0.0071653
-0.00791007
-0.00735335
-0.00560587
-0.00298127
7.92885e-05
0.00309793
0.00564438
0.00736098
0.00802142
0.0078199
0.0109199
0.00829771
0.00476873
0.000742514
-0.0031412
-0.00623641
-0.00803746
-0.00826717
-0.00692151
-0.00425304
-0.000705063
0.00317743
0.00683494
0.00975145
0.0115265
0.0120286
0.0138631
0.0116137
0.00811493
0.00382004
-0.000585775
-0.00437982
-0.00695431
-0.00792085
-0.00716863
-0.00486044
-0.0013799
0.00274614
0.00692665
0.0105695
0.0131603
0.0143896
0.0146857
0.013072
0.0101723
0.00627943
0.00202553
-0.00188614
-0.00483396
-0.00637926
-0.00632826
-0.00473745
-0.00187635
0.00182993
0.00585926
0.00963922
0.0126243
0.0145065
0.0132121
0.0124458
0.0106291
0.00775165
0.0043005
0.000864651
-0.00201016
-0.00390225
-0.00456882
-0.00395744
-0.00218428
0.000497612
0.0037258
0.00704131
0.00995766
0.01231
0.00962479
0.0098531
0.00943587
0.00802971
0.00590537
0.00345672
0.00107591
-0.000894592
-0.00220254
-0.00269736
-0.0023228
-0.00111412
0.000793241
0.00313205
0.00555647
0.00809384
0.00446479
0.00572967
0.00680649
0.00709765
0.00661884
0.00551441
0.00396887
0.0021947
0.000415441
-0.00114704
-0.00226988
-0.00275671
-0.00248345
-0.00147437
0.000126223
0.00250082
-0.00136905
0.00084521
0.00328415
0.00522292
0.00643259
0.00681034
0.00632778
0.00503841
0.00308269
0.000700142
-0.00177543
-0.00394551
-0.00542206
-0.00594147
-0.00539974
-0.00352684
-0.00419485
-0.00129793
0.00211988
0.00537651
0.00803059
0.00974016
0.010272
0.00953893
0.00760731
0.00472157
0.0012942
-0.00214003
-0.00501237
-0.00684456
-0.00731635
-0.00617722
-0.00949406
-0.00650623
-0.00263698
0.0014586
0.00520574
0.00808584
0.00968417
0.00974735
0.00822427
0.00530095
0.00139891
-0.00287366
-0.006822
-0.00980248
-0.0113186
-0.0110498
-0.0131291
-0.0105468
-0.00676003
-0.00244185
0.00179446
0.00535867
0.00773852
0.00856631
0.00767543
0.00515324
0.001353
-0.00313927
-0.00759744
-0.0112977
-0.0136305
-0.0141249
-0.0147428
-0.0130554
-0.0098944
-0.00599747
-0.00191775
0.00178698
0.00458848
0.00605892
0.00593965
0.00419571
0.00105664
-0.00299927
-0.0073163
-0.0111992
-0.0140167
-0.0150728
-0.0141533
-0.0136686
-0.011571
-0.00866841
-0.00536455
-0.0020865
0.000705778
0.00259156
0.00325102
0.00253111
0.00049967
-0.00253992
-0.00609035
-0.00958358
-0.01247
-0.0138148
-0.0114935
-0.0122582
-0.0114988
-0.0100129
-0.00799022
-0.00565182
-0.00331277
-0.00132059
-9.22938e-06
0.000369862
-0.000285854
-0.0018886
-0.00416226
-0.00674566
-0.00924012
-0.0105862
-0.00717973
-0.00899125
-0.00964989
-0.00979589
-0.00937259
-0.00835386
-0.0068532
-0.0050896
-0.00335955
-0.00197811
-0.00120219
-0.00116246
-0.00183529
-0.00311177
-0.0047924
-0.00588504
-0.00183266
-0.0043207
-0.00627348
-0.0080287
-0.00928761
-0.00977332
-0.00937126
-0.00813385
-0.00627715
-0.00413514
-0.00207994
-0.000438344
0.000570052
0.000812102
0.000251394
-0.000386258
0.00379635
0.00105734
-0.00187745
-0.00498109
-0.0077525
-0.00969625
-0.0104779
-0.00997203
-0.00828513
-0.00572482
-0.00272413
0.000249833
0.0027758
0.00449687
0.00517537
0.00513649
0.00890271
0.00629897
0.00284393
-0.00114113
-0.00502182
-0.0081464
-0.0100034
-0.0103073
-0.00904472
-0.00645814
-0.00298054
0.000853828
0.0044954
0.00742901
0.00924739
0.00988944
0.0127185
0.0105556
0.00713004
0.00287287
-0.0015369
-0.00537399
-0.00802239
-0.00908112
-0.00842502
-0.00620361
-0.00278969
0.00129894
0.00547744
0.00915439
0.0118145
0.0131517
0.0146238
0.0131338
0.0102946
0.0064274
0.00215833
-0.00180856
-0.00484139
-0.00648583
-0.00653063
-0.0050177
-0.0022069
0.00148158
0.00552716
0.00935803
0.0124277
0.0143841
0.0142644
0.0136272
0.0118512
0.0089837
0.00550754
0.00201151
-0.000947698
-0.00293159
-0.00367965
-0.00312567
-0.00137894
0.00130787
0.00456881
0.00794369
0.0109447
0.013338
0.0116372
0.0119763
0.0115762
0.0101644
0.0080104
0.0055076
0.00305837
0.00101942
-0.000341585
-0.000864096
-0.000489465
0.000743582
0.00269136
0.00508521
0.00757858
0.0101242
0.00713051
0.00847532
0.00954477
0.00981643
0.00930866
0.00816616
0.00658184
0.00477639
0.00298218
0.00142633
0.000328042
-0.00012342
0.000187089
0.00123553
0.00287892
0.00522929
0.00162316
0.00390419
0.00633112
0.00824863
0.00942804
0.00976216
0.00922698
0.00788857
0.00590317
0.00351968
0.00107473
-0.00104122
-0.00245486
-0.0029143
-0.00231819
-0.000461863
-0.00152887
0.00135773
0.00473235
0.00795472
0.0105836
0.0122748
0.0128003
0.0120723
0.01017
0.00733581
0.00397345
0.000602844
-0.00222365
-0.00403549
-0.00451502
-0.00343867
-0.0070943
-0.00416936
-0.000380817
0.00364275
0.00733866
0.0101975
0.0118118
0.0119274
0.0104881
0.00766493
0.00386029
-0.000335958
-0.00424155
-0.00721706
-0.00876208
-0.00855555
-0.0112387
-0.00876068
-0.00506187
-0.000817529
0.0033698
0.00691982
0.00932357
0.0102098
0.00940358
0.00697677
0.00326683
-0.00115488
-0.00557235
-0.00926761
-0.011632
-0.0121675
-0.0136134
-0.0120659
-0.00898863
-0.00516471
-0.00113357
0.00255844
0.00538395
0.00691009
0.00686645
0.00520362
0.0021401
-0.00185592
-0.00613519
-0.0100091
-0.0128561
-0.0139176
-0.0139213
-0.0136045
-0.0115786
-0.00874181
-0.00548473
-0.00222027
0.000591638
0.00252245
0.00323976
0.00257972
0.000602544
-0.00239297
-0.00591147
-0.00939404
-0.0123025
-0.0136075
-0.012164
-0.0131114
-0.0124001
-0.0109634
-0.00897943
-0.00665391
-0.00430261
-0.00228222
-0.000937046
-0.000526786
-0.00115697
-0.00273738
-0.00498869
-0.00756027
-0.0100719
-0.01133
-0.00862519
-0.0106122
-0.0112857
-0.0114564
-0.0110585
-0.0100507
-0.0085483
-0.0067774
-0.00504295
-0.00366363
-0.00289371
-0.00285808
-0.00352517
-0.00478828
-0.00647828
-0.00743968
-0.00380517
-0.00643251
-0.00836359
-0.0101163
-0.011386
-0.0118827
-0.0114933
-0.0102746
-0.00844639
-0.00634086
-0.0043225
-0.00270631
-0.00170069
-0.00145166
-0.00200941
-0.00248605
0.00163429
-0.00118059
-0.00406255
-0.00714095
-0.00991315
-0.0118738
-0.0126885
-0.0122314
-0.0106062
-0.00811325
-0.00517407
-0.00224225
0.000271755
0.00201039
0.00271308
0.00284517
0.0069272
0.00432544
0.000941645
-0.00300596
-0.00688668
-0.0100417
-0.0119567
-0.01234
-0.0111679
-0.00867031
-0.00526642
-0.00147732
0.0021575
0.00512094
0.00699157
0.00779427
0.0112828
0.00919305
0.00584259
0.00162048
-0.00279806
-0.00668486
-0.00941662
-0.0105794
-0.0100317
-0.00790652
-0.00456268
-0.000508402
0.00367702
0.00740345
0.0101436
0.0116121
0.0139964
0.0126254
0.00984802
0.00600278
0.00170991
-0.00232529
-0.00545948
-0.00721998
-0.00737496
-0.00594852
-0.00318896
0.000488105
0.00456231
0.00845917
0.0116261
0.0136731
0.0145799
0.0140739
0.0123352
0.00946938
0.00595361
0.00237776
-0.0006872
-0.00278151
-0.00362321
-0.0031298
-0.00140393
0.0012996
0.00460893
0.00805919
0.011158
0.0135959
0.0128733
0.0133228
0.0129286
0.011495
0.00928827
0.00670425
0.00416099
0.00203656
0.000616529
7.30138e-05
0.000464219
0.00174128
0.00375031
0.0062164
0.00879003
0.011337
0.00911799
0.01053
0.0115716
0.0117974
0.011227
0.0100104
0.00835629
0.00650457
0.00469803
0.00316757
0.00212375
0.00173935
0.00211519
0.00322215
0.00491686
0.00723372
0.00414611
0.00645886
0.00885291
0.0107349
0.0118739
0.0121608
0.0115788
0.0102068
0.00821462
0.00585826
0.00346999
0.00142551
7.91161e-05
-0.00032949
0.000296974
0.00210572
0.000459794
0.0032973
0.00661408
0.0097955
0.0123998
0.0140828
0.0146185
0.013926
0.0120797
0.00931847
0.0060332
0.00272681
-6.30305e-05
-0.00187721
-0.00239204
-0.00139986
-0.00495055
-0.00212633
0.00156709
0.00550549
0.00913528
0.0119591
0.0135801
0.013749
0.0124029
0.00969675
0.00600933
0.00190672
-0.00194546
-0.00491436
-0.00649403
-0.00636199
-0.00923428
-0.00685735
-0.00325277
0.000909772
0.00504311
0.00857665
0.0110064
0.0119583
0.0112476
0.00892933
0.00532148
0.000977466
-0.0033982
-0.00709222
-0.00949457
-0.0101003
-0.0119983
-0.0105496
-0.00756504
-0.00381733
0.000166814
0.00385094
0.00670877
0.00829962
0.00833966
0.00676718
0.00378422
-0.000151275
-0.00439635
-0.00826565
-0.0111406
-0.0122571
-0.0129007
-0.0126799
-0.0107372
-0.00796936
-0.00475468
-0.00149567
0.00134485
0.00333022
0.00411215
0.00351645
0.00159451
-0.00135862
-0.00484866
-0.00831949
-0.0112401
-0.0125719
-0.011859
-0.012903
-0.0122547
-0.0108729
-0.0089235
-0.00660258
-0.00422936
-0.00217184
-0.000786646
-0.00034199
-0.000945527
-0.00250398
-0.00473408
-0.00728838
-0.0097989
-0.011043
-0.00905249
-0.0111359
-0.0118438
-0.0120484
-0.011674
-0.0106698
-0.00915551
-0.00736807
-0.00562201
-0.00423998
-0.00347252
-0.00343624
-0.00409226
-0.00533433
-0.00701316
-0.00791251
-0.00487118
-0.00758497
-0.00951551
-0.0112787
-0.0125601
-0.0130616
-0.0126747
-0.0114637
-0.00965424
-0.0075771
-0.00558795
-0.00398958
-0.00298079
-0.00270961
-0.00324717
-0.00361551
0.000123357
-0.00274972
-0.00559925
-0.0086657
-0.0114411
-0.0134132
-0.0142503
-0.0138292
-0.0122536
-0.0098166
-0.00692732
-0.00402528
-0.00150926
0.000253983
0.000989778
0.00126231
0.00523915
0.00262606
-0.000705378
-0.00462535
-0.00850844
-0.011689
-0.0136516
-0.0141011
-0.0130061
-0.0105841
-0.00724027
-0.00348269
0.000157958
0.00315708
0.00508028
0.00603185
0.00971783
0.00767311
0.00438736
0.000187132
-0.00424418
-0.00817707
-0.0109833
-0.0122383
-0.0117858
-0.00974323
-0.00645574
-0.0024222
0.00178198
0.00555982
0.00837429
0.00997338
0.0128365
0.0115546
0.00882773
0.00499458
0.000672983
-0.0034298
-0.00665993
-0.00852728
-0.0087806
-0.00742732
-0.00470552
-0.00102724
0.00308435
0.00704859
0.0103052
0.0124432
0.0140421
0.013641
0.0119277
0.00905318
0.00548983
0.00183014
-0.00133979
-0.0035386
-0.00446315
-0.00401662
-0.00229724
0.000435867
0.00380187
0.00732879
0.0105179
0.0129974
0.0130715
0.0136081
0.0132064
0.0117378
0.0094647
0.00678819
0.00414486
0.00193595
0.000466574
-8.2835e-05
0.000342005
0.00167958
0.00376068
0.00630233
0.00895074
0.0114929
0.0100493
0.0115039
0.0125027
0.0126652
0.0120112
0.0107002
0.00896159
0.00705811
0.0052469
0.00375919
0.00279214
0.00249743
0.00295567
0.00412887
0.00587171
0.00815011
0.00571117
0.00801892
0.0103649
0.0122029
0.0132998
0.0135467
0.0129353
0.0115559
0.00958576
0.00728057
0.00496324
0.00299204
0.0017031
0.00132531
0.00195388
0.00369299
0.00137727
0.00415063
0.0074044
0.0105369
0.0131086
0.0147798
0.0153283
0.0146756
0.0128936
0.0102112
0.00700431
0.00375951
0.00100123
-0.000814993
-0.00136725
-0.000450941
-0.00350603
-0.000754731
0.00285437
0.00671072
0.0102696
0.0130473
0.0146605
0.0148682
0.0136043
0.0110084
0.0074356
0.00342718
-0.000368855
-0.00332524
-0.00493475
-0.00487098
-0.00749348
-0.00518191
-0.00166263
0.00242567
0.00650597
0.0100175
0.0124633
0.0134696
0.0128433
0.0106243
0.00711121
0.00283954
-0.00149638
-0.00518643
-0.0076181
-0.00830309
-0.0102052
-0.00878901
-0.00588846
-0.00220878
0.00173394
0.00540936
0.00829298
0.00993912
0.0100529
0.00855896
0.00564643
0.00176356
-0.00245201
-0.00631424
-0.00920267
-0.0104055
-0.0113044
-0.0110824
-0.00921919
-0.00651346
-0.00333265
-7.69305e-05
0.00279041
0.00482167
0.00566063
0.0051189
0.00324276
0.0003248
-0.00314117
-0.006596
-0.00950873
-0.0109235
-0.0106816
-0.0117099
-0.0111279
-0.00979889
-0.00787651
-0.00555526
-0.00315751
-0.00106497
0.000356062
0.000830012
0.000248668
-0.00129066
-0.00350157
-0.0060319
-0.00851641
-0.00982375
-0.00845483
-0.0105268
-0.0112821
-0.0115263
-0.0111701
-0.0101627
-0.00862968
-0.00682031
-0.00505853
-0.00367027
-0.00290154
-0.00286017
-0.00350048
-0.00471555
-0.00636032
-0.00728427
-0.0049301
-0.00764925
-0.00960178
-0.011386
-0.0126769
-0.0131743
-0.0127768
-0.0115597
-0.00975475
-0.00769247
-0.00571935
-0.00412745
-0.00310766
-0.00280853
-0.0033105
-0.00365364
-0.000571312
-0.0034611
-0.0063042
-0.00937484
-0.0121523
-0.0141239
-0.0149638
-0.0145559
-0.0130056
-0.0106013
-0.0077414
-0.00485328
-0.00232787
-0.00053641
0.000235622
0.000579787
0.00402733
0.0014055
-0.00189506
-0.00581025
-0.00969302
-0.0128839
-0.0148688
-0.0153539
-0.014304
-0.0119282
-0.00862004
-0.00487701
-0.00122429
0.0018074
0.00377233
0.00482303
0.00819007
0.00616265
0.00291111
-0.00127128
-0.00571287
-0.00967387
-0.0125257
-0.0138384
-0.0134459
-0.0114546
-0.00819901
-0.00417134
5.48359e-05
0.00387349
0.00674027
0.00843784
0.0112462
0.0100133
0.00731742
0.00348868
-0.000857117
-0.0050093
-0.00830663
-0.0102469
-0.0105644
-0.009255
-0.00654973
-0.00285983
0.00128841
0.00530509
0.00862449
0.0108338
0.0126541
0.012319
0.0106176
0.00772791
0.00412101
0.00039263
-0.00285814
-0.00513239
-0.00611055
-0.00568631
-0.00395689
-0.00118767
0.0022309
0.0058184
0.0090726
0.0115826
0.0121203
0.0127124
0.0122944
0.0107862
0.00844829
0.00568809
0.00296017
0.000686876
-0.000810996
-0.00134812
-0.000877415
0.00052483
0.00267386
0.00527834
0.00798159
0.0105136
0.00970056
0.0111738
0.0121265
0.0122234
0.0114844
0.01008
0.0082618
0.00631527
0.00451054
0.00307725
0.00219607
0.00199503
0.0025337
0.0037648
0.00554181
0.00778194
0.00599118
0.00826611
0.0105556
0.0123437
0.0133973
0.013612
0.0129878
0.0116226
0.00969627
0.00745874
0.00521859
0.00331609
0.00207203
0.00170871
0.00232071
0.00398695
0.00107434
0.0037795
0.00696908
0.0100404
0.0125605
0.0141997
0.0147446
0.0141192
0.0123925
0.00978292
0.0066521
0.00347172
0.000755073
-0.00104755
-0.00161701
-0.000741868
-0.00297343
-0.000281698
0.00326356
0.00705141
0.0105432
0.013269
0.0148606
0.015087
0.0138822
0.0113733
0.007895
0.00396718
0.000222205
-0.00271731
-0.00434398
-0.00432232
-0.00628804
-0.00400752
-0.000553692
0.00347413
0.00750493
0.010987
0.0134327
0.0144713
0.0139052
0.0117619
0.00832441
0.00411419
-0.000185945
-0.00386582
-0.00631091
-0.00705985
-0.00851128
-0.00707286
-0.00423644
-0.00061087
0.00329572
0.00695693
0.00985188
0.0115327
0.0116977
0.010261
0.00740215
0.00356159
-0.000627923
-0.00447723
-0.00736156
-0.00865534
-0.00937905
-0.00908075
-0.00728059
-0.00462407
-0.00146942
0.0017815
0.00466611
0.00672833
0.00760628
0.0071025
0.00525969
0.00236906
-0.00107625
-0.00451101
-0.00739758
-0.00892673
-0.00881784
-0.00973612
-0.00921774
-0.00793338
-0.00602945
-0.00370775
-0.0012841
0.00083418
0.00228227
0.00277819
0.00221424
0.000691271
-0.00150205
-0.0040049
-0.00644711
-0.00787671
-0.00693826
-0.00890407
-0.00971526
-0.00999746
-0.00965238
-0.00863534
-0.00707843
-0.00524375
-0.0034627
-0.00206372
-0.00128882
-0.00123805
-0.00186209
-0.00304843
-0.00464597
-0.00567613
-0.00399823
-0.00664349
-0.00863796
-0.0104501
-0.0117439
-0.0122258
-0.0118034
-0.0105638
-0.00874599
-0.00668045
-0.00470906
-0.00311258
-0.00207971
-0.00175439
-0.00221546
-0.00262674
-0.00037918
-0.00323613
-0.00610128
-0.00918624
-0.0119601
-0.0139138
-0.0147316
-0.0143074
-0.0127518
-0.0103515
-0.00749772
-0.00460917
-0.00207268
-0.000260367
0.00054086
0.000864748
0.00343364
0.000817094
-0.00248504
-0.00640137
-0.0102785
-0.0134553
-0.0154276
-0.0159076
-0.0148619
-0.0124961
-0.00919666
-0.00545449
-0.0017909
0.00125754
0.00324292
0.00431375
0.00688575
0.00486029
0.00161929
-0.00255998
-0.00699817
-0.0109555
-0.01381
-0.0151332
-0.0147543
-0.0127761
-0.00952731
-0.00549612
-0.0012558
0.00258052
0.00546637
0.00720323
0.00942059
0.00820451
0.00552094
0.00169187
-0.00266209
-0.00683036
-0.01015
-0.0121144
-0.0124514
-0.0111516
-0.00844383
-0.00474052
-0.000567569
0.00347201
0.00681566
0.00905836
0.0105824
0.0102784
0.00857798
0.00567502
0.00204147
-0.00172408
-0.00501465
-0.00732119
-0.00831554
-0.00788791
-0.00613772
-0.00333691
0.000116566
0.0037357
0.00701861
0.00954029
0.010122
0.0107426
0.0103074
0.00876595
0.00638002
0.00356284
0.000782881
-0.00152281
-0.00302375
-0.00353482
-0.0030175
-0.00156162
0.000635634
0.00327705
0.00600731
0.00852505
0.00808358
0.00956003
0.0104759
0.0105202
0.00971363
0.00823749
0.00636241
0.00439253
0.00260545
0.00122769
0.00042317
0.000298716
0.000896781
0.00216376
0.00395536
0.00616349
0.00492269
0.00714925
0.00938048
0.0111132
0.0121184
0.0123009
0.0116702
0.0103298
0.00845739
0.00629321
0.00412998
0.00229126
0.00108565
0.000731394
0.00132397
0.00293526
-0.000337255
0.00230092
0.00542883
0.00842815
0.0108761
0.0124588
0.0129755
0.0123556
0.0106673
0.00811985
0.00506156
0.00195075
-0.000709547
-0.00247665
-0.00303683
-0.00216171
-0.00339711
-0.00075169
0.00275562
0.00649443
0.0099307
0.0126078
0.0141711
0.0143997
0.0132286
0.0107762
0.0073623
0.00349136
-0.000214643
-0.00313735
-0.0047696
-0.00475718
-0.00575126
-0.00348698
-7.30801e-05
0.00391036
0.00789746
0.0113461
0.0137777
0.0148269
0.0142948
0.0122006
0.00881586
0.00465108
0.000381814
-0.00328432
-0.00573065
-0.00651272
-0.00712062
-0.00564058
-0.00284508
0.000742353
0.00461877
0.00826085
0.0111525
0.0128473
0.0130407
0.0116402
0.00881864
0.00501003
0.000843246
-0.00299005
-0.00586165
-0.00722773
-0.0073662
-0.00696295
-0.0052076
-0.0025846
0.000552021
0.00379707
0.00668762
0.00876658
0.00966709
0.00918774
0.00736831
0.0044987
0.00107059
-0.00234459
-0.00520204
-0.00684746
-0.00650651
-0.00727697
-0.00681005
-0.00555846
-0.00366331
-0.00133432
0.00110188
0.00324299
0.00471222
0.00522588
0.00467724
0.00316949
0.00099104
-0.001489
-0.00389004
-0.00547011
-0.00469736
-0.0065102
-0.007378
-0.00769211
-0.00734904
-0.00631508
-0.00473149
-0.00286777
-0.00106275
0.000353299
0.00114137
0.00120587
0.000595936
-0.000568902
-0.00212413
-0.00331602
-0.00219158
-0.00471565
-0.00676529
-0.00860561
-0.00989359
-0.0103491
-0.00988863
-0.00861125
-0.0067639
-0.0046787
-0.00269325
-0.00108551
-3.92734e-05
0.000301777
-0.000127698
-0.000684977
0.000686424
-0.00210092
-0.00501107
-0.0081159
-0.0108761
-0.0127944
-0.0135664
-0.013098
-0.0115082
-0.00908538
-0.00621699
-0.00331758
-0.000773525
0.00104385
0.00185754
0.00207191
0.00355732
0.000963523
-0.0023673
-0.00629241
-0.0101498
-0.0132867
-0.0152109
-0.0156473
-0.014567
-0.0121788
-0.00886585
-0.00511531
-0.00145071
0.00159316
0.00357193
0.00457595
0.00600965
0.00398266
0.00072903
-0.00345117
-0.00786515
-0.0117873
-0.0145988
-0.0158911
-0.0154801
-0.0134814
-0.0102206
-0.0061837
-0.00194561
0.0018798
0.00474975
0.00645367
0.00764559
0.00642811
0.0037416
-8.52408e-05
-0.00442453
-0.00857067
-0.0118644
-0.013804
-0.0141189
-0.0128005
-0.0100789
-0.00636701
-0.00219664
0.00183369
0.00516209
0.00738958
0.00815525
0.00786075
0.00615682
0.00324881
-0.000385841
-0.00414962
-0.00743385
-0.00972836
-0.0107053
-0.0102561
-0.00848468
-0.00566762
-0.00220721
0.0014091
0.0046842
0.00719282
0.0073994
0.00803162
0.00758581
0.00602703
0.0036203
0.000782829
-0.00200942
-0.00431331
-0.00579593
-0.00627713
-0.00572561
-0.00424054
-0.0020257
0.000621191
0.00335029
0.00585063
0.00546598
0.00694148
0.00783718
0.00785201
0.00700828
0.00549491
0.00359513
0.00162259
-0.000138408
-0.00147171
-0.00222556
-0.0023073
-0.00168427
-0.000409178
0.00137855
0.0035659
0.00272585
0.00490005
0.00707801
0.00875295
0.00970388
0.00984801
0.00920589
0.00788687
0.0060649
0.0039692
0.00187698
9.72804e-05
-0.00107036
-0.00141243
-0.000830758
0.000756959
-0.00253492
3.67013e-05
0.00311129
0.00603946
0.00840831
0.0099225
0.010396
0.00976455
0.00809872
0.00560006
0.00260532
-0.000439269
-0.00303783
-0.00476015
-0.00529623
-0.00438594
-0.00463295
-0.0020307
0.0014631
0.00517574
0.00857575
0.0112181
0.0127567
0.0129787
0.0118199
0.0093928
0.00600894
0.00216503
-0.00152091
-0.00443296
-0.00606778
-0.00603265
-0.0058823
-0.00364014
-0.000242744
0.00371546
0.0076716
0.0110904
0.0135024
0.0145479
0.0140286
0.0119589
0.00860326
0.00446521
0.000215796
-0.00343811
-0.00588459
-0.00666697
-0.00616404
-0.00465858
-0.00188136
0.00168595
0.0055423
0.00916673
0.0120481
0.0137434
0.0139488
0.0125678
0.00976902
0.00598117
0.00183027
-0.00199163
-0.00485727
-0.00626537
-0.00549668
-0.00500899
-0.00327754
-0.000670758
0.00245861
0.00570038
0.00859243
0.010678
0.0115935
0.0111287
0.00932574
0.00647117
0.00305378
-0.00035098
-0.00319369
-0.0049351
-0.0040288
-0.00466932
-0.00423779
-0.00300326
-0.00110605
0.00123371
0.00368231
0.00584202
0.0073299
0.00786063
0.00732785
0.00583378
0.00366412
0.00119455
-0.00118537
-0.00291202
-0.00200745
-0.00367566
-0.00459223
-0.00492719
-0.00457538
-0.00352002
-0.00190721
-1.19105e-05
0.00182182
0.00326204
0.00407019
0.00414996
0.00354902
0.00239296
0.000856993
-0.000514027
0.000276252
-0.00212372
-0.0042312
-0.00609468
-0.00736898
-0.00778914
-0.00728413
-0.00595945
-0.00407011
-0.00195103
6.05319e-05
0.00168663
0.00273939
0.00308315
0.00266199
0.00191696
0.00252123
-0.000186854
-0.00315447
-0.00627929
-0.0090184
-0.01089
-0.0116024
-0.0110712
-0.0094273
-0.00696248
-0.00406461
-0.00114841
0.00139654
0.00320521
0.00400752
0.00405195
0.00443574
0.00187289
-0.00150474
-0.00544094
-0.00926869
-0.0123492
-0.0142028
-0.0145672
-0.0134267
-0.0109938
-0.00765311
-0.00389179
-0.000235564
0.00278421
0.00473173
0.00560088
0.00575212
0.00372364
0.000439974
-0.00374039
-0.00811894
-0.0119815
-0.0147227
-0.0159367
-0.0154698
-0.01343
-0.0101475
-0.00610841
-0.00188839
0.00190139
0.00472577
0.00633518
0.00625201
0.00502384
0.00232332
-0.00149618
-0.00580164
-0.00989351
-0.0131236
-0.0149987
-0.0152666
-0.0139122
-0.0111751
-0.00746761
-0.00332102
0.000669889
0.00395039
0.00611947
0.00580839
0.00551049
0.00380186
0.00090084
-0.00270968
-0.00643708
-0.00967581
-0.0119234
-0.0128609
-0.0123836
-0.0106003
-0.00778857
-0.00434958
-0.000766969
0.00247104
0.00494292
0.0044388
0.00507197
0.00462482
0.00306877
0.000670135
-0.00215259
-0.00492006
-0.00719435
-0.0086485
-0.0091054
-0.00854171
-0.00705867
-0.00485948
-0.00223553
0.000469632
0.00295127
0.00231926
0.00379139
0.00468792
0.00469854
0.00385155
0.00233758
0.000445615
-0.00150928
-0.00324763
-0.0045585
-0.00529801
-0.00537872
-0.00477197
-0.00350877
-0.00173792
0.000442512
-0.000160902
0.00196387
0.00410099
0.00572436
0.00662203
0.00672415
0.00606335
0.0047547
0.00296858
0.000925794
-0.00110998
-0.00284022
-0.0039699
-0.00430279
-0.00372201
-0.00212609
-0.00509847
-0.00259412
0.000446582
0.00332597
0.00563186
0.00708992
0.00752299
0.00688048
0.00522698
0.00275976
-0.000193005
-0.00319791
-0.00574923
-0.00743736
-0.0079583
-0.00700227
-0.00642078
-0.0038614
-0.000360779
0.00335015
0.00673883
0.00936633
0.0108944
0.0111087
0.00994468
0.007513
0.0041236
0.000273552
-0.00341581
-0.00632964
-0.00796919
-0.00789141
-0.00659544
-0.00438619
-0.000984059
0.00297164
0.00691485
0.0103194
0.0127173
0.0137532
0.0132309
0.0111627
0.00781068
0.00367667
-0.000569866
-0.00422352
-0.00667691
-0.00743629
-0.0057282
-0.0042232
-0.00144309
0.0021257
0.0059787
0.00959601
0.0124696
0.0141601
0.014367
0.0129903
0.0101984
0.00641724
0.00226849
-0.00155612
-0.00443063
-0.00585445
-0.00399922
-0.00346903
-0.00173928
0.000872525
0.00400892
0.00725523
0.0101526
0.0122434
0.0131621
0.012707
0.0109137
0.0080652
0.00464706
0.00123614
-0.00161577
-0.00342389
-0.00170698
-0.00226523
-0.00184854
-0.000612292
0.00129842
0.00365418
0.00611855
0.00829433
0.00979818
0.0103455
0.00982789
0.00834342
0.00617325
0.00369645
0.00130932
-0.000537586
0.000778789
-0.000787811
-0.00173707
-0.00207889
-0.00171128
-0.000630579
0.00101159
0.00293747
0.00480117
0.00626956
0.00710196
0.00719743
0.00659825
0.00543439
0.00389295
0.00235702
0.00309107
0.000784281
-0.00137267
-0.00325104
-0.0045085
-0.00489397
-0.00434396
-0.00297184
-0.0010365
0.00112386
0.00316903
0.00481632
0.00587094
0.0062025
0.00576694
0.00483547
0.00491269
0.00226664
-0.000759172
-0.00390168
-0.00661935
-0.00844484
-0.00909452
-0.00850034
-0.00679552
-0.00427888
-0.00134248
0.00159437
0.00413667
0.00592374
0.00669569
0.00655493
0.006007
0.00346651
3.36315e-05
-0.00391555
-0.00771398
-0.0107363
-0.0125144
-0.0127998
-0.0115883
-0.00909968
-0.00572301
-0.00194869
0.00169448
0.00467953
0.00657918
0.00728324
0.00622865
0.00419089
0.000865337
-0.00331739
-0.00765767
-0.0114528
-0.0141103
-0.0152384
-0.0146988
-0.012608
-0.00929951
-0.00526062
-0.0010675
0.00267384
0.00543554
0.00691703
0.00553277
0.00428079
0.00155666
-0.00225379
-0.00651558
-0.010539
-0.013687
-0.0154828
-0.0156822
-0.0142892
-0.0115403
-0.00784748
-0.00373958
0.000194285
0.00340269
0.00549865
0.00398522
0.00366375
0.00194823
-0.000937036
-0.00450744
-0.00817577
-0.0113444
-0.0135252
-0.014414
-0.0139104
-0.0121278
-0.00934079
-0.00594463
-0.00241581
0.000765723
0.00318793
0.00177588
0.00239478
0.00195299
0.000414863
-0.00194904
-0.00473807
-0.0074506
-0.00967775
-0.0111001
-0.011547
-0.0109956
-0.00954311
-0.00738435
-0.00480537
-0.00214054
0.000324769
-0.000793115
0.000668489
0.00158067
0.00161088
0.000786711
-0.00069922
-0.00255896
-0.00448657
-0.00621076
-0.00752581
-0.00828777
-0.0084034
-0.00783043
-0.00660923
-0.00486833
-0.0026736
-0.00320683
-0.00112852
0.000988959
0.00257858
0.00343921
0.00350781
0.00282746
0.00151769
-0.000248951
-0.00226291
-0.0042687
-0.0059696
-0.00709464
-0.00741384
-0.00683229
-0.00520255
-0.00762309
-0.00517934
-0.00214553
0.000720172
0.00301078
0.00445312
0.00487711
0.00423142
0.00258236
0.000121958
-0.002823
-0.00581867
-0.0083752
-0.0100672
-0.0105989
-0.00960571
-0.00846651
-0.0059428
-0.00241496
0.00132083
0.00472725
0.00736713
0.00889804
0.00910321
0.00791675
0.00545042
0.00202047
-0.00186689
-0.00558384
-0.00851305
-0.0101619
-0.0100351
-0.00777066
-0.00559103
-0.00216143
0.00181945
0.00577877
0.00918868
0.0115825
0.012606
0.0120664
0.00997512
0.00659659
0.00243879
-0.00182722
-0.00549594
-0.00796494
-0.00869258
-0.00587422
-0.00438018
-0.00157369
0.00202273
0.00589614
0.00952296
0.0123948
0.0140764
0.0142832
0.0128883
0.0100806
0.00628519
0.00211889
-0.00172567
-0.004624
-0.0060475
-0.00310131
-0.00255305
-0.000801355
0.00183845
0.00500114
0.00826543
0.0111688
0.0132609
0.0141795
0.0137222
0.0119264
0.00906819
0.00563334
0.00219774
-0.000683845
-0.0025311
0.000112134
-0.000404685
2.13595e-05
0.00127924
0.00321645
0.00559403
0.00807344
0.0102606
0.011775
0.0123334
0.0118249
0.0103413
0.0081587
0.00565746
0.00323955
0.00131189
0.0032497
0.00174083
0.000781953
0.000449884
0.000839101
0.00194317
0.00360814
0.00555707
0.00744547
0.00893978
0.00979546
0.00990328
0.00929844
0.00811283
0.00654065
0.00488455
0.00584896
0.00359523
0.00140562
-0.000478035
-0.00171776
-0.00207862
-0.0014963
-8.688e-05
0.00188897
0.00409032
0.0061715
0.00784085
0.00889527
0.00920689
0.00873998
0.00765822
0.0075323
0.00491743
0.00184191
-0.00131615
-0.00401981
-0.00581328
-0.00641802
-0.00576942
-0.00400833
-0.00143849
0.0015421
0.00450306
0.00704471
0.00880866
0.00954395
0.00923811
0.00807618
0.00553515
0.00204626
-0.00192029
-0.00570092
-0.00867983
-0.0103966
-0.0106122
-0.0093326
-0.00678574
-0.00336773
0.000425477
0.00405972
0.00701149
0.00885793
0.00940709
0.00741602
0.00534861
0.00197322
-0.0022197
-0.00653283
-0.0102714
-0.0128535
-0.0139008
-0.0132884
-0.0111433
-0.00780592
-0.00376242
0.000406697
0.00410133
0.00679765
0.00814753
0.00564606
0.00434853
0.00159055
-0.00221751
-0.00644184
-0.0103992
-0.0134651
-0.0151787
-0.0153104
-0.0138764
-0.0111162
-0.00743961
-0.00337217
0.000504836
0.00364966
0.00563361
0.00301014
0.00263862
0.000909682
-0.00196112
-0.00548882
-0.00908908
-0.0121805
-0.0142895
-0.0151245
-0.0146003
-0.0128272
-0.0100751
-0.00673062
-0.00326209
-0.000144677
0.00222205
-0.000136411
0.000441535
4.84738e-06
-0.00151097
-0.00383439
-0.00655349
-0.00920692
-0.0113813
-0.0127752
-0.0132249
-0.0127035
-0.0113008
-0.00919785
-0.00667256
-0.00405692
-0.00160342
-0.00335138
-0.0019188
-0.000984043
-0.000921763
-0.00170612
-0.00314262
-0.00495736
-0.00685561
-0.00857796
-0.0099247
-0.0107352
-0.0109122
-0.0103951
-0.00921706
-0.00750359
-0.00528357
-0.00592409
-0.00389041
-0.00176655
-0.000175593
0.000675161
0.000735462
5.04949e-05
-0.00126003
-0.00302621
-0.00503951
-0.007058
-0.00877882
-0.00991212
-0.0102415
-0.00967045
-0.00799633
-0.00979085
-0.00738812
-0.00432628
-0.00142454
0.000902045
0.00238042
0.00283182
0.00219996
0.000548022
-0.00193446
-0.00492022
-0.00796596
-0.0105744
-0.012312
-0.012883
-0.0118685
-0.0104991
-0.00798546
-0.00441003
-0.000622749
0.00282963
0.00550353
0.00704863
0.00723867
0.00600898
0.00347759
-2.58597e-05
-0.00397967
-0.00774367
-0.0106967
-0.0123524
-0.0121799
-0.00927886
-0.00709846
-0.00361743
0.000417326
0.00442105
0.00786
0.0102601
0.0112661
0.0106876
0.00854265
0.00510729
0.000895331
-0.0034131
-0.00710941
-0.00959424
-0.0102918
-0.00663202
-0.00512755
-0.00227067
0.00137972
0.00529893
0.00895472
0.0118357
0.013507
0.0136756
0.0122493
0.00940277
0.00556424
0.00135861
-0.00251941
-0.00544452
-0.00686063
-0.00298143
-0.00241419
-0.000619729
0.00206973
0.00527591
0.00856876
0.0114827
0.0135705
0.0144734
0.0139967
0.0121761
0.00929066
0.00582173
0.00235013
-0.000565901
-0.00243074
0.00110722
0.000619295
0.00107566
0.0023722
0.00434558
0.00674854
0.00924015
0.0114306
0.0129445
0.0135015
0.0129888
0.0114933
0.00928681
0.00675239
0.00429441
0.00232198
0.00500137
0.00352089
0.00256931
0.00225847
0.00267284
0.00379557
0.00547344
0.00743354
0.00933563
0.0108472
0.01172
0.0118323
0.011216
0.0100029
0.0083941
0.00666599
0.00810103
0.00586988
0.00366541
0.00178443
0.000555357
0.000208545
0.000806754
0.00223731
0.00424164
0.00647727
0.00859224
0.0102826
0.0113374
0.0116285
0.0111264
0.00994747
0.00995846
0.00734556
0.00423257
0.00106027
-0.00164071
-0.0034204
-0.00400166
-0.00331835
-0.0015136
0.00110516
0.00413587
0.00712176
0.00966904
0.0114148
0.01211
0.0116899
0.0103116
0.00774243
0.0042015
0.000212241
-0.00356706
-0.00652493
-0.0082039
-0.00836896
-0.00703246
-0.00442965
-0.000972827
0.00285678
0.00649436
0.00942285
0.0112215
0.0116502
0.00912047
0.00699421
0.00356511
-0.000648323
-0.00495292
-0.00865709
-0.0111846
-0.0121665
-0.0114884
-0.00928711
-0.00591224
-0.00185399
0.00230404
0.00596319
0.00859936
0.00983763
0.00656464
0.00518623
0.00238584
-0.00143141
-0.00563455
-0.00954249
-0.0125402
-0.0141806
-0.0142478
-0.0127699
-0.00999047
-0.00632126
-0.00228397
0.00154422
0.00462031
0.00651928
0.00301573
0.00255746
0.000806198
-0.00205787
-0.00555135
-0.00909167
-0.01211
-0.0141492
-0.0149325
-0.0143854
-0.0126196
-0.00989921
-0.00660233
-0.00319156
-0.00014265
0.00217943
-0.00102718
-0.000525527
-0.000961977
-0.0024548
-0.00473484
-0.00739081
-0.00997841
-0.0120992
-0.0134655
-0.0139219
-0.0134379
-0.0120886
-0.0100438
-0.0075752
-0.00501372
-0.00256277
-0.00498722
-0.00360888
-0.00265117
-0.0025524
-0.00328917
-0.00467055
-0.00643641
-0.00830856
-0.0100379
-0.0114235
-0.0123034
-0.0125525
-0.0120953
-0.0109595
-0.00927505
-0.00701664
-0.00795716
-0.00596481
-0.00380878
-0.00218282
-0.00130134
-0.00121306
-0.00187648
-0.00318326
-0.00496004
-0.00700823
-0.00907233
-0.0108496
-0.0120334
-0.0124019
-0.0118588
-0.0101413
-0.0113797
-0.00898159
-0.00585812
-0.00287779
-0.000467081
0.00108845
0.00159918
0.000994124
-0.000673235
-0.00321279
-0.00628737
-0.00943575
-0.0121406
-0.0139542
-0.0145766
-0.0135497
-0.0122892
-0.0097415
-0.00609743
-0.00223445
0.00128839
0.00401353
0.0055749
0.00574114
0.00444645
0.00181956
-0.00178777
-0.00583212
-0.00965715
-0.0126366
-0.0142916
-0.0140754
-0.0109719
-0.00873813
-0.00518176
-0.00106742
0.00300598
0.00648954
0.00890148
0.00988128
0.0092404
0.00701175
0.00348487
-0.000809699
-0.00517883
-0.00890731
-0.0113965
-0.0120673
-0.00796502
-0.00640281
-0.00347239
0.000253904
0.004236
0.00793114
0.0108209
0.0124698
0.0125886
0.0110986
0.00818135
0.00427586
1.52723e-05
-0.00389928
-0.00683803
-0.00824142
-0.00374113
-0.00312004
-0.00126047
0.0014939
0.0047521
0.00807563
0.0109946
0.0130653
0.0139352
0.0134171
0.0115511
0.00861988
0.00510778
0.00160052
-0.00133818
-0.00320102
0.00105783
0.000613542
0.00111888
0.00246381
0.00447215
0.00689734
0.00939027
0.0115692
0.0130663
0.0136056
0.0130743
0.0115569
0.00932339
0.00676518
0.00426459
0.00228822
0.00568793
0.00423912
0.00331638
0.00303457
0.00347293
0.0046002
0.00627462
0.00822856
0.0101285
0.0116444
0.0125228
0.0126378
0.012011
0.0107762
0.00913984
0.00738446
0.009443
0.007225
0.00502273
0.00314839
0.00192418
0.00157493
0.00216876
0.00360034
0.00561683
0.00787616
0.0100218
0.0117319
0.0127916
0.0130696
0.0125414
0.0113145
0.011764
0.0091395
0.00600334
0.00281825
0.000108687
-0.00167722
-0.00225803
-0.00156231
0.000269994
0.00292781
0.00599612
0.00902333
0.0115861
0.0133234
0.0139884
0.0135035
0.0123148
0.0097013
0.00611763
0.00210256
-0.0016914
-0.00465048
-0.00631683
-0.00645365
-0.00507279
-0.00241823
0.00109344
0.00495644
0.00860781
0.0115253
0.0132851
0.0136343
0.0110222
0.00881488
0.00533598
0.00109403
-0.00322088
-0.00691527
-0.00941319
-0.0103491
-0.00961462
-0.00735472
-0.00393454
0.000151216
0.0043128
0.00794955
0.0105344
0.0116961
0.00808286
0.0065974
0.00375038
-8.80997e-05
-0.00428983
-0.00817109
-0.0111211
-0.0127018
-0.0127091
-0.0111843
-0.00837217
-0.00469474
-0.000672275
0.00311892
0.00613181
0.00797436
0.00393223
0.00335685
0.00157448
-0.00129413
-0.00476924
-0.00826583
-0.0112239
-0.0131997
-0.0139311
-0.0133549
-0.0115857
-0.00888488
-0.00562381
-0.00226206
0.000720167
0.00301716
-0.000834121
-0.000438452
-0.000881278
-0.00235827
-0.00460311
-0.00720439
-0.00973042
-0.0117994
-0.0131378
-0.0135974
-0.0131442
-0.0118426
-0.00984926
-0.00743107
-0.00492579
-0.00246366
-0.00552584
-0.00422083
-0.00324313
-0.00310945
-0.00379999
-0.00512719
-0.006846
-0.00869426
-0.0104359
-0.0118667
-0.0128145
-0.0131335
-0.0127313
-0.0116321
-0.00997507
-0.0076687
-0.0091023
-0.00713962
-0.00493121
-0.00324211
-0.00229508
-0.00214422
-0.00276049
-0.00404308
-0.00583823
-0.00794268
-0.0100911
-0.0119637
-0.0132328
-0.0136641
-0.0131609
-0.0114032
-0.0122397
-0.00980209
-0.00659552
-0.0035106
-0.000981382
0.000692192
0.00129856
0.000741217
-0.000944507
-0.00356965
-0.00677939
-0.0100808
-0.0129232
-0.0148342
-0.015506
-0.0144699
-0.0136381
-0.0110082
-0.00727708
-0.00331842
0.000294083
0.00308446
0.00467184
0.00481328
0.00344543
0.000713034
-0.00301187
-0.00716181
-0.0110623
-0.0140775
-0.0157279
-0.0154891
-0.0126539
-0.0103109
-0.00665211
-0.0024331
0.00172467
0.00525391
0.00766447
0.00859831
0.0078784
0.0055542
0.00193101
-0.00244813
-0.00688114
-0.0106455
-0.0131357
-0.0137966
-0.00971888
-0.00804163
-0.00499863
-0.00116451
0.00289243
0.00661107
0.00947197
0.0110544
0.0110906
0.00952092
0.00653602
0.00257553
-0.00172994
-0.0056772
-0.00862405
-0.0100216
-0.00529299
-0.0045617
-0.00258382
0.000275407
0.00359343
0.00691552
0.0097792
0.0117662
0.0125534
0.0119737
0.0100696
0.00711345
0.00357729
4.00348e-05
-0.00290998
-0.00476272
-4.38057e-05
-0.000386432
0.000235287
0.00167333
0.00372268
0.00611696
0.00853275
0.0106192
0.0120414
0.0125397
0.0119974
0.0104796
0.00823581
0.00564711
0.00314868
0.00118142
0.00522092
0.00386521
0.00304236
0.00282739
0.00327062
0.00434808
0.00593371
0.00779872
0.00964102
0.0111407
0.0120306
0.0121633
0.0115382
0.0102859
0.00863767
0.00690393
0.00970187
0.00755951
0.00542448
0.00357858
0.00232859
0.00190881
0.00241526
0.00377666
0.0057621
0.00802973
0.0102077
0.011947
0.0130156
0.0132854
0.0127491
0.0115427
0.0127256
0.0101436
0.00702929
0.00382847
0.00106517
-0.000796038
-0.00144458
-0.000785576
0.00104995
0.00374135
0.00685217
0.00991315
0.0124877
0.0142222
0.0148868
0.0144141
0.0138428
0.0112202
0.00760846
0.0035415
-0.000318357
-0.00333944
-0.00503533
-0.00516735
-0.00374916
-0.0010427
0.00251647
0.00640482
0.0100648
0.0129816
0.0147411
0.0150942
0.0128854
0.0106117
0.00706345
0.00274952
-0.00162582
-0.00534733
-0.00782896
-0.00871416
-0.00791554
-0.00560189
-0.00214638
0.00195115
0.00611126
0.00974377
0.0123202
0.0134826
0.00999485
0.0083873
0.00546027
0.00155517
-0.00268024
-0.00654412
-0.00943087
-0.0109266
-0.0108583
-0.00928824
-0.00647031
-0.00280807
0.00119453
0.00497006
0.00796159
0.0098096
0.00560469
0.00488226
0.00303291
0.00012415
-0.00334552
-0.00678089
-0.00964016
-0.0115151
-0.0121789
-0.0115867
-0.0098463
-0.00719474
-0.00397833
-0.000648272
0.00230032
0.0046159
0.000359116
0.000620253
0.000142678
-0.00133695
-0.00353817
-0.00604793
-0.0084613
-0.0104365
-0.0117338
-0.0122154
-0.0118312
-0.0106126
-0.00868658
-0.0063119
-0.00384236
-0.00134398
-0.0049654
-0.0037484
-0.00276656
-0.00260034
-0.00322222
-0.0044505
-0.0060696
-0.00785504
-0.00959619
-0.0110916
-0.0121434
-0.0125684
-0.0122433
-0.0111849
-0.00954825
-0.00718783
-0.0092829
-0.00733373
-0.00506814
-0.00329805
-0.00224532
-0.0019739
-0.002481
-0.00369881
-0.0055006
-0.00768708
-0.00997192
-0.011997
-0.0133964
-0.0139141
-0.0134541
-0.0116609
)
;

boundaryField
{
    patch0_half0
    {
        type            cyclic;
    }
    patch0_half1
    {
        type            cyclic;
    }
    patch1_half0
    {
        type            cyclic;
    }
    patch1_half1
    {
        type            cyclic;
    }
    patch2_half0
    {
        type            cyclic;
    }
    patch2_half1
    {
        type            cyclic;
    }
}


// ************************************************************************* //
