/*--------------------------------*- C++ -*----------------------------------*\
| =========                 |                                                 |
| \\      /  F ield         | OpenFOAM: The Open Source CFD Toolbox           |
|  \\    /   O peration     | Version:  3.0.0                                 |
|   \\  /    A nd           | Web:      www.OpenFOAM.org                      |
|    \\/     M anipulation  |                                                 |
\*---------------------------------------------------------------------------*/
FoamFile
{
    version     2.0;
    format      ascii;
    class       volScalarField;
    location    "7";
    object      p;
}
// * * * * * * * * * * * * * * * * * * * * * * * * * * * * * * * * * * * * * //

dimensions      [0 2 -2 0 0 0 0];

internalField   nonuniform List<scalar> 
4096
(
-0.0295288
-0.0321456
-0.0258144
-0.0181271
-0.0136095
-0.0163652
-0.0265807
-0.0390046
-0.046661
-0.046854
-0.0422747
-0.0372625
-0.0336344
-0.0315074
-0.0311878
-0.0260033
-0.0394168
-0.0471249
-0.0449267
-0.0384102
-0.0315331
-0.0290215
-0.0329122
-0.0403415
-0.0462752
-0.0477596
-0.0452471
-0.0401254
-0.0335663
-0.0286397
-0.0277123
-0.027141
-0.0192148
-0.0273132
-0.0268439
-0.0223774
-0.017344
-0.0160364
-0.0206307
-0.0289028
-0.036259
-0.0390962
-0.0367452
-0.0303288
-0.021556
-0.0139478
-0.0110679
-0.00960392
0.00267348
-0.00615139
-0.0073534
-0.00487611
-0.00154373
-0.00101972
-0.00533571
-0.0131151
-0.020638
-0.0242537
-0.0221931
-0.0147776
-0.00394738
0.00567629
0.00966509
0.0110344
0.0223331
0.0128057
0.0102192
0.0109889
0.0129938
0.0133331
0.0101621
0.0040694
-0.00240938
-0.00617772
-0.00473137
0.00289377
0.0149349
0.0256685
0.02982
0.0303823
0.0371065
0.0274515
0.0244127
0.0241432
0.0254305
0.0260595
0.024439
0.0205237
0.0156903
0.0122006
0.0127845
0.0195407
0.0315965
0.0422129
0.0456314
0.0450989
0.0447577
0.0358155
0.0333749
0.0336463
0.0353205
0.0368295
0.0368699
0.0350007
0.0317275
0.0284513
0.0277793
0.032562
0.0435083
0.0527077
0.0544921
0.052778
0.0452027
0.0379199
0.0376725
0.0399186
0.0431378
0.0460297
0.0474534
0.0468558
0.0443431
0.0407612
0.0384917
0.0410084
0.0495657
0.0562769
0.0557924
0.0530384
0.0402922
0.0351346
0.0380627
0.0432622
0.0487053
0.053005
0.055052
0.0545971
0.0517406
0.0472136
0.0433014
0.0438932
0.0495731
0.0534263
0.0505886
0.0473602
0.0323959
0.0287888
0.0346564
0.0426105
0.0499838
0.0550473
0.0568647
0.0554633
0.0514328
0.0457668
0.0408177
0.040289
0.0439954
0.0454977
0.0407655
0.0378319
0.0225084
0.0190543
0.0265775
0.036074
0.0443393
0.0492985
0.0500517
0.0471276
0.041798
0.0356297
0.0310567
0.0309215
0.0339548
0.0339809
0.0279753
0.0257952
0.00990514
0.00560393
0.0133273
0.0229985
0.0310884
0.0352262
0.0345047
0.0300425
0.0240513
0.0186718
0.0161308
0.0177197
0.0209092
0.019962
0.0132149
0.011589
-0.00576393
-0.0108977
-0.00398071
0.00500733
0.0124218
0.0155928
0.0135877
0.00814256
0.00246401
-0.000817753
-0.000372839
0.0031614
0.00634538
0.00456937
-0.00247238
-0.00401708
-0.0235313
-0.0293317
-0.0237371
-0.0155992
-0.00859497
-0.00579534
-0.00824169
-0.013743
-0.0181846
-0.0189545
-0.0160054
-0.0114478
-0.00871937
-0.0109053
-0.0176525
-0.0195893
-0.0394818
-0.0454534
-0.0408377
-0.0334176
-0.0266539
-0.0238788
-0.0262568
-0.0313061
-0.0347254
-0.0341019
-0.0303433
-0.0260098
-0.0235658
-0.0251563
-0.0306984
-0.0327315
-0.0294024
-0.0302012
-0.023926
-0.0175142
-0.0142821
-0.0171037
-0.0260153
-0.036787
-0.0434576
-0.0432697
-0.0385054
-0.0342806
-0.0327602
-0.0335183
-0.0347226
-0.0301292
-0.00427049
-0.0133961
-0.0109334
-0.00790479
-0.00643237
-0.00906518
-0.0165275
-0.0261555
-0.0323446
-0.0328918
-0.0291143
-0.0240415
-0.0192026
-0.0153493
-0.0132721
-0.0019284
-0.0161377
-0.0275051
-0.0276638
-0.0254937
-0.0226812
-0.0218814
-0.0246539
-0.0295304
-0.0329726
-0.0331239
-0.0303296
-0.0254
-0.0188508
-0.0134702
-0.0115901
-0.00514615
-0.00066627
-0.0118281
-0.0142445
-0.0147575
-0.0144367
-0.0152981
-0.018626
-0.0235816
-0.026921
-0.0270557
-0.0239668
-0.01813
-0.0101141
-0.00249868
0.00147428
0.00803134
0.0146876
0.00374271
-0.000313695
-0.00277078
-0.00423758
-0.00617277
-0.0096491
-0.0139563
-0.0169284
-0.0168281
-0.0133033
-0.00651886
0.00288916
0.0117737
0.0166055
0.0222361
0.0264996
0.0160609
0.0112453
0.00795689
0.00580085
0.00374091
0.000886232
-0.00240807
-0.00464899
-0.00438705
-0.000746923
0.00651378
0.0165735
0.0257154
0.0300826
0.0337276
0.0331669
0.0238279
0.0193552
0.0167163
0.0151285
0.013876
0.0121814
0.0100494
0.00835813
0.00843897
0.0115749
0.0185546
0.0282296
0.0364706
0.039249
0.0404018
0.0336398
0.0261021
0.0235659
0.0227905
0.0230199
0.0234667
0.0232809
0.0222145
0.0207584
0.0200799
0.0218453
0.0275252
0.0359691
0.0422551
0.0425164
0.0411631
0.0287786
0.0235962
0.0240296
0.0263741
0.0293302
0.0318689
0.0331095
0.0326942
0.0309249
0.0289288
0.0287442
0.0325058
0.0390599
0.0427828
0.0402766
0.0364857
0.0212365
0.0184681
0.0223205
0.0281149
0.0338326
0.0381295
0.0401065
0.0394945
0.0367243
0.033085
0.0308611
0.0328349
0.0375523
0.0389081
0.0339004
0.0287783
0.0140538
0.0128692
0.019607
0.0281556
0.035792
0.0407915
0.0423597
0.0405351
0.0361511
0.0308497
0.0273027
0.0284574
0.0322436
0.032084
0.0255919
0.0204912
0.00864837
0.00741278
0.0156993
0.0256378
0.0339144
0.0384801
0.0386159
0.0347849
0.0285824
0.0222631
0.0187853
0.0205972
0.0245738
0.0239318
0.0168675
0.0129446
0.00379734
0.00103706
0.00941604
0.0193738
0.0272523
0.0306984
0.0289024
0.0230853
0.0156201
0.0095019
0.00779972
0.0113766
0.0159548
0.0151817
0.00799388
0.00582045
-0.00261734
-0.00738877
8.2722e-05
0.00919017
0.0162252
0.018581
0.0153294
0.00817342
0.000576618
-0.00382662
-0.00287571
0.00237647
0.00704769
0.00589168
-0.000927651
-0.00152228
-0.0118023
-0.0183341
-0.0121685
-0.0041699
0.0022084
0.00409705
0.000388541
-0.00680094
-0.0133009
-0.0154006
-0.0122416
-0.00633621
-0.00223318
-0.00364086
-0.00983994
-0.00938211
-0.0212696
-0.0289258
-0.0240604
-0.0170958
-0.0112286
-0.00940371
-0.0128617
-0.0193087
-0.0243102
-0.0247466
-0.0208837
-0.0155282
-0.0119926
-0.0129143
-0.01785
-0.0163988
-0.00816346
-0.0142072
-0.0106111
-0.00668853
-0.0048032
-0.00724096
-0.0145835
-0.0238917
-0.0301017
-0.0304532
-0.0263519
-0.0217681
-0.018822
-0.0180095
-0.0178073
-0.0096915
0.016539
0.00275243
0.00460912
0.00742436
0.00936685
0.00779203
0.00129003
-0.00786676
-0.0148595
-0.0164325
-0.0129778
-0.00702697
-0.000698337
0.00406756
0.00651776
0.0199702
0.00832659
-0.00490552
-0.00462295
-0.00295064
-0.00113795
-0.00142514
-0.00539067
-0.0115864
-0.0164551
-0.0173544
-0.0141584
-0.00795978
-0.000569614
0.00534004
0.00771143
0.0177842
0.0182864
0.00553853
0.0027858
0.00117847
0.000227221
-0.00160192
-0.00562026
-0.0109067
-0.014896
-0.0153152
-0.0118671
-0.00504786
0.00402307
0.0123063
0.0169905
0.0263565
0.0259178
0.0139124
0.00902589
0.00511442
0.00224245
-0.000555673
-0.0043056
-0.00855407
-0.0114632
-0.0113245
-0.00753123
-0.000102978
0.0101422
0.0198314
0.025537
0.0332006
0.0288836
0.0180456
0.012241
0.00739706
0.00379829
0.000900234
-0.00210785
-0.00513354
-0.0069652
-0.00635098
-0.00245517
0.00509474
0.0156637
0.0254857
0.0307843
0.0358204
0.0268818
0.017814
0.0125311
0.00832171
0.00533818
0.00322066
0.00127941
-0.000641889
-0.00189478
-0.00132051
0.00233484
0.00938715
0.0192275
0.0279305
0.0315771
0.0335904
0.0201748
0.0135409
0.0103444
0.00832101
0.00724641
0.00669713
0.00601464
0.00487391
0.0036445
0.00343439
0.00571438
0.0115975
0.0201041
0.0266841
0.0277573
0.0267149
0.0104555
0.00674952
0.00685055
0.00820388
0.00991089
0.0113077
0.0117288
0.010811
0.00887116
0.00714544
0.00754221
0.0117184
0.0183367
0.0222515
0.0204757
0.0169032
0.00061378
-0.000170633
0.00368987
0.00876645
0.013341
0.0164063
0.017311
0.0158099
0.0123922
0.00854958
0.00685177
0.00941861
0.0144461
0.0160547
0.0118785
0.00686131
-0.00608246
-0.00495929
0.0020404
0.0101943
0.0169272
0.020839
0.0212963
0.0183305
0.0128382
0.0068388
0.00342375
0.00520426
0.00961946
0.0100718
0.0044977
-0.000686647
-0.0080566
-0.00699209
0.00167633
0.0115743
0.0194001
0.0232716
0.0225008
0.0175003
0.00983307
0.00219304
-0.00152355
0.000787184
0.00559971
0.00588894
-0.000178314
-0.00436705
-0.00661768
-0.00765397
0.00110684
0.0113504
0.0193819
0.0226924
0.0204572
0.0135543
0.00446109
-0.00322251
-0.00568268
-0.00187016
0.00359458
0.00412408
-0.00269725
-0.00486347
-0.00467434
-0.00886214
-0.000965028
0.0087363
0.0163529
0.0190847
0.0157438
0.00770329
-0.00150747
-0.00765221
-0.00770808
-0.00240657
0.00300044
0.00278008
-0.00335196
-0.00377137
-0.00473775
-0.0117305
-0.00492845
0.0038861
0.0110192
0.0133915
0.0095717
0.00138526
-0.00680508
-0.0106459
-0.00846426
-0.00251635
0.00222072
0.00145109
-0.00431005
-0.00286719
-0.00592158
-0.0146301
-0.00876705
-0.000926091
0.00557451
0.0076032
0.00361806
-0.00421587
-0.0110845
-0.0130788
-0.00978121
-0.00407514
2.75769e-05
-0.00059824
-0.00550382
-0.00206563
0.00834948
-0.0016431
0.00149268
0.00584236
0.00900214
0.00823057
0.00217089
-0.00677507
-0.0135677
-0.0148404
-0.0111625
-0.00585139
-0.00156579
0.000189923
-0.000190312
0.00875295
0.0306721
0.0149381
0.0156264
0.0185145
0.021749
0.021974
0.0173098
0.00949149
0.00300524
0.00137345
0.00482178
0.0112258
0.0180791
0.0228064
0.0242315
0.0354638
0.0285709
0.0148249
0.0139488
0.0142717
0.0149853
0.0141284
0.0098876
0.00357982
-0.00134544
-0.00206049
0.00185973
0.00895272
0.0170641
0.0232688
0.0259095
0.0360182
0.0333303
0.0205954
0.0167581
0.0138155
0.0114837
0.00858119
0.0038282
-0.00182418
-0.00576273
-0.00573942
-0.0012613
0.00685691
0.0169395
0.0257922
0.0309631
0.0402851
0.0332792
0.0218621
0.0160844
0.0108604
0.00653094
0.00236716
-0.00246274
-0.00731949
-0.010339
-0.00977159
-0.00495543
0.00383583
0.0151973
0.025665
0.0321032
0.0397367
0.0274966
0.0177618
0.0114064
0.00541205
0.000337222
-0.00412492
-0.00850652
-0.0124652
-0.0147989
-0.014044
-0.00930444
-0.000420963
0.0112591
0.0219802
0.0282493
0.0334906
0.017022
0.0094013
0.00388791
-0.00130064
-0.0057311
-0.00950981
-0.0130019
-0.0161288
-0.0180608
-0.0176273
-0.0137963
-0.00565824
0.00539944
0.0151685
0.0199293
0.0224716
0.00338061
-0.00166133
-0.00492849
-0.00782243
-0.0103193
-0.0125548
-0.0148696
-0.0173565
-0.0194839
-0.0200339
-0.0174589
-0.0108853
-0.00163647
0.00586669
0.00845233
0.00822545
-0.0111407
-0.0132237
-0.0131361
-0.012623
-0.0122974
-0.0125028
-0.0136408
-0.0159336
-0.0189369
-0.0212384
-0.0207577
-0.0161225
-0.00891215
-0.00399155
-0.00417593
-0.00664879
-0.0236476
-0.0226689
-0.0187546
-0.0144045
-0.0110171
-0.00927316
-0.00966648
-0.012449
-0.0170619
-0.0217081
-0.0236501
-0.0208673
-0.0153624
-0.0126754
-0.0152073
-0.0190174
-0.0303704
-0.0274866
-0.0203073
-0.0125286
-0.00651315
-0.00337781
-0.00376063
-0.00780392
-0.0145691
-0.0215384
-0.02566
-0.024027
-0.0193513
-0.0179315
-0.0219328
-0.0263937
-0.0298324
-0.0268415
-0.0177769
-0.00770785
0.00015315
0.00402247
0.00301887
-0.00274751
-0.0116934
-0.0206012
-0.025345
-0.0236367
-0.0189153
-0.0179381
-0.0226189
-0.0267482
-0.022956
-0.0222174
-0.0128839
-0.00185396
0.00704005
0.011228
0.00944417
0.00216705
-0.00809168
-0.0172316
-0.0210445
-0.0182796
-0.0132986
-0.0126681
-0.0179453
-0.0210528
-0.0130679
-0.0160748
-0.00767338
0.0031988
0.0124102
0.0167433
0.0144547
0.00643637
-0.00376415
-0.0114377
-0.0130864
-0.00905524
-0.00427656
-0.00446365
-0.0102031
-0.0117634
-0.00367007
-0.0103509
-0.00326209
0.00666625
0.015587
0.0198855
0.0174169
0.0094799
0.000445399
-0.00489993
-0.00427831
0.000500764
0.00461703
0.00366448
-0.0022348
-0.00173254
0.00441651
-0.00470672
0.00112273
0.00964625
0.0175447
0.0212206
0.0184598
0.0108302
0.0032136
-3.1758e-05
0.00217017
0.00717957
0.0108326
0.00988258
0.00471402
0.00769137
0.0199247
0.00807906
0.0109967
0.016497
0.0219066
0.0235466
0.0192126
0.01102
0.00405159
0.00217933
0.00547015
0.0110286
0.015729
0.0173285
0.0156957
0.022661
0.0410916
0.0270036
0.0260582
0.0289493
0.033335
0.0353976
0.032488
0.026083
0.0204407
0.0190243
0.022438
0.0287865
0.0353892
0.0395246
0.0398607
0.0455834
0.0433399
0.0309601
0.0276611
0.0263123
0.0262848
0.0254638
0.0218807
0.0164498
0.0122823
0.0121313
0.0165399
0.0240553
0.0323634
0.0387218
0.0416153
0.0484605
0.0435821
0.0325551
0.0270676
0.0227112
0.019429
0.0158236
0.0107109
0.00513897
0.00171351
0.00257446
0.00811722
0.0172106
0.0277847
0.036819
0.0421735
0.0489226
0.0365733
0.0271535
0.0206061
0.0144237
0.00898304
0.00357037
-0.00234873
-0.0077504
-0.0105889
-0.00919558
-0.00314527
0.00679941
0.0187165
0.0292948
0.0358956
0.0418384
0.0229842
0.0154935
0.00912779
0.0025574
-0.00367907
-0.00975636
-0.0157458
-0.0207603
-0.0232698
-0.0219076
-0.0160798
-0.00619693
0.00592524
0.0166997
0.0233134
0.0277763
0.00523657
-9.70036e-05
-0.00512981
-0.0106696
-0.0162858
-0.0218647
-0.0272476
-0.031764
-0.0342939
-0.0336005
-0.0288388
-0.019982
-0.00874562
0.000934487
0.00654262
0.00916234
-0.0140888
-0.0170446
-0.0197369
-0.0230058
-0.0267376
-0.0307723
-0.0349684
-0.0389611
-0.0419357
-0.042606
-0.0396422
-0.0325751
-0.0231349
-0.0153227
-0.0118082
-0.0111454
-0.0323322
-0.0327344
-0.0322657
-0.0322856
-0.033183
-0.0349647
-0.0377004
-0.0413708
-0.0453472
-0.0480785
-0.0475507
-0.042739
-0.0354513
-0.0300366
-0.0289157
-0.0300137
-0.0465987
-0.0444426
-0.0403872
-0.0366001
-0.0342072
-0.0335491
-0.035019
-0.0388813
-0.0444845
-0.0498116
-0.0519499
-0.0493291
-0.0439616
-0.0407758
-0.0419278
-0.0445735
-0.0536012
-0.0495919
-0.0423031
-0.0346921
-0.0291493
-0.026357
-0.0271296
-0.0318412
-0.0395309
-0.04763
-0.0518566
-0.0507947
-0.0467268
-0.0450737
-0.0478962
-0.05141
-0.0512786
-0.0469337
-0.0375048
-0.0271187
-0.0188248
-0.0143824
-0.0150164
-0.0209582
-0.030559
-0.0402426
-0.0457556
-0.0452441
-0.0417517
-0.0410667
-0.045034
-0.0490107
-0.0401546
-0.0377882
-0.027924
-0.015897
-0.00564263
2.85243e-05
-0.000654795
-0.00760535
-0.0182404
-0.0281463
-0.033141
-0.0321347
-0.0289333
-0.0290678
-0.0340998
-0.0382834
-0.0235941
-0.0249776
-0.0161686
-0.00395112
0.00742574
0.0139659
0.0133821
0.00612449
-0.00423846
-0.0127843
-0.0159632
-0.0139549
-0.0109819
-0.0122398
-0.0182843
-0.0220198
-0.00576172
-0.0112774
-0.00440264
0.00670531
0.0179604
0.0249078
0.0245674
0.0177035
0.00866096
0.00234914
0.00130684
0.00417716
0.00667104
0.00480535
-0.0016305
-0.00397524
0.0108434
0.00227787
0.0068659
0.0157671
0.0255101
0.031763
0.0314284
0.0249245
0.0175404
0.0134522
0.0142611
0.0178373
0.0203522
0.0187841
0.013253
0.0132497
0.0289857
0.0178722
0.0202284
0.0266831
0.0343052
0.0382377
0.0355224
0.0281058
0.0212509
0.0189683
0.0217624
0.0270598
0.0315129
0.0325344
0.0297066
0.032254
0.0508048
0.0395236
0.0369702
0.0396486
0.0448859
0.0479895
0.0459428
0.0402301
0.0350372
0.0337217
0.0370122
0.0431412
0.0493788
0.0530857
0.0528488
0.0533576
0.0539964
0.0434131
0.0377354
0.0351392
0.0349603
0.0346074
0.0317457
0.0270285
0.0233994
0.023583
0.0281728
0.0357813
0.04408
0.0505164
0.0535318
0.0567827
0.0501535
0.0408784
0.0343258
0.0294565
0.0260201
0.0222374
0.0169148
0.011336
0.00824309
0.00972012
0.0159638
0.0255519
0.0361104
0.0447943
0.0497302
0.0538212
0.0372338
0.0297412
0.023292
0.0172691
0.0117195
0.00571441
-0.00100048
-0.00687919
-0.00957345
-0.00748349
-0.000549685
0.00992966
0.0216097
0.0313512
0.0370342
0.0414472
0.0173511
0.0120449
0.00664587
0.0006792
-0.00567342
-0.0126296
-0.0197764
-0.0255712
-0.0281235
-0.026176
-0.0195471
-0.00931095
0.00227096
0.0119539
0.0176977
0.0211592
-0.00570094
-0.00876561
-0.0124369
-0.0172825
-0.023146
-0.0297931
-0.0364964
-0.0419427
-0.0446842
-0.0436029
-0.038253
-0.0292936
-0.0188129
-0.0101527
-0.00526739
-0.0029354
-0.0285977
-0.0295362
-0.0310205
-0.0338876
-0.0380978
-0.04324
-0.0486734
-0.0535595
-0.0568543
-0.0573422
-0.0540647
-0.0471146
-0.0384647
-0.0315295
-0.028204
-0.0271892
-0.0487106
-0.0475888
-0.0464253
-0.0465143
-0.048066
-0.0507805
-0.0544356
-0.0587969
-0.0630945
-0.0657691
-0.065088
-0.0605297
-0.0540232
-0.0492288
-0.0479154
-0.0484318
-0.0633429
-0.0602846
-0.0560923
-0.052741
-0.0509445
-0.0508008
-0.0526848
-0.056892
-0.0626806
-0.0679111
-0.0699498
-0.0677142
-0.063246
-0.0606096
-0.0614094
-0.0631612
-0.0695732
-0.0651696
-0.0579615
-0.0508987
-0.0455273
-0.0426135
-0.0431662
-0.0477654
-0.0553408
-0.0630107
-0.0673054
-0.0668776
-0.0640439
-0.0632564
-0.0659802
-0.0689169
-0.0653797
-0.0608185
-0.0514739
-0.0411596
-0.032454
-0.0271619
-0.0269111
-0.032222
-0.0413546
-0.0505987
-0.056125
-0.0566348
-0.0549044
-0.0555864
-0.059947
-0.0641166
-0.0510632
-0.0481457
-0.0383423
-0.0258903
-0.0145258
-0.0073066
-0.00651416
-0.0123693
-0.0222415
-0.03173
-0.037055
-0.0375401
-0.0364638
-0.0383329
-0.0441403
-0.0496638
-0.0297665
-0.0301777
-0.021632
-0.00862061
0.00440139
0.0130059
0.0142922
0.00842435
-0.00109507
-0.00948998
-0.0134806
-0.0133007
-0.0125522
-0.0153186
-0.0222352
-0.0284289
-0.00584316
-0.0103625
-0.00445269
0.00712536
0.0206158
0.0297352
0.0314991
0.0261688
0.0178758
0.0113202
0.00907909
0.0101093
0.0108232
0.00786149
0.000859182
-0.00492909
0.0166724
0.00890525
0.0114839
0.0201824
0.0315875
0.0402457
0.0420954
0.0375166
0.0308023
0.0261582
0.0256404
0.0277001
0.0290875
0.0271194
0.0215085
0.0175772
0.0374843
0.0280218
0.028884
0.0359444
0.0454022
0.0510552
0.0494158
0.0426267
0.0359537
0.033376
0.0356055
0.0403618
0.0443674
0.0450057
0.0415761
0.0393184
0.0606848
0.0498838
0.0467205
0.0492444
0.0545902
0.0575764
0.0551481
0.0490851
0.0436612
0.0421431
0.0452124
0.0511334
0.0572523
0.0610143
0.0606619
0.0607783
0.062167
0.0510203
0.0446394
0.0416854
0.041606
0.0414462
0.0386091
0.0338578
0.0302882
0.0306255
0.0353796
0.0430641
0.0512936
0.0575207
0.0599324
0.0631339
0.0545571
0.0446856
0.0386262
0.0345216
0.031715
0.0280457
0.0223767
0.0164736
0.0134184
0.0152627
0.0219456
0.0316514
0.0417455
0.0494181
0.0528642
0.056939
0.0370597
0.0294632
0.0244946
0.0200707
0.015563
0.00970939
0.00254328
-0.00372556
-0.00634303
-0.0037826
0.00363266
0.014037
0.0247297
0.0327204
0.0364421
0.0402936
0.012994
0.00828684
0.00494421
0.000982048
-0.00418253
-0.0109795
-0.0185599
-0.0246885
-0.0271035
-0.0246599
-0.0176644
-0.00778254
0.00239315
0.00986308
0.0133282
0.0161674
-0.0128478
-0.014778
-0.0163402
-0.0193122
-0.024172
-0.0307351
-0.0377986
-0.0434664
-0.0460237
-0.0444706
-0.0388486
-0.0303883
-0.0214775
-0.015067
-0.0122904
-0.0106322
-0.0367051
-0.0364952
-0.0363889
-0.0379993
-0.0416203
-0.0467483
-0.0523809
-0.0573132
-0.0603318
-0.0603326
-0.0567595
-0.0502403
-0.0430312
-0.0380592
-0.0363674
-0.0358409
-0.0561292
-0.0544321
-0.052579
-0.0522596
-0.0536612
-0.0563367
-0.0599341
-0.0640934
-0.067943
-0.0699632
-0.0687766
-0.064461
-0.0590854
-0.0558272
-0.0556491
-0.0562981
-0.0689985
-0.0662505
-0.0623068
-0.059333
-0.0576808
-0.0573407
-0.058835
-0.0624889
-0.0675229
-0.0717725
-0.0730052
-0.0707793
-0.0672169
-0.0658001
-0.0674439
-0.0693397
-0.0729914
-0.0696545
-0.0634667
-0.0572867
-0.0521271
-0.0487281
-0.048443
-0.0521049
-0.0585159
-0.064804
-0.0680648
-0.0675541
-0.0656337
-0.065996
-0.0695372
-0.0727452
-0.0664834
-0.0634156
-0.0554832
-0.0461818
-0.0375707
-0.0314865
-0.0299971
-0.0339251
-0.041514
-0.0491841
-0.0536722
-0.0542844
-0.0536529
-0.0555651
-0.0608362
-0.0654535
-0.0498954
-0.048423
-0.0400688
-0.0285117
-0.0170221
-0.00873311
-0.00644529
-0.0106428
-0.0188243
-0.0268896
-0.0315975
-0.0326302
-0.0328551
-0.0359201
-0.0425479
-0.0485916
-0.0261807
-0.0276015
-0.0204199
-0.00811951
0.00519178
0.0149821
0.0177965
0.0135488
0.00551035
-0.00198987
-0.00605211
-0.00691292
-0.00750695
-0.0110933
-0.0184048
-0.0253593
0.000191943
-0.00478891
-0.000314777
0.0107642
0.0243501
0.0347422
0.0378874
0.033872
0.0265929
0.0203228
0.0173978
0.0171399
0.0167654
0.0135309
0.00680774
2.23349e-05
0.0250742
0.0167497
0.0174516
0.0252837
0.0371132
0.0469591
0.0500372
0.0465451
0.0403688
0.0356481
0.0342499
0.0351838
0.0359287
0.0341809
0.0291635
0.0242364
0.0463389
0.0368468
0.0367985
0.0440949
0.0543932
0.0607282
0.0592075
0.0524126
0.0456884
0.0428414
0.0444743
0.0485606
0.0521577
0.0527992
0.0494168
0.0461655
0.0675552
0.0539014
0.0522598
0.054996
0.0597181
0.0615168
0.0576727
0.0505057
0.0444474
0.0426215
0.0454651
0.0512156
0.0573841
0.0612992
0.0605306
0.0664282
0.0668388
0.0515735
0.0468847
0.044766
0.0448491
0.0443122
0.040638
0.0351833
0.0314532
0.0320833
0.0372836
0.0452267
0.0534168
0.058978
0.0594917
0.0673216
0.0566078
0.042647
0.03887
0.0367881
0.0352229
0.0318022
0.0256103
0.0191676
0.0160557
0.0182764
0.0253827
0.0350875
0.0445321
0.0506034
0.0512374
0.058893
0.0366798
0.0259638
0.0236196
0.0220185
0.0195243
0.014474
0.00719632
0.000671787
-0.00186037
0.00108123
0.00877611
0.0188353
0.0282529
0.0339018
0.0342759
0.0398015
0.0111265
0.00467607
0.00400121
0.00313035
0.000271552
-0.00540206
-0.0127277
-0.0188039
-0.0209817
-0.0181403
-0.0109781
-0.00167144
0.00683529
0.011558
0.0115728
0.014455
-0.0146758
-0.0172204
-0.0164278
-0.0166596
-0.0194142
-0.0248041
-0.0313568
-0.0366996
-0.0388535
-0.0368328
-0.0309953
-0.0230835
-0.0158524
-0.0121577
-0.012576
-0.0120443
-0.0368116
-0.0368828
-0.0351961
-0.0349038
-0.0369462
-0.0410029
-0.0459455
-0.0503296
-0.0527238
-0.052034
-0.0479604
-0.0417487
-0.0358372
-0.0331523
-0.0341566
-0.0352155
-0.0532392
-0.0522925
-0.0500201
-0.0488826
-0.0493389
-0.0510808
-0.0538357
-0.0571909
-0.060123
-0.0610938
-0.0590528
-0.0546473
-0.0498633
-0.0482825
-0.0501739
-0.0523489
-0.0625635
-0.0614711
-0.0584024
-0.0557097
-0.0537144
-0.0525482
-0.0530263
-0.0555962
-0.0593378
-0.06211
-0.0621135
-0.0594218
-0.055955
-0.0555334
-0.0585155
-0.0616432
-0.0633064
-0.0625211
-0.0582876
-0.0533435
-0.0483822
-0.04421
-0.0427818
-0.0450051
-0.0497528
-0.0542614
-0.056097
-0.0549275
-0.0530086
-0.0537255
-0.0579268
-0.0617909
-0.0546257
-0.0546636
-0.049229
-0.0418126
-0.0338081
-0.0271795
-0.0243298
-0.0265862
-0.0322979
-0.038191
-0.0414657
-0.0416615
-0.041059
-0.0429193
-0.048239
-0.0525358
-0.0373832
-0.0389685
-0.0329699
-0.0236035
-0.0130431
-0.00430152
-0.000854253
-0.00339933
-0.00980874
-0.0164842
-0.0205949
-0.0217715
-0.0222162
-0.0249523
-0.0310272
-0.0353592
-0.0143597
-0.018259
-0.0128142
-0.0025899
0.00954653
0.0193884
0.0230666
0.0200813
0.0133866
0.00662998
0.00239251
0.000797507
-0.000203425
-0.00326661
-0.00946869
-0.0131909
0.0106306
0.00377043
0.00737311
0.0167638
0.0290231
0.0390431
0.0424728
0.0391597
0.0325944
0.0264579
0.0228694
0.021632
0.0208825
0.0183334
0.0128021
0.0106309
0.0339843
0.0236554
0.0242166
0.030863
0.0415481
0.0508147
0.0536592
0.0502877
0.0443655
0.0395912
0.0376258
0.0378713
0.0385038
0.0374023
0.0331364
0.0333657
0.053359
0.0413218
0.0421581
0.0494894
0.0596451
0.0653945
0.062998
0.0555978
0.0486336
0.0455759
0.0467492
0.0502896
0.0536865
0.0544906
0.0510126
0.0532205
0.0655283
0.0477156
0.0490998
0.0526531
0.05663
0.0570356
0.0517295
0.0436
0.0372812
0.0355493
0.0384853
0.0441545
0.0503213
0.054011
0.0519597
0.0656358
0.0639639
0.0429485
0.0414474
0.0411277
0.0416446
0.0405228
0.0356748
0.0293695
0.0256056
0.026809
0.0326543
0.0408501
0.0489117
0.0534693
0.0512028
0.0656046
0.0537143
0.0336846
0.0329073
0.0334554
0.0335486
0.0306049
0.0239664
0.0170566
0.0140061
0.0167389
0.0243407
0.0340247
0.0428477
0.0472284
0.0444107
0.0569063
0.0346879
0.0188196
0.0191505
0.0207235
0.0207347
0.0169629
0.00989262
0.0032735
0.00085849
0.00416015
0.0121167
0.0218878
0.0302373
0.0337193
0.0304211
0.0387172
0.0110544
0.00106833
0.00271223
0.00509348
0.0050563
0.00107158
-0.00559579
-0.0114726
-0.0134773
-0.0103813
-0.00309355
0.00581284
0.0130625
0.0154485
0.0119299
0.0151681
-0.01183
-0.0164193
-0.0137566
-0.0110957
-0.0112487
-0.0148899
-0.0205407
-0.0254787
-0.0273514
-0.0250407
-0.0190127
-0.0113696
-0.00530446
-0.00378227
-0.00734585
-0.00809744
-0.0302245
-0.0316339
-0.0287192
-0.0262967
-0.0262293
-0.0286792
-0.0326102
-0.0364001
-0.0383401
-0.0371353
-0.032667
-0.0264366
-0.0213475
-0.0203681
-0.0240128
-0.0270692
-0.0426758
-0.0431278
-0.0405236
-0.0381807
-0.0371239
-0.037476
-0.0391784
-0.0417294
-0.0439178
-0.0440577
-0.0413222
-0.0365324
-0.0323005
-0.0316456
-0.0356865
-0.0397582
-0.0484088
-0.0491883
-0.0468656
-0.043948
-0.0410595
-0.0387385
-0.0380966
-0.0396214
-0.0422984
-0.043994
-0.0431163
-0.0398916
-0.0366636
-0.0365905
-0.0406537
-0.0452402
-0.0467545
-0.0483306
-0.0457584
-0.0415608
-0.0363183
-0.0312869
-0.0286723
-0.0296058
-0.0330671
-0.0363858
-0.037452
-0.0359559
-0.0339581
-0.034509
-0.0388466
-0.0431755
-0.0376352
-0.0401848
-0.0368598
-0.031009
-0.0234261
-0.0161143
-0.0121926
-0.0130376
-0.0173791
-0.0222991
-0.0252212
-0.0255084
-0.0248681
-0.0261149
-0.0307309
-0.0339666
-0.0222217
-0.0260423
-0.0219215
-0.0145821
-0.00508439
0.00372587
0.00816255
0.00693309
0.00169307
-0.00443681
-0.00880178
-0.0106184
-0.0112203
-0.0130637
-0.0178189
-0.019146
-0.00280564
-0.0084831
-0.00400222
0.00417651
0.0147431
0.0241122
0.0282062
0.0261674
0.0202075
0.0134996
0.00846602
0.00580142
0.00447184
0.00235531
-0.00216965
-0.000913842
0.0178975
0.00939864
0.0133657
0.0211712
0.0315617
0.0405003
0.0436195
0.0405749
0.0342941
0.0279
0.0233494
0.0209975
0.0199438
0.0182671
0.0141519
0.0185906
0.0374046
0.0246679
0.0269557
0.0329419
0.0418343
0.0495938
0.0513916
0.0475654
0.041626
0.0367061
0.0341836
0.0337737
0.0343389
0.0338295
0.0300212
0.037794
0.0544319
0.0378984
0.0409804
0.0486208
0.0578896
0.0624961
0.0589483
0.0509294
0.0439525
0.0410003
0.0419921
0.0451707
0.0484744
0.0493322
0.0451731
0.0557421
0.0513361
0.0303105
0.033846
0.0381463
0.0420807
0.0421426
0.0365649
0.0284696
0.0229184
0.0220863
0.0255546
0.0311817
0.0369523
0.0397298
0.0359633
0.0541429
0.0502665
0.0249079
0.0260327
0.0275551
0.028972
0.0277614
0.0222344
0.0154623
0.0119706
0.0138616
0.0202088
0.0282676
0.0361175
0.0395043
0.0348996
0.0538438
0.0430232
0.0177912
0.0190421
0.0217517
0.0236036
0.0215028
0.0148324
0.00778569
0.00498559
0.00828145
0.0163237
0.0258592
0.0343974
0.0373906
0.0317801
0.0478192
0.0286253
0.00788966
0.00969702
0.0136375
0.0159566
0.0136225
0.00699529
0.000419057
-0.00190724
0.00170816
0.00992875
0.0196332
0.027489
0.0296809
0.0237111
0.0338855
0.0106917
-0.00297995
-0.000305644
0.00442118
0.00680918
0.00446214
-0.00155586
-0.00737084
-0.00947283
-0.00634849
0.0010561
0.00994278
0.016805
0.0181131
0.0123345
0.0157156
-0.0063513
-0.0133319
-0.0099346
-0.00518852
-0.00310083
-0.00516966
-0.0101413
-0.0150458
-0.0170917
-0.0148749
-0.00878774
-0.00109938
0.00477949
0.00550437
0.000161198
-0.00157743
-0.0197605
-0.0226256
-0.0190996
-0.0149037
-0.0129121
-0.0139641
-0.0172486
-0.0209361
-0.0229804
-0.021862
-0.0173064
-0.0109365
-0.00591922
-0.00549295
-0.0105244
-0.0150911
-0.0284279
-0.0299304
-0.0268409
-0.0231242
-0.0204698
-0.0195892
-0.0206133
-0.0229055
-0.02498
-0.025091
-0.0222419
-0.0173598
-0.0132417
-0.0130914
-0.0178729
-0.0235722
-0.031983
-0.033635
-0.0312183
-0.0273516
-0.0232137
-0.0197736
-0.0183639
-0.0193501
-0.0216407
-0.0231812
-0.0222996
-0.019211
-0.0162321
-0.0164521
-0.0210327
-0.0268279
-0.0301843
-0.0324609
-0.0302383
-0.0256379
-0.019534
-0.0134932
-0.00997336
-0.0100924
-0.0128798
-0.0160952
-0.0174274
-0.0164547
-0.0149242
-0.015651
-0.0199916
-0.0249715
-0.0232862
-0.0261856
-0.0235592
-0.0179019
-0.0100186
-0.00165852
0.00314111
0.00327455
-0.000372438
-0.00524139
-0.00878213
-0.0100287
-0.0101108
-0.0114304
-0.0154385
-0.0185431
-0.0123452
-0.0160449
-0.0126469
-0.00595479
0.00341783
0.0127348
0.0180588
0.0178188
0.0132108
0.0069397
0.00161099
-0.00151921
-0.00302963
-0.0048564
-0.00847031
-0.00872897
0.0010728
-0.00411296
5.77751e-05
0.00738002
0.01735
0.0267549
0.0314302
0.0301799
0.0246878
0.0176735
0.0114972
0.00738082
0.00511184
0.00313041
-0.000154425
0.00332432
0.0154158
0.00738021
0.0118743
0.0190416
0.0284767
0.0369445
0.0400928
0.0374288
0.031395
0.0246541
0.0190338
0.0153595
0.0135006
0.0120034
0.00888762
0.0166212
0.0294997
0.0164507
0.0203843
0.0262937
0.0343591
0.0411671
0.0422707
0.0381883
0.0322865
0.0271681
0.0239352
0.0225709
0.0225382
0.0220348
0.0185831
0.0307827
0.0437301
0.0245404
0.0291853
0.036773
0.0455896
0.0497464
0.0459489
0.0381086
0.0317736
0.0293368
0.0303779
0.0331146
0.0358871
0.0361987
0.0310763
0.0469354
0.0255145
0.00355231
0.00703375
0.0115264
0.0160786
0.0171802
0.0128655
0.00643842
0.00255616
0.00325467
0.00757441
0.0131097
0.0178843
0.0190733
0.0137008
0.0311629
0.0262856
-0.000521398
0.00124217
0.00386315
0.00643013
0.00589969
0.000605922
-0.00583275
-0.00874035
-0.00621659
0.000396486
0.00827535
0.015239
0.0179325
0.0123977
0.0319547
0.0241655
-0.00339509
-0.00210956
0.00146671
0.00466011
0.0036348
-0.00249355
-0.0092455
-0.011567
-0.00770334
0.000751124
0.0104455
0.0184609
0.0210426
0.0144019
0.0307158
0.0174284
-0.00585645
-0.00449235
0.000181967
0.003898
0.00273919
-0.00338378
-0.0098842
-0.012058
-0.00801066
0.000521706
0.0105951
0.0187216
0.0208807
0.0141356
0.0239771
0.00839708
-0.00752543
-0.00548347
-0.000102417
0.00357398
0.00223087
-0.00349592
-0.00956345
-0.0119927
-0.00893488
-0.00121079
0.00830586
0.0159084
0.0177564
0.0117166
0.0144524
-0.000305201
-0.00899188
-0.00613176
-0.000727301
0.00248787
0.00118389
-0.003739
-0.00914423
-0.0118493
-0.0100037
-0.00376077
0.00461089
0.0114886
0.0131133
0.00793646
0.00538197
-0.007306
-0.0112898
-0.00800036
-0.00300666
2.28328e-05
-0.000436755
-0.0038117
-0.00808311
-0.0108594
-0.010247
-0.00574601
0.00110406
0.00700207
0.00830696
0.00367957
-0.00162406
-0.0122241
-0.0142929
-0.011081
-0.00633128
-0.00261467
-0.00119542
-0.00224749
-0.00497063
-0.00763952
-0.00827749
-0.00574666
-0.000814887
0.00372351
0.00441581
-6.17673e-05
-0.0062929
-0.0148554
-0.0166401
-0.013699
-0.00866723
-0.00339134
0.000638556
0.00225246
0.00113872
-0.00147584
-0.00351036
-0.00324213
-0.000662837
0.00208272
0.00188051
-0.00263711
-0.00884572
-0.0149849
-0.0169051
-0.0140603
-0.00829347
-0.00109529
0.00565866
0.00967278
0.00984485
0.0070192
0.00339323
0.00118543
0.00111183
0.00176674
0.000541038
-0.00390504
-0.00940307
-0.012783
-0.0147194
-0.0116151
-0.00500051
0.00399016
0.0129466
0.0185905
0.0193653
0.0159871
0.0107481
0.00617495
0.00351456
0.00210159
-6.35239e-05
-0.00418087
-0.0080904
-0.00851902
-0.0108262
-0.00725212
7.6135e-05
0.0102526
0.0203869
0.0266028
0.027204
0.0230714
0.0165537
0.010178
0.00551184
0.00248732
-0.000319065
-0.00396122
-0.00552918
-0.00305697
-0.00646243
-0.00237289
0.00526953
0.0158054
0.0259074
0.0314698
0.0311498
0.0262743
0.0191823
0.0121134
0.00657005
0.00284373
-0.000121952
-0.00339282
-0.00131217
0.00322492
-0.00280803
0.0016795
0.00900382
0.0187776
0.0277391
0.031583
0.0297876
0.0243887
0.01771
0.0114056
0.0065193
0.00337056
0.000991245
-0.00186622
0.00416899
0.0105016
-0.00060144
0.00372102
0.0100545
0.0183761
0.0253505
0.0266462
0.0230022
0.0175873
0.0125699
0.00876636
0.00632814
0.00516019
0.0039197
0.00062505
0.0117407
0.0206345
0.00210151
0.00661056
0.0137726
0.0224923
0.0272598
0.0246378
0.0182125
0.0131915
0.0116386
0.0128099
0.0148746
0.0164271
0.0154111
0.00947912
0.0247618
-0.00697318
-0.0277987
-0.0258633
-0.0218676
-0.0167072
-0.0139751
-0.016101
-0.0200739
-0.0216161
-0.0190068
-0.0136906
-0.00832225
-0.00484229
-0.00546749
-0.0119192
0.000941563
-0.00353025
-0.0290538
-0.028698
-0.0260067
-0.0224794
-0.0218859
-0.0261296
-0.0316228
-0.0335569
-0.0303697
-0.0235821
-0.0159355
-0.0094391
-0.00697763
-0.0119342
0.00429438
0.000409807
-0.0262293
-0.0268293
-0.0238459
-0.0201623
-0.0202595
-0.0254456
-0.031625
-0.0332548
-0.0287375
-0.019736
-0.00968302
-0.00150372
0.00142549
-0.00438719
0.00872696
0.00291827
-0.0200181
-0.020757
-0.0170596
-0.0132563
-0.0138845
-0.0196412
-0.0259684
-0.0280047
-0.0237946
-0.0141946
-0.00310376
0.00600413
0.009302
0.00371816
0.0108253
0.00462724
-0.0115467
-0.0115271
-0.00721125
-0.00371639
-0.00500488
-0.0109182
-0.017449
-0.0202714
-0.0171648
-0.00866355
0.00221777
0.011568
0.0152753
0.0107614
0.0116677
0.00591534
-0.00347471
-0.00228716
0.00225173
0.00520358
0.00364278
-0.00189477
-0.00819617
-0.0117181
-0.0101845
-0.00343995
0.00631009
0.0152143
0.0190762
0.0156346
0.012231
0.00637404
0.00152356
0.00376525
0.00834367
0.0112142
0.0103744
0.0062284
0.000926651
-0.00284585
-0.00285721
0.00172004
0.00955525
0.0172361
0.0206296
0.0176825
0.0123686
0.00547712
0.00271985
0.00559526
0.0104795
0.0143354
0.0154831
0.0137558
0.0101571
0.00655732
0.00510689
0.0072232
0.0124568
0.0180671
0.0202321
0.0170317
0.0113614
0.00322471
0.00110419
0.00445338
0.0101736
0.0158816
0.0198789
0.0210989
0.0194607
0.0161615
0.013278
0.0127153
0.0148448
0.0177257
0.0180891
0.0142027
0.00874308
3.02963e-05
-0.00183385
0.00197313
0.0088172
0.0167627
0.0237399
0.0277153
0.0277511
0.0245845
0.0202493
0.0169954
0.0158818
0.015813
0.0142265
0.00969403
0.00462186
-0.00373548
-0.00526608
-0.00102597
0.00684584
0.0168018
0.0261594
0.0320824
0.0331089
0.0297967
0.0241636
0.0185842
0.0146128
0.0118979
0.00867126
0.00386262
-0.00057164
-0.00779677
-0.00912338
-0.0046749
0.0039149
0.0150871
0.0257923
0.0325168
0.0337078
0.0300504
0.0235302
0.0164634
0.0105462
0.00599782
0.00174884
-0.00288828
-0.00621121
-0.0116234
-0.013523
-0.00903799
-0.000354116
0.0110996
0.0218822
0.0281607
0.0287368
0.0247349
0.018088
0.0107449
0.0042172
-0.000989703
-0.00547352
-0.00966149
-0.0110317
-0.0142489
-0.0181759
-0.0139972
-0.00599123
0.00477965
0.0145117
0.0191504
0.0184096
0.0141593
0.0082449
0.00198112
-0.00363602
-0.00811009
-0.0119215
-0.0155608
-0.0136473
-0.0143989
-0.0226599
-0.0188067
-0.0119221
-0.00291207
0.00449012
0.00668095
0.00412554
-0.00029215
-0.00471203
-0.00861099
-0.0118259
-0.0142074
-0.0165195
-0.0199657
-0.0129783
-0.00962419
-0.0247468
-0.0214456
-0.0151402
-0.00667178
-0.00111221
-0.00194651
-0.00615313
-0.00934231
-0.00964206
-0.00814149
-0.00681743
-0.00689704
-0.00962997
-0.0159641
-0.00530323
-0.0380319
-0.055385
-0.0557525
-0.0530681
-0.0483731
-0.0447883
-0.0451049
-0.0466888
-0.045737
-0.0410867
-0.0347021
-0.0294468
-0.0271171
-0.029046
-0.0355681
-0.0286769
-0.032483
-0.0546771
-0.0569318
-0.0550267
-0.05111
-0.0495921
-0.0525831
-0.0566936
-0.0574296
-0.0533704
-0.046287
-0.0386774
-0.0322696
-0.0294517
-0.0328232
-0.0226322
-0.0223913
-0.0455117
-0.0489442
-0.047554
-0.0443591
-0.0441783
-0.0486798
-0.0539178
-0.0547941
-0.0494627
-0.0398866
-0.029262
-0.0205359
-0.0165947
-0.0202615
-0.0126308
-0.0106064
-0.0307808
-0.0343203
-0.0326972
-0.0300376
-0.0310487
-0.0367551
-0.0430451
-0.0448091
-0.039859
-0.0294351
-0.0171271
-0.00660836
-0.00151293
-0.00464504
-0.00169521
0.00173506
-0.0130106
-0.0155295
-0.0133346
-0.0111962
-0.0133968
-0.0199562
-0.0271192
-0.0302784
-0.026898
-0.0174263
-0.00489085
0.00662845
0.0127747
0.0108089
0.00936305
0.0128595
0.00354572
0.00264202
0.00539852
0.00708272
0.00451296
-0.00212884
-0.0095118
-0.0138286
-0.0124883
-0.00504692
0.00637782
0.0177011
0.024283
0.023294
0.0192756
0.0205499
0.0148981
0.0156621
0.0190362
0.0209924
0.019192
0.0139145
0.00742776
0.00262156
0.00199468
0.00673886
0.0158083
0.0256445
0.0315603
0.0307794
0.0261388
0.0233094
0.0194638
0.0216809
0.0260866
0.0294418
0.0298779
0.0272126
0.0225823
0.017939
0.0155758
0.0172788
0.0230302
0.0301069
0.0341561
0.032592
0.0283595
0.0210287
0.0179095
0.0214639
0.027389
0.0330522
0.0366417
0.0372025
0.0348153
0.0306535
0.0267829
0.025392
0.0273311
0.0307868
0.0321216
0.0291203
0.0253764
0.0144214
0.011876
0.0165936
0.024227
0.0324717
0.0392551
0.0427942
0.0423759
0.0386725
0.0335537
0.0293855
0.0276053
0.0273261
0.0257677
0.0212576
0.0176696
0.00451207
0.00268507
0.00820926
0.0172505
0.0276679
0.0369181
0.0425297
0.0433753
0.039958
0.034004
0.0278046
0.0230802
0.0196534
0.0156871
0.0101004
0.00636847
-0.00753635
-0.00872198
-0.00293574
0.00684688
0.0185151
0.0290734
0.0355754
0.0368729
0.0336081
0.0273974
0.0202471
0.0138033
0.0083529
0.00290187
-0.0030633
-0.00692838
-0.0198965
-0.0213737
-0.0157832
-0.00612587
0.00566381
0.01626
0.0225182
0.0235815
0.0204945
0.0147899
0.00794777
0.00123097
-0.0048852
-0.0107716
-0.0164611
-0.0198982
-0.0311052
-0.0333835
-0.0288765
-0.0202539
-0.00938642
4.10557e-05
0.00511277
0.00531051
0.00242038
-0.00212734
-0.00752591
-0.0131109
-0.0184483
-0.0236405
-0.0285183
-0.0301942
-0.038291
-0.0437609
-0.0404094
-0.033279
-0.0240501
-0.0166006
-0.0138952
-0.0152587
-0.0182948
-0.0215109
-0.0247887
-0.0281326
-0.0313273
-0.0346555
-0.0383148
-0.0359489
-0.0382477
-0.0482214
-0.0461582
-0.0411844
-0.0338731
-0.0286527
-0.0283082
-0.0305235
-0.0319939
-0.0308332
-0.0287021
-0.0278393
-0.0293023
-0.0333405
-0.0393504
-0.0339105
-0.0589377
-0.0713517
-0.0736947
-0.0730984
-0.0703478
-0.0680966
-0.06809
-0.0678388
-0.0646008
-0.0580978
-0.0508445
-0.0457117
-0.0440672
-0.0462317
-0.0514682
-0.0494552
-0.0536398
-0.0715124
-0.0764395
-0.0758597
-0.0723439
-0.0707065
-0.0728421
-0.075458
-0.0745965
-0.0694089
-0.0620321
-0.0545587
-0.0481367
-0.0446123
-0.04607
-0.042353
-0.0379158
-0.0561298
-0.0619626
-0.0623387
-0.0603587
-0.0608993
-0.065471
-0.0701725
-0.0701964
-0.0641043
-0.0539769
-0.0431644
-0.033973
-0.0287798
-0.0298054
-0.0276035
-0.0183048
-0.0343897
-0.0400257
-0.0404479
-0.0394773
-0.0417849
-0.048243
-0.0551112
-0.0566759
-0.0511627
-0.0400627
-0.0269516
-0.0153592
-0.00848779
-0.00878854
-0.00938084
0.00245642
-0.00995746
-0.0142769
-0.014115
-0.0137113
-0.0172413
-0.0250522
-0.033247
-0.0369113
-0.0333763
-0.0231829
-0.009391
0.00371025
0.0119829
0.0126491
0.00978775
0.0209517
0.0121019
0.00971696
0.0107259
0.0110167
0.00727282
-0.000521771
-0.00911578
-0.0143264
-0.01328
-0.00536077
0.0073172
0.0205263
0.0292665
0.0305054
0.0267965
0.0335696
0.0272
0.0267952
0.028934
0.0300014
0.0274881
0.0213624
0.0138372
0.00801794
0.00669527
0.0114458
0.0214513
0.0329987
0.0408338
0.0417751
0.0384358
0.038395
0.0332642
0.0348747
0.0386678
0.0416255
0.0417459
0.0386014
0.0332532
0.0276981
0.0244156
0.0256464
0.0318204
0.0401485
0.0456137
0.0452035
0.0426477
0.0353828
0.0310077
0.0346406
0.0405864
0.0462261
0.0496849
0.0499415
0.04708
0.0422259
0.0374711
0.0353661
0.0372769
0.0414488
0.0435609
0.0410815
0.0390253
0.0258356
0.0222893
0.02775
0.0359455
0.0442815
0.0508316
0.0539575
0.0531346
0.0490086
0.0433232
0.0385976
0.0367007
0.0366787
0.0352683
0.0306252
0.0285387
0.0113907
0.00887624
0.0155596
0.0253704
0.0358282
0.0445232
0.0494084
0.0497984
0.0462577
0.0402908
0.0340948
0.0294752
0.0261225
0.0218192
0.0155098
0.0128941
-0.00627436
-0.00772191
-0.000685854
0.00976979
0.0212452
0.0308077
0.0362955
0.0371286
0.0340925
0.0285407
0.0221197
0.0162233
0.010861
0.00478309
-0.00231791
-0.00572306
-0.0249093
-0.0257236
-0.0193153
-0.00931684
0.00186712
0.0112294
0.016431
0.0172427
0.0148221
0.0104019
0.00491977
-0.000871854
-0.00686629
-0.0135078
-0.0204663
-0.0244091
-0.0420052
-0.0433406
-0.0384969
-0.0299374
-0.0198623
-0.011509
-0.00720004
-0.00673542
-0.00846927
-0.0113264
-0.0150925
-0.0196707
-0.0249456
-0.0308682
-0.0367964
-0.0402467
-0.0547016
-0.0581544
-0.0553751
-0.0487158
-0.0402367
-0.0334737
-0.0307875
-0.0313442
-0.0328415
-0.0344503
-0.0364644
-0.0391654
-0.0423994
-0.0461172
-0.0500246
-0.051026
-0.0564943
-0.0611324
-0.0595408
-0.0563013
-0.0518148
-0.0485675
-0.0485054
-0.0503296
-0.0500632
-0.047493
-0.0445452
-0.0436967
-0.0457782
-0.0500631
-0.0548364
-0.0526611
-0.0625074
-0.0692751
-0.0716446
-0.0728319
-0.073292
-0.0742891
-0.0758784
-0.0757626
-0.0719246
-0.065058
-0.058104
-0.0535452
-0.0521091
-0.053321
-0.0559184
-0.0553116
-0.0610402
-0.0744881
-0.0809158
-0.0820988
-0.0801919
-0.0793208
-0.0807398
-0.0815603
-0.0789977
-0.073377
-0.0666897
-0.0601706
-0.0541064
-0.049905
-0.0495498
-0.0496231
-0.0412543
-0.0544405
-0.0611659
-0.0632304
-0.0632622
-0.0652773
-0.070067
-0.0739533
-0.0729945
-0.0667048
-0.0574522
-0.0476928
-0.0388937
-0.0328067
-0.0314082
-0.0317482
-0.0169795
-0.0289825
-0.0353113
-0.0376091
-0.0389009
-0.0428947
-0.050001
-0.0563762
-0.0574613
-0.0518246
-0.0415555
-0.0290631
-0.0177045
-0.00988779
-0.00778492
-0.00920067
0.00793128
-0.00235665
-0.00744063
-0.00927338
-0.0110006
-0.0158185
-0.0239889
-0.0318663
-0.0350934
-0.0314076
-0.0215244
-0.00821957
0.00479363
0.0138531
0.0164077
0.0142157
0.0291645
0.0208423
0.0174785
0.0166388
0.0152852
0.0108551
0.00329787
-0.00485745
-0.00957796
-0.0083852
-0.000629829
0.0117872
0.0249835
0.0342155
0.0366435
0.0343551
0.0429821
0.0360184
0.0347541
0.0355336
0.0356247
0.0330155
0.0275032
0.0207353
0.0154483
0.0142046
0.0187315
0.0284888
0.0400624
0.0480617
0.049459
0.0475584
0.0475236
0.0415093
0.042642
0.0457522
0.0483562
0.0487122
0.046254
0.0416997
0.0366774
0.0334282
0.0343585
0.0402972
0.0485984
0.0539176
0.0534147
0.0518615
0.0432857
0.0382177
0.0418919
0.0477671
0.0534391
0.0570792
0.0577124
0.0553575
0.050929
0.0462502
0.0439364
0.0458013
0.0499519
0.051737
0.0487918
0.0473226
0.0321351
0.0281675
0.0341646
0.042582
0.0510137
0.057313
0.0601806
0.0593284
0.0554335
0.0499822
0.0453913
0.0439648
0.0441288
0.0423707
0.0370386
0.0353913
0.0160737
0.0132815
0.0208649
0.0310571
0.041147
0.0488674
0.0526813
0.05241
0.0488722
0.0434429
0.0381078
0.0344995
0.0317706
0.0272337
0.0201339
0.0180746
-0.00323578
-0.00485161
0.00320005
0.0138689
0.0243719
0.0322427
0.0359288
0.0355824
0.0324119
0.0277495
0.022895
0.0186676
0.0143444
0.00818714
0.000293267
-0.00236946
-0.023803
-0.0245531
-0.0173248
-0.0075116
0.00225736
0.0094322
0.0125024
0.0119877
0.00950121
0.00628821
0.00284402
-0.000903143
-0.00567272
-0.0122625
-0.0198861
-0.0231038
-0.0435009
-0.0445086
-0.0393877
-0.0314628
-0.0229681
-0.016659
-0.0141201
-0.0144641
-0.0158921
-0.0173681
-0.0191006
-0.0217738
-0.0259441
-0.031717
-0.0380603
-0.0413715
-0.0591274
-0.0617523
-0.0595261
-0.053629
-0.0466983
-0.0414651
-0.0395243
-0.0398879
-0.0405333
-0.0408714
-0.0414626
-0.0429318
-0.0453951
-0.0488071
-0.0526983
-0.0548459
-0.058525
-0.0582088
-0.0554235
-0.0528182
-0.0513426
-0.0520374
-0.0550185
-0.0580519
-0.0583027
-0.0554983
-0.0522207
-0.0511914
-0.0530382
-0.0564181
-0.0590142
-0.0568969
-0.0460573
-0.0449771
-0.0408485
-0.0376479
-0.0378139
-0.0426872
-0.0507629
-0.0580531
-0.0609904
-0.0592302
-0.0550303
-0.0512731
-0.0490177
-0.0481401
-0.0477474
-0.0441925
-0.0516189
-0.0597355
-0.0624802
-0.0614535
-0.0589322
-0.0581138
-0.0599505
-0.0625005
-0.0635588
-0.0624056
-0.0593747
-0.054555
-0.0484927
-0.0434147
-0.0416048
-0.0414511
-0.0308003
-0.0393923
-0.0430176
-0.043252
-0.0425393
-0.0439647
-0.0481478
-0.0526292
-0.0546622
-0.0531986
-0.0486167
-0.0416045
-0.0332369
-0.0261942
-0.023146
-0.0225405
-0.00638574
-0.0156018
-0.0202136
-0.0217885
-0.0226475
-0.0254924
-0.0307197
-0.0359216
-0.0383167
-0.0366024
-0.0307091
-0.0220696
-0.0116584
-0.00302242
0.000659835
0.000726794
0.0174504
0.00783343
0.00269731
0.000229554
-0.00157358
-0.0048921
-0.0100335
-0.0149944
-0.0173622
-0.015778
-0.00986786
-0.000165529
0.0114211
0.020842
0.0244983
0.0240385
0.0370844
0.0277295
0.0230135
0.0205154
0.0186121
0.0156793
0.0114589
0.00733315
0.00519082
0.00630517
0.0114574
0.0208078
0.0320562
0.0410751
0.0440381
0.043169
0.0492243
0.0407918
0.037658
0.0364345
0.0356392
0.0340666
0.0314138
0.0284873
0.0265553
0.0267572
0.0302496
0.0380665
0.04722
0.0545023
0.0559395
0.054848
0.0525956
0.0457732
0.0454276
0.0468265
0.0483653
0.048939
0.0481018
0.0462304
0.0441829
0.0430049
0.0441131
0.0490318
0.0552561
0.0597613
0.058934
0.0576802
0.0479835
0.0431351
0.0462501
0.0510954
0.0556264
0.0585312
0.0592473
0.0578951
0.0552684
0.0524384
0.0510263
0.0525197
0.0556676
0.0568968
0.0536623
0.0522412
0.0372442
0.0341102
0.0403277
0.0483494
0.0556235
0.0604471
0.06196
0.0604721
0.0569737
0.0527477
0.0495091
0.0484902
0.0488371
0.0470906
0.0416801
0.0402123
0.0221007
0.0200086
0.0281682
0.0381707
0.0470241
0.0526991
0.0542391
0.0521846
0.0479404
0.0430925
0.0392241
0.0372006
0.0357735
0.0319085
0.0249756
0.0235001
0.00387358
0.00241043
0.0111464
0.0216268
0.0306726
0.0360694
0.036895
0.0340874
0.0295964
0.0252146
0.0221131
0.0203079
0.0181709
0.0131674
0.00558297
0.00401645
-0.0157641
-0.0167188
-0.00862192
0.00109089
0.00929222
0.0137062
0.0135308
0.0101582
0.00605547
0.00305292
0.0015767
0.000657551
-0.00161018
-0.00684897
-0.0141186
-0.0158089
-0.0351054
-0.0362095
-0.0297697
-0.021545
-0.0145323
-0.0109729
-0.0116379
-0.0149177
-0.0181122
-0.0195172
-0.0194463
-0.0194941
-0.0213477
-0.0258522
-0.0318807
-0.0336497
-0.0509272
-0.0526513
-0.0480422
-0.041926
-0.036044
-0.0331106
-0.0339698
-0.0369414
-0.0394661
-0.0401945
-0.0396741
-0.0392515
-0.0399267
-0.0423381
-0.0460477
-0.0472699
-0.0439954
-0.0388105
-0.0309914
-0.0253889
-0.0241733
-0.0289033
-0.0381255
-0.0475822
-0.0529341
-0.0531138
-0.0506101
-0.0489821
-0.0494247
-0.0509603
-0.0514553
-0.0468622
)
;

boundaryField
{
    patch0_half0
    {
        type            cyclic;
    }
    patch0_half1
    {
        type            cyclic;
    }
    patch1_half0
    {
        type            cyclic;
    }
    patch1_half1
    {
        type            cyclic;
    }
    patch2_half0
    {
        type            cyclic;
    }
    patch2_half1
    {
        type            cyclic;
    }
}


// ************************************************************************* //
