/*--------------------------------*- C++ -*----------------------------------*\
| =========                 |                                                 |
| \\      /  F ield         | OpenFOAM: The Open Source CFD Toolbox           |
|  \\    /   O peration     | Version:  3.0.0                                 |
|   \\  /    A nd           | Web:      www.OpenFOAM.org                      |
|    \\/     M anipulation  |                                                 |
\*---------------------------------------------------------------------------*/
FoamFile
{
    version     2.0;
    format      ascii;
    class       volScalarField;
    location    "50";
    object      p;
}
// * * * * * * * * * * * * * * * * * * * * * * * * * * * * * * * * * * * * * //

dimensions      [0 2 -2 0 0 0 0];

internalField   nonuniform List<scalar> 
10720
(
-4.38345
-74.2993
-149.957
-224.491
-298.883
-377.36
-448.232
-508.124
-560.428
-603.019
-637.878
-666.307
-688.522
-704.321
-713.464
-715.365
-711.116
-699.981
-683.718
-661.859
-635.537
-603.78
-568.005
-528.829
-489.593
-454.926
-423.891
-392.667
-359.999
-325.139
-288.694
-252.605
-218.122
-185.315
-153.864
-120.744
-85.6529
-44.3336
-8.78846
57.6107
113.719
170.914
222.704
263.974
290.127
300.397
299.374
287.474
266.247
240.683
214.546
189.344
165.91
144.768
125.24
107.225
90.1796
73.7812
57.4381
41.0563
24.2556
7.17907
-9.67424
-24.1273
-35.0915
-43.912
-51.1367
-56.7979
-60.6053
-62.384
-62.1294
-59.916
-56.0979
-51.1599
-44.8858
-36.9361
-23.1309
0.441235
63.7667
14.2281
-41.1437
-100.813
-164.001
-230.009
-294.512
-354.999
-411.067
-461.762
-507.006
-546.604
-580.214
-607.372
-627.455
-639.765
-644.656
-642.481
-634.372
-620.337
-601.072
-576.075
-546.369
-512.771
-478.182
-446.52
-417.303
-387.435
-355.83
-321.876
-286.241
-250.831
-216.853
-184.381
-153.142
-120.188
-85.2604
-43.9993
-9.33247
107.336
148.135
187.8
224.812
255.558
277.108
287.765
287.984
278.691
262.104
241.245
218.619
195.704
173.459
152.492
132.735
114.153
96.4826
79.463
62.6739
45.9702
29.0797
12.1153
-4.4234
-18.8606
-30.2574
-39.5724
-47.2803
-53.3874
-57.6238
-59.8089
-59.9496
-58.1227
-54.6574
-50.0011
-43.9173
-36.0796
-22.3029
0.258785
72.1507
28.2394
-21.9218
-77.4947
-135.852
-196.739
-258.311
-317.956
-374.236
-426.235
-472.933
-513.863
-548.647
-576.881
-598.021
-611.888
-618.781
-619.047
-613.262
-601.586
-584.443
-561.771
-534.408
-503.365
-471.017
-440.555
-411.989
-382.838
-351.996
-318.861
-284.062
-249.359
-215.842
-183.595
-152.46
-119.624
-84.8769
-43.7978
-9.38578
110.952
147.66
183.173
215.741
242.376
261.358
271.732
273.508
267.15
254.15
236.551
216.39
195.178
173.985
153.533
134.042
115.55
97.9155
80.9198
64.2413
47.6813
31.0563
14.4393
-1.73271
-16.1344
-27.8346
-37.406
-45.2975
-51.5457
-55.9185
-58.2655
-58.6148
-57.0287
-53.7924
-49.2992
-43.2877
-35.4465
-21.7147
0.00955498
82.0507
45.0242
2.3448
-44.9635
-95.2205
-148.554
-203.438
-258.012
-310.924
-361.049
-407.332
-449.141
-485.916
-517.177
-542.374
-561.19
-573.604
-579.481
-578.981
-572.231
-559.536
-541.091
-517.662
-490.307
-461.003
-432.435
-405.039
-376.956
-347.175
-315.159
-281.475
-247.685
-214.731
-182.731
-151.687
-118.993
-84.5016
-43.7373
-9.40944
114.771
145.606
175.733
203.84
227.149
244.324
254.571
257.596
253.582
243.632
229.259
212.057
193.306
173.983
154.811
136.141
118.098
100.681
83.7599
67.125
50.6236
34.1295
17.7164
1.77256
-12.6259
-24.5804
-34.4119
-42.5282
-48.9834
-53.5861
-56.2119
-56.8931
-55.6651
-52.7511
-48.4813
-42.5753
-34.7532
-21.1174
-0.205633
82.4495
49.6825
11.6877
-30.7452
-75.9163
-124.309
-174.562
-225.149
-275.072
-323.178
-368.427
-410.088
-447.513
-480.085
-507.234
-528.497
-543.481
-552.019
-554.081
-549.843
-539.628
-523.791
-503.042
-478.381
-451.425
-424.383
-397.939
-370.78
-342.036
-311.182
-278.685
-245.872
-213.509
-181.748
-150.79
-118.264
-84.1114
-43.7714
-9.66991
111.498
138.727
165.493
190.54
211.437
227.303
237.439
241.401
239.283
231.869
220.287
205.778
189.368
171.932
154.154
136.457
119.061
102.048
85.3961
68.9817
52.6976
36.4691
20.3555
4.71402
-9.57358
-21.6757
-31.702
-39.9942
-46.6178
-51.4186
-54.2958
-55.2813
-54.3807
-51.7556
-47.6767
-41.8473
-34.0308
-20.5079
-0.432146
80.3937
51.2662
17.3704
-20.4804
-60.7574
-104.116
-149.38
-195.356
-241.321
-286.257
-329.256
-369.597
-406.564
-439.494
-467.759
-490.787
-508.069
-519.377
-524.548
-523.581
-516.68
-504.187
-486.695
-465.099
-440.753
-415.514
-390.268
-364.221
-336.662
-307.087
-275.825
-243.992
-212.204
-180.675
-149.801
-117.474
-83.7252
-43.93
-10.1854
106.254
130.441
154.397
177.007
196.009
210.842
220.854
225.497
224.848
219.486
210.268
198.182
184.04
168.568
152.391
135.919
119.426
103.062
86.8639
70.8032
54.8196
38.8866
23.0818
7.72401
-6.43512
-18.638
-28.8419
-37.3061
-44.1104
-49.1313
-52.2821
-53.5882
-53.0247
-50.6935
-46.8081
-41.064
-33.2707
-19.9106
-0.698745
76.1645
49.8928
19.2369
-14.9999
-51.3264
-90.6359
-131.835
-173.894
-216.363
-258.321
-298.985
-337.709
-373.748
-406.416
-435.073
-459.093
-477.916
-491.152
-498.542
-499.981
-495.608
-485.738
-470.901
-451.894
-429.867
-406.381
-382.41
-357.56
-331.259
-302.967
-272.9
-242.001
-210.767
-179.48
-148.731
-116.649
-83.3692
-44.2303
-10.9278
99.533
121.349
143.112
163.758
181.238
195.226
205.08
210.206
210.688
206.967
199.719
189.729
177.648
164.062
149.503
134.357
118.894
103.32
87.7253
72.1308
56.5444
40.9771
25.5281
10.4989
-3.4795
-15.711
-26.047
-34.6683
-41.6484
-46.8858
-50.2962
-51.8982
-51.6433
-49.5841
-45.8866
-40.2381
-32.4927
-19.3518
-1.02142
70.9565
47.0638
19.1469
-11.9949
-44.9588
-80.6799
-118.205
-156.643
-195.672
-234.534
-272.542
-309.159
-343.702
-375.504
-403.92
-428.323
-448.119
-462.837
-472.169
-475.909
-474.053
-466.828
-454.649
-438.225
-418.553
-396.951
-374.418
-350.857
-325.818
-298.773
-269.837
-239.821
-209.14
-178.151
-147.591
-115.818
-83.061
-44.6736
-11.8869
92.2535
112.115
132.046
151.079
167.297
180.542
190.212
195.677
197.02
194.602
188.969
180.771
170.519
158.69
145.727
131.95
117.628
102.966
88.1006
73.0984
57.9992
42.8683
27.8181
13.1374
-0.619645
-12.8334
-23.2725
-32.039
-39.1894
-44.6298
-48.2822
-50.1542
-50.1857
-48.3925
-44.8941
-39.371
-31.7119
-18.8497
-1.4121
65.2183
43.313
17.7031
-10.844
-40.9261
-73.5917
-107.922
-143.132
-179.062
-215.023
-250.451
-284.897
-317.758
-348.415
-376.262
-400.662
-421.004
-436.792
-447.613
-453.204
-453.433
-448.46
-438.636
-424.569
-407.13
-387.422
-366.381
-344.118
-320.298
-294.412
-266.527
-237.377
-207.3
-176.694
-146.42
-115.018
-82.8205
-45.246
-13.051
84.7817
103.005
121.418
139.069
154.214
166.818
176.268
181.956
183.953
182.568
178.257
171.565
162.913
152.674
141.217
128.802
115.658
101.994
87.9458
73.6241
59.1061
44.475
29.8725
15.5714
2.06931
-10.0681
-20.5694
-29.4527
-36.7512
-42.3744
-46.2416
-48.3592
-48.6582
-47.1272
-43.8461
-38.4811
-30.9475
-18.4169
-1.87645
59.2833
39.0835
15.4504
-10.8437
-38.474
-68.455
-99.9783
-132.314
-165.391
-198.626
-231.549
-263.795
-294.815
-324.09
-351.045
-375.075
-395.573
-412.011
-423.95
-431.068
-433.145
-430.249
-422.634
-410.83
-395.562
-377.74
-358.219
-337.23
-314.56
-289.774
-262.917
-234.658
-205.269
-175.164
-145.26
-114.279
-82.6527
-45.9331
-14.3931
77.358
94.1993
111.293
127.764
141.993
154.004
163.228
169.048
171.532
170.966
167.733
162.302
155.025
146.207
136.14
125.034
113.08
100.453
87.2987
73.7315
59.8641
45.8032
31.6915
17.8049
4.59382
-7.41863
-17.9295
-26.8993
-34.3206
-40.1046
-44.1706
-46.515
-47.0697
-45.8025
-42.7532
-37.5777
-30.2055
-18.0515
-2.40232
53.3366
34.6078
12.7013
-11.6422
-37.1157
-64.7762
-93.8241
-123.611
-154.113
-184.831
-215.383
-245.489
-274.66
-302.431
-328.304
-351.709
-372.075
-388.858
-401.574
-409.904
-413.52
-412.431
-406.813
-397.084
-383.858
-367.856
-349.83
-330.1
-308.554
-284.839
-259.007
-231.694
-203.094
-173.594
-144.143
-113.613
-82.5503
-46.7054
-15.8735
70.1305
85.7644
101.729
117.158
130.58
142.066
151.039
156.928
159.773
159.847
157.491
153.114
147.016
139.445
130.644
120.766
109.968
98.3955
86.1725
73.4229
60.2611
46.8215
33.2538
19.814
6.93508
-4.90252
-15.3755
-24.389
-31.909
-37.8342
-42.0806
-44.6384
-45.4359
-44.4292
-41.6247
-36.663
-29.4839
-17.7457
-2.9745
47.5017
30.0647
9.66988
-12.9501
-36.5423
-62.1376
-88.9981
-116.512
-144.701
-173.111
-201.443
-229.483
-256.82
-283.048
-307.713
-330.308
-350.289
-367.15
-380.369
-389.609
-394.516
-394.992
-391.157
-383.331
-371.998
-357.738
-341.184
-322.697
-302.266
-279.634
-254.872
-228.557
-200.82
-172.011
-143.057
-112.997
-82.4829
-47.5336
-17.4551
63.1742
77.7671
92.7194
107.242
119.941
130.922
139.652
145.553
148.667
149.243
147.594
144.093
138.998
132.519
124.85
116.111
106.412
95.8771
84.6069
72.7088
60.3065
47.5305
34.5435
21.5952
9.08447
-2.52759
-12.9157
-21.9372
-29.523
-35.5699
-39.9827
-42.7393
-43.7691
-43.0174
-40.4607
-35.7337
-28.7765
-17.4878
-3.57669
41.8663
25.5596
6.50292
-14.596
-36.5117
-60.2765
-85.1853
-110.66
-136.761
-163.086
-189.363
-215.452
-240.999
-265.677
-289.079
-310.741
-330.173
-346.877
-360.364
-370.262
-376.2
-378.015
-375.737
-369.618
-360.032
-347.417
-332.306
-315.071
-295.774
-274.243
-250.562
-225.276
-198.453
-170.384
-141.974
-112.399
-82.4213
-48.384
-19.109
56.5448
70.204
84.2674
97.9599
110.016
120.535
129.002
134.88
138.184
139.16
138.083
135.302
131.059
125.527
118.867
111.163
102.499
92.962
82.6375
71.6142
60.0003
47.93
35.5552
23.1288
11.0313
-0.31168
-10.565
-19.556
-27.1804
-33.3229
-37.8845
-40.8259
-42.0743
-41.5691
-39.2638
-34.7863
-28.0786
-17.2726
-4.20194
36.4634
21.1814
3.31138
-16.434
-36.8669
-58.9919
-82.1423
-105.79
-130.004
-154.423
-178.821
-203.086
-226.926
-250.066
-272.179
-292.839
-311.591
-327.979
-341.517
-351.847
-358.591
-361.513
-360.598
-355.998
-348.006
-336.949
-323.247
-307.263
-289.109
-268.693
-246.121
-221.871
-195.978
-168.686
-140.842
-111.776
-82.342
-49.2447
-20.8224
50.2412
63.0735
76.3279
89.2874
100.748
110.837
119.045
124.858
128.296
129.583
128.979
126.795
123.264
118.548
112.778
106.012
98.3039
89.7193
80.3135
70.1619
59.3585
48.0186
36.2926
24.4143
12.7604
1.73644
-8.33733
-17.2559
-24.8882
-31.1031
-35.7925
-38.9043
-40.3596
-40.0925
-38.0355
-33.8214
-27.388
-17.0937
-4.84542
31.302
16.9441
0.167627
-18.3641
-37.4683
-58.1302
-79.7099
-101.692
-124.198
-146.877
-169.541
-192.122
-214.354
-236.018
-256.832
-276.444
-294.432
-310.373
-323.813
-334.371
-341.714
-345.54
-345.782
-342.533
-335.986
-326.383
-314.05
-299.309
-282.308
-263.011
-241.529
-218.31
-193.357
-166.868
-139.64
-111.116
-82.2434
-50.1166
-22.5869
44.2704
56.3543
68.8888
81.1725
92.0922
101.771
109.731
115.454
118.968
120.499
120.276
118.596
115.668
111.646
106.654
100.729
93.901
86.2073
77.6862
68.387
58.3931
47.8051
36.7504
25.4529
14.2685
3.59868
-6.2452
-15.0511
-22.6574
-28.9201
-33.717
-36.9807
-38.6297
-38.5904
-36.7819
-32.8409
-26.7057
-16.9502
-5.50744
26.3912
12.8743
-2.9148
-20.3146
-38.2267
-57.569
-77.7247
-98.2238
-119.163
-140.253
-161.327
-182.338
-203.07
-223.328
-242.879
-261.415
-278.58
-293.98
-307.189
-317.827
-325.572
-330.115
-331.333
-329.255
-324.015
-315.759
-304.733
-291.217
-275.36
-257.176
-236.792
-214.593
-190.581
-164.925
-138.345
-110.414
-82.139
-51.0178
-24.4038
38.6348
50.0487
61.9115
73.5847
84.0035
93.2897
100.998
106.629
110.181
111.888
111.976
110.712
108.302
104.877
100.558
95.3776
89.348
82.4846
74.8008
66.3308
57.1327
47.2969
36.933
26.2382
15.5576
5.2721
-4.30506
-12.9531
-20.4993
-26.7809
-31.6652
-35.065
-36.8929
-37.073
-35.5071
-31.8484
-26.0319
-16.8373
-6.18472
21.7567
8.98637
-5.90246
-22.2816
-39.0731
-57.2171
-76.0928
-95.2305
-114.766
-134.4
-154.01
-173.568
-192.887
-211.82
-230.159
-247.636
-263.935
-278.721
-291.594
-302.183
-310.184
-315.263
-317.282
-316.216
-312.133
-305.12
-295.334
-283.006
-268.285
-251.205
-231.894
-210.706
-187.642
-162.847
-136.977
-109.691
-82.0513
-51.9617
-26.2682
33.3396
44.1289
55.3747
66.4809
76.4359
85.354
92.8101
98.3245
101.902
103.741
104.069
103.152
101.179
98.2763
94.543
90.0147
84.7014
78.6005
71.7062
64.028
55.6092
46.5155
36.8447
26.7728
16.6193
6.75438
-2.52334
-10.979
-18.4261
-24.6977
-29.6442
-33.1633
-35.1565
-35.5429
-34.2185
-30.8476
-25.3681
-16.7528
-6.87643
17.3975
5.31995
-8.76325
-24.2146
-40.0044
-57.0189
-74.7146
-92.6291
-110.871
-129.19
-147.451
-165.666
-183.67
-201.345
-218.527
-234.973
-250.406
-264.521
-276.974
-287.406
-295.525
-301.005
-303.66
-303.448
-300.388
-294.501
-285.88
-274.697
-261.084
-245.096
-226.86
-206.675
-184.565
-160.661
-135.536
-108.955
-81.999
-52.9605
-28.1797
28.358
38.5768
49.2522
59.8288
69.3532
77.917
85.1275
90.5154
94.0834
96.0365
96.5586
95.9182
94.3142
91.8577
88.6444
84.6925
80.0132
74.6036
68.4411
61.5167
53.8483
45.4859
36.5022
27.0582
17.4541
8.03714
-0.903159
-9.13517
-16.4529
-22.6802
-27.6641
-31.2827
-33.4286
-34.0121
-32.9202
-29.8425
-24.7153
-16.6909
-7.57594
13.2861
1.86223
-11.4652
-26.08
-40.9539
-56.9599
-73.5488
-90.3245
-107.395
-124.497
-141.537
-158.511
-175.292
-191.785
-207.855
-223.304
-237.882
-251.312
-263.28
-273.466
-281.587
-287.337
-290.498
-290.99
-288.814
-283.946
-276.407
-266.32
-253.79
-238.872
-221.689
-202.503
-181.355
-158.365
-134.046
-108.223
-81.9899
-54.0112
-30.1281
23.677
33.3689
43.5282
53.6112
62.7128
70.9501
77.9161
83.1671
86.7061
88.7312
89.4271
89.0196
87.7162
85.6422
82.8782
79.4442
75.3323
70.5411
65.0486
58.8289
51.8802
44.2266
35.9236
27.1062
18.0608
9.11727
0.544589
-7.4264
-14.5867
-20.7433
-25.7345
-29.4316
-31.7138
-32.4834
-31.622
-28.8377
-24.075
-16.6499
-8.28013
9.41786
-1.40756
-14.019
-27.842
-41.8905
-56.9698
-72.5667
-88.2814
-104.26
-120.252
-136.153
-151.994
-167.641
-183.028
-198.047
-212.528
-226.266
-239.007
-250.46
-260.33
-268.355
-274.257
-277.799
-278.877
-277.454
-273.487
-266.948
-257.897
-246.412
-232.543
-216.404
-198.214
-178.034
-155.981
-132.496
-107.483
-82.0223
-55.108
-32.1142
19.28
28.4933
38.1671
47.8023
56.508
64.4066
71.1448
76.2557
79.746
81.8169
82.6426
82.4469
81.4021
79.6444
77.2695
74.2872
70.6906
66.4589
61.5713
56.0014
49.7304
42.7621
35.1244
26.9333
18.449
9.99098
1.81416
-5.86472
-12.8329
-18.8933
-23.869
-27.6198
-30.0218
-30.9661
-30.3278
-27.839
-23.4484
-16.6238
-8.98231
5.78718
-4.48768
-16.4464
-29.5151
-42.7775
-57.0156
-71.7023
-86.4623
-101.422
-116.378
-131.237
-146.017
-160.624
-174.983
-189.013
-202.572
-215.48
-227.528
-238.448
-247.962
-255.813
-261.767
-265.576
-267.12
-266.344
-263.169
-257.536
-249.46
-238.978
-226.129
-211.01
-193.809
-174.601
-153.5
-130.894
-106.737
-82.0841
-56.2372
-34.1259
15.1709
23.9339
33.1561
42.3565
50.6985
58.2849
64.7756
69.7517
73.1853
75.2757
76.2007
76.1719
75.3659
73.885
71.8354
69.247
66.1043
62.3857
58.0508
53.0727
47.4313
41.113
34.1239
26.5492
18.6302
10.6648
2.89952
-4.45801
-11.2036
-17.1362
-22.0735
-25.8588
-28.3597
-29.465
-29.0453
-26.8511
-22.8392
-16.6116
-9.67854
2.40409
-7.36865
-18.725
-31.1148
-43.6338
-57.0676
-70.9162
-84.7999
-98.8422
-112.833
-126.719
-140.524
-154.149
-167.558
-180.666
-193.35
-205.46
-216.813
-227.18
-236.308
-243.939
-249.86
-253.837
-255.741
-255.502
-253.024
-248.208
-241.034
-231.507
-219.644
-205.527
-189.309
-171.074
-150.936
-129.229
-105.968
-82.1666
-57.389
-36.163
11.3376
19.6757
28.461
37.2563
45.2469
52.5396
58.8009
63.6204
66.9974
69.0969
70.0922
70.1974
69.5842
68.3606
66.6001
64.3449
61.6006
58.3372
54.5129
50.0805
45.0174
39.3068
32.9369
25.9677
18.6109
11.1474
3.8047
-3.21381
-9.70834
-15.4842
-20.3544
-24.1551
-26.7398
-27.9907
-27.7795
-25.878
-22.2479
-16.6093
-10.3625
-0.745987
-10.0457
-20.8488
-32.6092
-44.4613
-57.1368
-70.1893
-83.2585
-96.4534
-109.576
-122.555
-135.448
-148.167
-160.674
-172.922
-184.786
-196.137
-206.813
-216.615
-225.324
-232.695
-238.528
-242.589
-244.756
-244.956
-243.077
-238.996
-232.653
-224.025
-213.112
-199.968
-184.719
-167.455
-148.284
-127.507
-105.176
-82.2567
-58.5529
-38.2081
7.75303
15.6939
24.0765
32.4728
40.1329
47.1429
53.1842
57.8551
61.1501
63.2564
64.3093
64.5184
64.0645
63.0534
61.5625
59.6064
57.2017
54.34
50.9719
47.0476
42.5223
37.3746
31.5878
25.2019
18.4017
11.4414
4.53484
-2.13068
-8.35563
-13.9473
-18.7234
-22.514
-25.1665
-26.5509
-26.5393
-24.9252
-21.6776
-16.6164
-11.0314
-3.69776
-12.5336
-22.8116
-33.9897
-45.2237
-57.2183
-69.521
-81.8216
-94.2267
-106.541
-118.703
-130.747
-142.619
-154.29
-165.715
-176.808
-187.44
-197.467
-206.71
-214.976
-222.047
-227.743
-231.83
-234.179
-234.724
-233.355
-229.926
-224.345
-216.56
-206.551
-194.354
-180.06
-163.76
-145.559
-125.723
-104.351
-82.3512
-59.7204
-40.2557
4.39701
11.9608
19.9591
27.9976
35.3328
42.0709
47.8979
52.4249
55.6419
57.727
58.8332
59.133
58.807
57.9726
56.7067
55.0317
52.935
50.4181
47.4548
43.9876
39.9662
35.3462
30.1045
24.2721
18.0119
11.5539
5.08913
-1.20646
-7.14589
-12.5351
-17.1914
-20.9475
-23.6466
-25.1525
-25.3319
-23.9973
-21.1282
-16.6291
-11.6799
-6.46277
-14.8709
-24.6323
-35.2519
-45.9091
-57.2704
-68.9037
-80.4814
-92.1422
-103.703
-115.099
-126.375
-137.459
-148.349
-159.009
-169.359
-179.307
-188.714
-197.415
-205.236
-211.977
-217.484
-221.545
-224.018
-224.83
-223.883
-221.025
-216.135
-209.136
-199.986
-188.698
-175.341
-159.996
-142.762
-123.888
-103.495
-82.4379
-60.88
-42.2797
1.24029
8.44657
16.0912
23.7914
30.8293
37.3018
42.9243
47.3069
50.4448
52.5071
53.6376
54.0232
53.8128
53.1239
52.0472
50.6076
48.8007
46.5995
43.9859
40.9257
37.3608
33.2385
28.512
23.202
17.4581
11.4912
5.47177
-0.444247
-6.07936
-11.2488
-15.7675
-19.466
-22.1899
-23.7994
-24.1626
-23.1017
-20.604
-16.6473
-12.305
-9.06325
-17.0544
-26.3398
-36.4134
-46.5202
-57.2869
-68.2906
-79.2248
-90.1906
-101.04
-111.722
-122.274
-132.642
-142.806
-152.75
-162.406
-171.691
-180.5
-188.677
-196.059
-202.462
-207.744
-211.723
-214.265
-215.285
-214.685
-212.318
-208.05
-201.777
-193.438
-183.024
-170.58
-156.177
-139.909
-122
-102.602
-82.5156
-62.0208
-44.2725
-1.72217
5.15567
12.4568
19.8312
26.5881
32.815
38.2361
42.4852
45.5402
47.5749
48.7253
49.1669
49.0657
48.5103
47.5911
46.3504
44.7878
42.8841
40.5933
37.8874
34.7306
31.0622
26.8253
22.013
16.7607
11.2669
5.68603
0.156531
-5.16153
-10.0914
-14.4551
-18.0792
-20.8073
-22.5023
-23.0345
-22.2394
-20.1058
-16.6684
-12.9031
-11.4898
-19.1043
-27.9261
-37.4985
-47.069
-57.2683
-67.6805
-78.0044
-88.3485
-98.5399
-108.551
-118.428
-128.117
-137.616
-146.894
-155.9
-164.563
-172.787
-180.451
-187.404
-193.468
-198.507
-202.363
-204.915
-206.087
-205.777
-203.833
-200.115
-194.509
-186.93
-177.35
-165.792
-152.313
-137.002
-120.067
-101.673
-82.5678
-63.1288
-46.2084
-4.48036
2.07273
9.04183
16.1005
22.5841
28.5811
33.8167
37.9309
40.9126
42.9148
44.0773
44.5685
44.546
44.1167
43.3438
42.2705
40.9153
39.2637
37.2773
34.9005
32.1014
28.8409
25.0536
20.7185
15.9387
10.8983
5.74265
0.597392
-4.39379
-9.0693
-13.2575
-16.7904
-19.5077
-21.2704
-21.9568
-21.4147
-19.636
-16.6946
-13.472
-13.7377
-20.9998
-29.404
-38.4945
-47.5733
-57.2237
-67.0703
-76.8222
-86.575
-96.1745
-105.567
-114.812
-123.868
-132.734
-141.398
-149.798
-157.877
-165.551
-172.709
-179.233
-184.958
-189.747
-193.457
-195.974
-197.241
-197.166
-195.586
-192.356
-187.353
-180.484
-171.697
-160.994
-148.419
-134.054
-118.088
-100.703
-82.5942
-64.1914
-48.0852
-7.06444
-0.818659
5.83433
12.5898
18.8119
24.578
29.6363
33.6295
36.5347
38.5127
39.6815
40.2127
40.2611
39.927
39.292
38.375
37.1954
35.758
34.0307
31.9645
29.4999
26.6003
23.2194
19.3258
15.0016
10.4003
5.65587
0.885935
-3.77728
-8.18645
-12.1829
-15.6044
-18.295
-20.1122
-20.9362
-20.6315
-19.1922
-16.7219
-14.0108
-15.8435
-22.7483
-30.7578
-39.4076
-48.0154
-57.162
-66.4683
-75.6739
-84.8703
-93.9063
-102.74
-111.404
-119.87
-128.146
-136.222
-144.059
-151.593
-158.749
-165.429
-171.523
-176.902
-181.434
-184.985
-187.442
-188.757
-188.858
-187.589
-184.792
-180.336
-174.122
-166.083
-156.201
-144.507
-131.073
-116.071
-99.691
-82.5739
-65.1951
-49.8828
-9.48626
-3.53527
2.82356
9.29304
15.2599
20.807
25.6819
29.5532
32.3919
34.3409
35.5236
36.0888
36.1975
35.9494
35.4205
34.6509
33.6363
32.3815
30.8747
29.074
26.9263
24.366
21.3476
17.8551
13.9556
9.78034
5.43728
1.03375
-3.30609
-7.44495
-11.2366
-14.5298
-17.1739
-19.0309
-19.9805
-19.8969
-18.7793
-16.7512
-14.5168
-17.8127
-24.382
-31.9944
-40.224
-48.4012
-57.0657
-65.8738
-74.5626
-83.2309
-91.7345
-100.034
-108.171
-116.096
-123.824
-131.353
-138.65
-145.672
-152.341
-158.571
-164.259
-169.287
-173.548
-176.926
-179.305
-180.638
-180.867
-179.853
-177.436
-173.477
-167.865
-160.528
-151.432
-140.591
-128.067
-114.017
-98.6337
-82.5102
-66.1306
-51.6016
-11.7594
-6.0772
0.007498
6.20694
11.9268
17.2532
21.9545
25.6952
28.4615
30.3874
31.5779
32.184
32.3463
32.1731
31.7403
31.086
30.2265
29.1437
27.8259
26.2521
24.3759
22.1371
19.4623
16.3313
12.8195
9.04361
5.09229
1.0491
-2.97204
-6.84158
-10.4218
-13.5727
-16.1535
-18.0312
-19.0909
-19.2143
-18.3975
-16.7815
-14.99
-19.652
-25.9049
-33.1438
-40.9539
-48.7185
-56.9393
-65.273
-73.4824
-81.6535
-89.6559
-97.4514
-105.083
-112.514
-119.74
-126.763
-133.557
-140.087
-146.296
-152.099
-157.403
-162.097
-166.078
-169.263
-171.546
-172.878
-173.201
-172.393
-170.303
-166.79
-161.734
-155.053
-146.702
-136.683
-125.046
-111.931
-97.5298
-82.3855
-66.9871
-53.2248
-13.8703
-8.4304
-2.60338
3.32564
8.80313
13.9156
18.439
22.0564
24.7394
26.6326
27.8335
28.4731
28.6956
28.5906
28.242
27.6917
26.9549
26.0331
24.8946
23.5165
21.8727
19.9113
17.5624
14.7758
11.6167
8.2068
4.62445
0.935443
-2.76912
-6.37005
-9.73711
-12.7374
-15.2401
-17.1213
-18.272
-18.5855
-18.0522
-16.8154
-15.4295
-21.3414
-27.3148
-34.2048
-41.6242
-48.9819
-56.7752
-64.6665
-72.4208
-80.13
-87.6621
-94.9859
-102.141
-109.097
-115.862
-122.423
-128.753
-134.825
-140.59
-145.986
-150.923
-155.299
-159.015
-161.993
-164.155
-165.463
-165.858
-165.219
-163.408
-160.29
-155.743
-149.674
-142.028
-132.797
-122.018
-109.818
-96.3808
-82.2045
-67.7588
-54.7509
-15.7992
-10.6012
-5.03888
0.641289
5.88387
10.7826
15.1316
18.6218
21.227
23.0751
24.2741
24.948
25.2217
25.19
24.9195
24.461
23.8342
23.0414
22.0697
20.8772
19.4355
17.7124
15.6466
13.1877
10.3662
7.29162
4.04874
0.695078
-2.6961
-6.02727
-9.17816
-12.0232
-14.4382
-16.3073
-17.5302
-18.0119
-17.7402
-16.8543
-15.8393
-22.8717
-28.5933
-35.1737
-42.2316
-49.209
-56.5851
-64.0513
-71.3777
-78.6471
-85.7414
-92.6247
-99.3366
-105.847
-112.168
-118.3
-124.206
-129.857
-135.21
-140.212
-144.795
-148.866
-152.327
-155.107
-157.134
-158.39
-158.83
-158.333
-156.763
-153.994
-149.909
-144.408
-137.426
-128.945
-118.993
-107.682
-95.1846
-81.9533
-68.436
-56.1642
-17.5807
-12.6235
-7.30507
-1.86869
3.15992
7.85353
12.0251
15.3859
17.9086
19.7165
20.9003
21.5935
21.917
21.9494
21.7612
21.3883
20.859
20.1814
19.344
18.3241
17.0747
15.56
13.7386
11.5664
9.06695
6.31508
3.38526
0.341269
-2.75146
-5.81308
-8.74377
-11.4278
-13.7478
-15.5935
-16.8717
-17.4998
-17.4646
-16.8984
-16.2191
-24.289
-29.7407
-36.0353
-42.7686
-49.396
-56.3826
-63.4367
-70.3541
-77.2079
-83.8835
-90.3547
-96.6534
-102.751
-108.657
-114.376
-119.887
-125.152
-130.128
-134.765
-139.005
-142.776
-145.99
-148.579
-150.474
-151.66
-152.115
-151.732
-150.373
-147.915
-144.245
-139.267
-132.908
-125.14
-115.981
-105.529
-93.9456
-81.6368
-69.0145
-57.4605
-19.2466
-14.5118
-9.42056
-4.21028
0.611525
5.11808
9.11808
12.3449
14.7799
16.5407
17.713
18.4121
18.7696
18.8626
18.7466
18.4624
18.0245
17.4489
16.7317
15.8515
14.7802
13.4647
11.8586
9.93524
7.71941
5.27587
2.64903
-0.107561
-2.92381
-5.72726
-8.43539
-10.9513
-13.1674
-14.9796
-16.299
-17.0524
-17.2273
-16.9482
-16.5735
-25.6177
-30.8077
-36.7993
-43.2229
-49.534
-56.1625
-62.8338
-69.3565
-75.8135
-82.0926
-88.168
-94.0787
-99.7927
-105.316
-110.65
-115.78
-120.682
-125.312
-129.616
-133.54
-137.02
-139.989
-142.39
-144.155
-145.271
-145.72
-145.418
-144.239
-142.058
-138.765
-134.266
-128.487
-121.393
-112.991
-103.365
-92.6623
-81.2442
-69.4873
-58.631
-20.804
-16.2746
-11.3967
-6.4015
-1.77466
2.55558
6.40249
9.49824
11.8379
13.5438
14.6971
15.4052
15.7833
15.9202
15.8711
15.6644
15.3199
14.8405
14.2293
13.4741
12.5485
11.4168
10.0173
8.31511
6.34641
4.17515
1.838
-0.638621
-3.19648
-5.75992
-8.25315
-10.5961
-12.6983
-14.4649
-15.8124
-16.673
-17.0324
-17.0074
-16.9012
-26.8572
-31.8057
-37.5061
-43.6096
-49.6166
-55.9173
-62.235
-68.3913
-74.4685
-80.3693
-86.0698
-91.6062
-96.9571
-102.125
-107.106
-111.883
-116.436
-120.738
-124.735
-128.371
-131.585
-134.315
-136.525
-138.16
-139.205
-139.643
-139.398
-138.365
-136.429
-133.477
-129.417
-124.177
-117.715
-110.032
-101.196
-91.3392
-80.781
-69.8529
-59.6704
-22.2584
-17.9214
-13.2455
-8.45529
-4.01558
0.147259
3.85338
6.83738
9.08388
10.7255
11.8499
12.558
12.959
13.1261
13.1263
12.9906
12.7277
12.3453
11.8344
11.1898
10.3939
9.41443
8.20514
6.71557
4.96837
3.03495
0.954133
-1.25448
-3.55877
-5.89606
-8.18872
-10.3627
-12.3432
-14.0511
-15.4107
-16.3606
-16.8814
-17.0792
-17.2111
-28.0037
-32.73
-38.1607
-43.9612
-49.6591
-55.6438
-61.6351
-67.4519
-73.1757
-78.717
-84.0608
-89.2423
-94.2416
-99.0703
-103.723
-108.177
-112.41
-116.396
-120.101
-123.471
-126.443
-128.957
-130.98
-132.479
-133.448
-133.87
-133.672
-132.759
-131.032
-128.387
-124.73
-119.987
-114.116
-107.111
-99.0259
-89.9766
-80.2397
-70.1071
-60.5793
-23.6022
-19.4608
-14.9928
-10.3945
-6.12707
-2.12187
1.45111
4.33535
6.50801
8.0872
9.17183
9.86884
10.2827
10.4815
10.5178
10.4347
10.2453
9.94749
9.53697
8.99676
8.31594
7.47179
6.42152
5.12791
3.59367
1.87507
0.0185866
-1.95251
-4.01351
-6.12686
-8.22855
-10.2437
-12.1029
-13.741
-15.0962
-16.1145
-16.7747
-17.1667
-17.5027
-29.0531
-33.5702
-38.754
-44.2768
-49.6847
-55.3545
-61.0309
-66.5339
-71.9297
-77.1361
-82.1423
-86.9874
-91.6532
-96.1525
-100.49
-104.643
-108.583
-112.281
-115.705
-118.82
-121.568
-123.887
-125.744
-127.108
-127.992
-128.389
-128.229
-127.421
-125.874
-123.501
-120.21
-115.926
-110.605
-104.236
-96.8618
-88.5799
-79.6268
-70.2523
-61.3516
-24.8536
-20.9072
-16.6427
-12.233
-8.12527
-4.26605
-0.818227
1.97257
4.08257
5.61854
6.66502
7.33952
7.75354
7.97327
8.04648
8.00314
7.86831
7.6454
7.3221
6.88546
6.31371
5.58912
4.68047
3.5525
2.21469
0.703209
-0.949192
-2.71215
-4.55744
-6.45522
-8.36539
-10.227
-11.9707
-13.5355
-14.8714
-15.937
-16.7114
-17.2714
-17.7856
-30.0297
-34.3309
-39.2784
-44.544
-49.6855
-55.0624
-60.433
-65.6347
-70.7269
-75.6223
-80.3131
-84.8402
-89.1913
-93.3786
-97.4087
-101.269
-104.935
-108.372
-111.542
-114.412
-116.943
-119.08
-120.788
-122.035
-122.833
-123.195
-123.061
-122.344
-120.958
-118.825
-115.863
-112.002
-107.191
-101.416
-94.7088
-87.1506
-78.9401
-70.2877
-61.9962
-26.0345
-22.2699
-18.1856
-13.9639
-10.0189
-6.2965
-2.96533
-0.263321
1.78798
3.29084
4.31794
4.97215
5.37487
5.60191
5.70053
5.69706
5.6042
5.43672
5.18959
4.84283
4.3779
3.76726
2.98436
2.00367
0.833391
-0.487502
-1.9426
-3.51479
-5.17072
-6.87726
-8.60215
-10.3068
-11.9357
-13.4281
-14.737
-15.8306
-16.694
-17.3933
-18.0575
-30.948
-35.0354
-39.7416
-44.7561
-49.6511
-54.7581
-59.8458
-64.7603
-69.5637
-74.1709
-78.5687
-82.7986
-86.8528
-90.7468
-94.4859
-98.0611
-101.459
-104.648
-107.588
-110.239
-112.563
-114.524
-116.092
-117.235
-117.963
-118.285
-118.162
-117.522
-116.281
-114.363
-111.697
-108.219
-103.879
-98.6562
-92.573
-85.6951
-78.1863
-70.2189
-62.5056
-27.1371
-23.5368
-19.6301
-15.5837
-11.8011
-8.2207
-5.00004
-2.38049
-0.385419
1.08566
2.10228
2.7541
3.14853
3.37177
3.48142
3.50574
3.45439
3.33016
3.13902
2.86962
2.49742
1.99767
1.33436
0.485255
-0.535924
-1.69377
-2.96764
-4.35475
-5.83577
-7.37405
-8.93444
-10.4858
-11.9932
-13.4094
-14.6873
-15.7962
-16.7255
-17.5364
-18.326
-31.7961
-35.6926
-40.1635
-44.9245
-49.5772
-54.4321
-59.2587
-63.9081
-68.4401
-72.777
-76.9051
-80.8595
-84.6354
-88.2526
-91.7192
-95.025
-98.1601
-101.106
-103.826
-106.278
-108.42
-110.213
-111.644
-112.69
-113.357
-113.65
-113.534
-112.952
-111.836
-110.113
-107.716
-104.584
-100.675
-95.9627
-90.4601
-84.2174
-77.3675
-70.0473
-62.8951
-28.1548
-24.71
-20.9685
-17.0965
-13.4718
-10.0334
-6.92865
-4.38813
-2.44499
-1.00475
0.00102143
0.657841
1.06117
1.2842
1.39427
1.43144
1.40905
1.32726
1.18057
0.967904
0.674364
0.270447
-0.277357
-1.00124
-1.88873
-2.90123
-4.02001
-5.23756
-6.54784
-7.92909
-9.34414
-10.7591
-12.1459
-13.4757
-14.7138
-15.829
-16.8074
-17.704
-18.5911
-32.568
-36.2885
-40.5472
-45.0665
-49.4775
-54.0835
-58.6625
-63.0668
-67.3494
-71.4359
-75.3146
-79.0169
-82.5359
-85.8932
-89.1023
-92.1567
-95.0444
-97.7503
-100.252
-102.513
-104.489
-106.136
-107.438
-108.389
-108.998
-109.269
-109.164
-108.633
-107.623
-106.073
-103.919
-101.103
-97.5853
-93.3415
-88.3758
-82.7243
-76.4906
-69.7809
-63.1564
-29.0861
-25.7926
-22.2141
-18.5045
-15.0334
-11.7361
-8.7487
-6.29184
-4.39885
-2.9866
-1.99205
-1.33224
-0.914173
-0.675092
-0.560211
-0.520138
-0.528533
-0.580683
-0.684298
-0.851367
-1.08725
-1.41081
-1.85898
-2.46311
-3.22351
-4.10505
-5.08533
-6.1574
-7.31153
-8.53839
-9.81596
-11.1096
-12.3887
-13.6299
-14.8146
-15.9224
-16.9369
-17.8999
-18.862
-33.2645
-36.8207
-40.8834
-45.1837
-49.3644
-53.7249
-58.0597
-62.2296
-66.2801
-70.1369
-73.7871
-77.26
-80.5463
-83.6652
-86.6327
-89.4491
-92.1065
-94.5878
-96.8738
-98.942
-100.756
-102.271
-103.464
-104.325
-104.875
-105.124
-105.034
-104.555
-103.639
-102.241
-100.305
-97.776
-94.6148
-90.7985
-86.3259
-81.2206
-75.5609
-69.4232
-63.31
-29.9349
-26.7904
-23.3736
-19.8214
-16.4911
-13.3286
-10.4598
-8.09101
-6.25293
-4.86783
-3.88273
-3.22106
-2.79156
-2.53206
-2.39686
-2.34847
-2.35225
-2.39
-2.46351
-2.58661
-2.77533
-3.03988
-3.4053
-3.90615
-4.54582
-5.30324
-6.158
-7.09985
-8.11989
-9.20572
-10.3467
-11.5235
-12.7055
-13.8667
-14.9923
-16.0755
-17.1087
-18.1222
-19.1395
-33.8991
-37.293
-41.172
-45.2684
-49.2389
-53.3663
-57.462
-61.401
-65.2281
-68.8698
-72.3101
-75.5748
-78.653
-81.5588
-84.3064
-86.8997
-89.3386
-91.611
-93.696
-95.5739
-97.2215
-98.6045
-99.6981
-100.485
-100.982
-101.206
-101.13
-100.702
-99.8773
-98.6155
-96.8728
-94.6028
-91.7658
-88.3384
-84.3164
-79.7137
-74.586
-68.9848
-63.3484
-30.7237
-27.7209
-24.4484
-21.0464
-17.8548
-14.8181
-12.0623
-9.7835
-8.00661
-6.65444
-5.67899
-5.01419
-4.57471
-4.29878
-4.14033
-4.06907
-4.06212
-4.09416
-4.15291
-4.24529
-4.38896
-4.60419
-4.90796
-5.32327
-5.85934
-6.49976
-7.23568
-8.05894
-8.9586
-9.92313
-10.9394
-11.9983
-13.0838
-14.1712
-15.2419
-16.2917
-17.3234
-18.3682
-19.4271
-34.4894
-37.7223
-41.4195
-45.3214
-49.0957
-53.0086
-56.8786
-60.5923
-64.1992
-67.632
-70.8745
-73.9475
-76.8384
-79.5567
-82.1111
-84.5035
-86.7384
-88.8121
-90.7101
-92.4112
-93.8948
-95.1394
-96.1291
-96.85
-97.3064
-97.5097
-97.4417
-97.061
-96.3235
-95.1898
-93.6221
-91.5831
-89.0389
-85.9649
-82.3533
-78.2104
-73.5736
-68.4708
-63.2949
-31.4594
-28.5876
-25.453
-22.1897
-19.1274
-16.2122
-13.5626
-11.37
-9.65753
-8.34581
-7.38651
-6.71949
-6.26896
-5.97818
-5.80114
-5.70529
-5.67411
-5.69377
-5.7457
-5.82273
-5.9346
-6.10291
-6.35426
-6.705
-7.15549
-7.69587
-8.32086
-9.03211
-9.82152
-10.6766
-11.5854
-12.5363
-13.5223
-14.5326
-15.5502
-16.5664
-17.5845
-18.639
-19.7206
-35.0364
-38.1193
-41.6394
-45.3503
-48.9387
-52.6502
-56.3104
-59.8111
-63.2038
-66.4306
-69.4799
-72.371
-75.0887
-77.6392
-80.0261
-82.2453
-84.2991
-86.1883
-87.9081
-89.4449
-90.7767
-91.8843
-92.763
-93.4093
-93.8292
-94.0223
-93.9644
-93.6242
-92.9666
-91.9527
-90.5467
-88.7164
-86.4347
-83.6804
-80.4419
-76.7185
-72.5321
-67.894
-63.1443
-32.14
-29.392
-26.3929
-23.2634
-20.3208
-17.5178
-14.9689
-12.857
-11.206
-9.93874
-9.00412
-8.34211
-7.88214
-7.57554
-7.38145
-7.26632
-7.21038
-7.20505
-7.24288
-7.3118
-7.40736
-7.54242
-7.7442
-8.03909
-8.42406
-8.88232
-9.41323
-10.0207
-10.7058
-11.4601
-12.2709
-13.128
-14.0223
-14.9502
-15.9078
-16.8881
-17.8888
-18.9393
-20.0248
-35.5396
-38.4829
-41.8368
-45.366
-48.7734
-52.2948
-55.7578
-59.0592
-62.249
-65.276
-68.1347
-70.8468
-73.3985
-75.7929
-78.0304
-80.102
-82.0029
-83.7316
-85.2875
-86.6673
-87.8578
-88.8394
-89.6073
-90.1699
-90.5424
-90.725
-90.6845
-90.3843
-89.7976
-88.8935
-87.637
-85.9982
-83.954
-81.4874
-78.5867
-75.2448
-71.4709
-67.2603
-62.92
-32.774
-30.1479
-27.2717
-24.2702
-21.445
-18.7463
-16.2893
-14.2528
-12.659
-11.434
-10.5282
-9.88021
-9.4188
-9.09877
-8.88668
-8.75364
-8.6784
-8.64857
-8.66082
-8.71404
-8.79986
-8.91719
-9.08356
-9.32619
-9.65403
-10.0489
-10.5028
-11.0225
-11.6118
-12.2701
-12.9896
-13.7602
-14.574
-15.4251
-16.3155
-17.25
-18.2273
-19.2671
-20.3438
-36.0037
-38.8119
-42.0098
-45.3694
-48.6065
-51.9456
-55.223
-58.3385
-61.3378
-64.1749
-66.8487
-69.3838
-71.771
-74.0144
-76.1117
-78.052
-79.8249
-81.4214
-82.8381
-84.0753
-85.1306
-85.9944
-86.6609
-87.1382
-87.452
-87.6108
-87.5841
-87.3274
-86.8084
-86.0032
-84.8838
-83.4212
-81.5943
-79.3881
-76.7921
-73.796
-70.3981
-66.5838
-62.6196
-33.3613
-30.849
-28.0974
-25.2174
-22.5021
-19.9059
-17.535
-15.5659
-14.0245
-12.8384
-11.9599
-11.33
-10.8763
-10.5515
-10.3242
-10.1723
-10.079
-10.0304
-10.0186
-10.0457
-10.114
-10.2196
-10.3662
-10.571
-10.8459
-11.1849
-11.5786
-12.0268
-12.5349
-13.1053
-13.7377
-14.4266
-15.1646
-15.9473
-16.7738
-17.6534
-18.5951
-19.6166
-20.6783
-36.428
-39.1092
-42.1581
-45.3577
-48.4344
-51.6039
-54.7074
-57.6493
-60.4718
-63.1308
-65.628
-67.9913
-70.2157
-72.3085
-74.269
-76.0847
-77.7435
-79.2315
-80.537
-81.657
-82.5919
-83.3428
-83.9143
-84.313
-84.5643
-84.6863
-84.658
-84.4377
-83.9862
-83.274
-82.279
-80.9784
-79.3509
-77.3821
-75.0615
-72.3775
-69.3219
-65.8701
-62.2641
-33.902
-31.5013
-28.8675
-26.106
-23.4978
-20.9978
-18.7115
-16.8068
-15.3115
-14.1599
-13.3062
-12.6932
-12.2508
-11.9299
-11.6966
-11.5292
-11.417
-11.3506
-11.3208
-11.3244
-11.3659
-11.4519
-11.5839
-11.7664
-12.0026
-12.2903
-12.6305
-13.022
-13.4637
-13.9601
-14.513
-15.1233
-15.7887
-16.5055
-17.2739
-18.0998
-18.995
-19.984
-21.0226
-36.8153
-39.3742
-42.2832
-45.3293
-48.2556
-51.265
-54.2075
-56.9898
-59.6496
-62.1444
-64.4764
-66.6755
-68.7414
-70.6849
-72.5082
-74.2009
-75.7504
-77.1411
-78.3573
-79.3873
-80.2277
-80.8813
-81.3617
-81.6861
-81.879
-81.9582
-81.9133
-81.7125
-81.3185
-80.6954
-79.8167
-78.6634
-77.2184
-75.4663
-73.396
-70.9947
-68.2495
-65.1325
-61.8548
-34.4044
-32.1101
-29.5882
-26.9373
-24.4316
-22.0267
-19.8211
-17.9793
-16.5285
-15.407
-14.5745
-13.9764
-13.5442
-13.2304
-12.9993
-12.8257
-12.6985
-12.6138
-12.5668
-12.553
-12.5713
-12.6298
-12.7394
-12.9039
-13.1161
-13.3666
-13.6582
-13.9986
-14.3874
-14.823
-15.3087
-15.8478
-16.4429
-17.0951
-17.8056
-18.5807
-19.4284
-20.3735
-21.3755
-37.1698
-39.6108
-42.3844
-45.2858
-48.0682
-50.9272
-53.7181
-56.3527
-58.8651
-61.2114
-63.3933
-65.4395
-67.3541
-69.1519
-70.8385
-72.4072
-73.8476
-75.1439
-76.2797
-77.2394
-78.0113
-78.5935
-78.9991
-79.2525
-79.3886
-79.4263
-79.3565
-79.1584
-78.8034
-78.2572
-77.4874
-76.4708
-75.1919
-73.6376
-71.7951
-69.6503
-67.1878
-64.3762
-61.4087
-34.8664
-32.6712
-30.2586
-27.7181
-25.3086
-22.9924
-20.8662
-19.0857
-17.679
-16.5869
-15.7724
-15.1864
-14.763
-14.4552
-14.2288
-14.0568
-13.9241
-13.8254
-13.7607
-13.7301
-13.7314
-13.7667
-13.8474
-13.9867
-14.1786
-14.4053
-14.6619
-14.9566
-15.2973
-15.6836
-16.1141
-16.5926
-17.1239
-17.713
-18.3651
-19.0876
-19.8885
-20.7871
-21.742
-37.494
-39.8222
-42.465
-45.2269
-47.8744
-50.5895
-53.2369
-55.7327
-58.1091
-60.3227
-62.3715
-64.281
-66.0559
-67.7145
-69.2676
-70.7124
-72.042
-73.2432
-74.2995
-75.1954
-75.9156
-76.451
-76.8075
-77.0064
-77.0881
-77.0832
-76.9865
-76.7805
-76.4464
-75.9577
-75.2825
-74.3922
-73.2663
-71.8921
-70.2575
-68.3465
-66.1419
-63.6125
-60.9295
-35.2953
-33.1962
-30.8814
-28.4437
-26.132
-23.9017
-21.849
-20.128
-18.7647
-17.7025
-16.906
-16.3299
-15.9133
-15.6108
-15.3881
-15.2195
-15.088
-14.9845
-14.9068
-14.8591
-14.844
-14.8623
-14.9195
-15.0286
-15.1935
-15.3993
-15.6331
-15.8952
-16.1931
-16.5342
-16.9189
-17.3472
-17.8236
-18.3552
-18.9495
-19.6175
-20.3682
-21.2197
-22.126
-37.791
-40.0113
-42.5284
-45.1567
-47.673
-50.2529
-52.7639
-55.1278
-57.3763
-59.468
-61.399
-63.1894
-64.8417
-66.3735
-67.7997
-69.1234
-70.3417
-71.4454
-72.4207
-73.2519
-73.9247
-74.4269
-74.7566
-74.9257
-74.9694
-74.9236
-74.7974
-74.5783
-74.2526
-73.8017
-73.2011
-72.4207
-71.4354
-70.2264
-68.7811
-67.0841
-65.1158
-62.8454
-60.4308
-35.6901
-33.6785
-31.4581
-29.1196
-26.8993
-24.7556
-22.7753
-21.1094
-19.7877
-18.7553
-17.9778
-17.4122
-17.0008
-16.7022
-16.4829
-16.3168
-16.1877
-16.0854
-16.0035
-15.9437
-15.9119
-15.9137
-15.9534
-16.0385
-16.1732
-16.352
-16.5648
-16.805
-17.0726
-17.3737
-17.7161
-18.1014
-18.5318
-19.0132
-19.5545
-20.168
-20.8658
-21.666
-22.5227
-38.0559
-40.1783
-42.5779
-45.0783
-47.4691
-49.9176
-52.2994
-54.5389
-56.6658
-58.6421
-60.4648
-62.1509
-63.6985
-65.1215
-66.4337
-67.6427
-68.7522
-69.7576
-70.6489
-71.413
-72.0363
-72.5069
-72.8204
-72.9801
-73.0093
-72.9393
-72.7845
-72.5484
-72.2229
-71.7957
-71.2486
-70.5575
-69.6945
-68.6362
-67.3647
-65.8632
-64.1123
-62.0821
-59.9146
-36.0413
-34.1125
-31.9877
-29.7459
-27.6144
-25.5529
-23.6457
-22.0349
-20.7519
-19.7477
-18.9896
-18.4356
-18.0302
-17.7341
-17.5173
-17.3536
-17.2264
-17.1259
-17.0451
-16.9816
-16.9382
-16.9234
-16.9459
-17.0126
-17.1236
-17.2736
-17.4601
-17.6794
-17.926
-18.199
-18.5039
-18.8493
-19.2391
-19.6772
-20.1714
-20.7343
-21.3787
-22.1249
-22.9284
-38.2855
-40.3186
-42.6123
-44.9943
-47.2651
-49.5883
-51.8456
-53.966
-55.978
-57.8449
-59.5647
-61.1546
-62.6109
-63.9426
-65.1593
-66.2674
-67.275
-68.184
-68.9897
-69.6835
-70.2538
-70.6894
-70.9862
-71.1448
-71.1785
-71.1067
-70.9397
-70.6872
-70.3564
-69.9423
-69.432
-68.8082
-68.046
-67.1199
-66.0063
-64.6845
-63.1332
-61.3252
-59.3875
-36.3578
-34.516
-32.4802
-30.3258
-28.2775
-26.295
-24.4584
-22.9044
-21.6615
-20.6838
-19.9436
-19.4019
-19.0037
-18.7108
-18.4952
-18.3335
-18.2084
-18.1094
-18.0299
-17.967
-17.9199
-17.8937
-17.8989
-17.9473
-18.0397
-18.1678
-18.3278
-18.5217
-18.7476
-19.0003
-19.2788
-19.5888
-19.9399
-20.3386
-20.7911
-21.3082
-21.9027
-22.5949
-23.3434
-38.4915
-40.4338
-42.628
-44.9017
-47.0637
-49.2682
-51.4063
-53.4125
-55.3139
-57.0769
-58.6992
-60.1974
-61.5691
-62.8214
-63.9592
-64.9849
-65.9047
-66.7246
-67.4467
-68.0678
-68.5809
-68.9773
-69.2527
-69.4084
-69.4535
-69.3969
-69.2391
-68.9852
-68.6495
-68.2407
-67.7551
-67.1795
-66.4959
-65.68
-64.706
-63.5477
-62.1808
-60.5778
-58.8529
-36.6511
-34.8881
-32.9374
-30.868
-28.8947
-26.9847
-25.2149
-23.7161
-22.5157
-21.567
-20.844
-20.3132
-19.9227
-19.6345
-19.4207
-19.2597
-19.1365
-19.0396
-18.9613
-18.8991
-18.8519
-18.8216
-18.8149
-18.8451
-18.9188
-19.0292
-19.1694
-19.3389
-19.5403
-19.7724
-20.031
-20.3155
-20.6325
-20.9932
-21.4061
-21.8813
-22.4301
-23.0717
-23.7673
-38.6833
-40.5358
-42.629
-44.7998
-46.8612
-48.9584
-50.9851
-52.8817
-54.6771
-56.34
-57.8693
-59.2804
-60.5711
-61.7492
-62.8181
-63.7767
-64.6268
-65.372
-66.0179
-66.5681
-67.0212
-67.3731
-67.6218
-67.7689
-67.8226
-67.787
-67.6535
-67.418
-67.0906
-66.6872
-66.2169
-65.6758
-65.0508
-64.323
-63.4671
-62.4541
-61.2555
-59.8423
-58.3138
-36.9241
-35.2339
-33.3584
-31.3698
-29.472
-27.6287
-25.9195
-24.472
-23.3131
-22.3963
-21.6937
-21.1737
-20.7898
-20.5066
-20.2962
-20.1363
-20.0134
-19.9184
-19.8421
-19.7807
-19.7336
-19.7022
-19.6907
-19.7083
-19.7636
-19.8557
-19.9794
-20.131
-20.3099
-20.5183
-20.7561
-21.0204
-21.3123
-21.6389
-22.0135
-22.4482
-22.9539
-23.5486
-24.1947
-38.8599
-40.6297
-42.6251
-44.6931
-46.6587
-48.6556
-50.5811
-52.377
-54.0715
-55.638
-57.077
-58.4046
-59.6183
-60.725
-61.7293
-62.629
-63.4228
-64.1104
-64.6946
-65.1815
-65.5762
-65.8801
-66.096
-66.2278
-66.2834
-66.2652
-66.1608
-65.9575
-65.6562
-65.2698
-64.8139
-64.2972
-63.7156
-63.0554
-62.2953
-61.4072
-60.3594
-59.1201
-57.7734
-37.1743
-35.5494
-33.7455
-31.8323
-30.0065
-28.2311
-26.5794
-25.1779
-24.0567
-23.1703
-22.4911
-21.9857
-21.6088
-21.3296
-21.1227
-20.9655
-20.8434
-20.7485
-20.674
-20.6146
-20.5677
-20.5355
-20.5217
-20.5332
-20.5755
-20.6498
-20.7558
-20.8917
-21.0543
-21.242
-21.4567
-21.6999
-21.9708
-22.2719
-22.6119
-23.0065
-23.4698
-24.0193
-24.619
-39.0146
-40.7115
-42.6181
-44.5896
-46.4596
-48.361
-50.1921
-51.8962
-53.4985
-54.9742
-56.3265
-57.5725
-58.7117
-59.7506
-60.6924
-61.5364
-62.2805
-62.922
-63.4602
-63.8979
-64.242
-64.4997
-64.6784
-64.7876
-64.8374
-64.8297
-64.7505
-64.5835
-64.3208
-63.9667
-63.5352
-63.041
-62.4917
-61.8827
-61.198
-60.4128
-59.4964
-58.4139
-57.2336
-37.3933
-35.8287
-34.0952
-32.2577
-30.5005
-28.7895
-27.1964
-25.8401
-24.7531
-23.8933
-23.2355
-22.7475
-22.3818
-22.107
-21.9024
-21.7479
-21.6283
-21.5342
-21.4595
-21.4016
-21.3564
-21.3237
-21.3076
-21.3151
-21.3504
-21.4121
-21.501
-21.6197
-21.7673
-21.9401
-22.1357
-22.3563
-22.6053
-22.8841
-23.197
-23.5555
-23.9766
-24.4807
-25.035
-39.1447
-40.7759
-42.6043
-44.4881
-46.2699
-48.0777
-49.8187
-51.4374
-52.9559
-54.3488
-55.6201
-56.788
-57.8544
-58.8272
-59.7094
-60.4994
-61.1961
-61.7967
-62.2982
-62.7008
-63.0078
-63.2269
-63.3705
-63.4521
-63.488
-63.482
-63.4209
-63.2862
-63.0657
-62.7553
-62.3612
-61.8974
-61.3775
-60.8078
-60.1811
-59.4789
-58.6725
-57.7275
-56.6971
-37.5877
-36.0901
-34.4259
-32.6519
-30.9573
-29.307
-27.7696
-26.459
-25.4068
-24.5713
-23.9312
-23.4582
-23.1062
-22.8406
-22.639
-22.4859
-22.3686
-22.2768
-22.203
-22.1445
-22.1003
-22.0687
-22.0509
-22.0544
-22.0841
-22.1385
-22.2155
-22.3177
-22.4485
-22.6068
-22.7886
-22.9914
-23.2179
-23.4734
-23.762
-24.0913
-24.4735
-24.9322
-25.4408
-39.263
-40.8261
-42.5807
-44.3852
-46.0868
-47.8091
-49.4641
-51.0009
-52.4409
-53.759
-54.9571
-56.053
-57.0503
-57.9582
-58.782
-59.5198
-60.1704
-60.7313
-61.2001
-61.5749
-61.857
-62.0501
-62.166
-62.2218
-62.2381
-62.2251
-62.1728
-62.0632
-61.8813
-61.6179
-61.2714
-60.8492
-60.3648
-59.8304
-59.2493
-58.6118
-57.895
-57.0659
-56.1669
-37.773
-36.3362
-34.7351
-33.0251
-31.3859
-29.7894
-28.3034
-27.0352
-26.0177
-25.2071
-24.5834
-24.1225
-23.7814
-23.5271
-23.3338
-23.1829
-23.0665
-22.9767
-22.9052
-22.8474
-22.8022
-22.7708
-22.7533
-22.7536
-22.7778
-22.8255
-22.8949
-22.9857
-23.1004
-23.242
-23.4096
-23.5993
-23.8088
-24.0417
-24.3054
-24.6074
-24.9576
-25.374
-25.8362
-39.3795
-40.8744
-42.553
-44.2801
-45.9084
-47.5527
-49.1283
-50.5886
-51.9538
-53.202
-54.3345
-55.3663
-56.3008
-57.1479
-57.9138
-58.5998
-59.2049
-59.7268
-60.1632
-60.5129
-60.7753
-60.9526
-61.0523
-61.0897
-61.0876
-61.0617
-61.0089
-60.915
-60.7644
-60.5448
-60.2492
-59.8775
-59.4379
-58.9429
-58.402
-57.8155
-57.169
-56.4344
-55.6464
-37.9502
-36.5654
-35.0215
-33.3724
-31.7906
-30.2451
-28.8052
-27.5741
-26.5873
-25.7994
-25.1929
-24.7443
-24.4122
-24.1661
-23.9826
-23.8397
-23.7251
-23.6358
-23.5662
-23.5106
-23.4661
-23.4331
-23.4148
-23.4141
-23.4338
-23.4748
-23.5365
-23.6192
-23.7225
-23.8483
-23.9992
-24.1746
-24.3715
-24.5879
-24.8284
-25.1034
-25.4231
-25.8031
-26.2213
-39.4888
-40.9231
-42.5293
-44.1799
-45.7354
-47.3065
-48.8096
-50.1992
-51.4951
-52.678
-53.7499
-54.7251
-55.605
-56.3978
-57.1097
-57.7437
-58.3024
-58.7845
-59.188
-59.512
-59.7559
-59.9212
-60.0131
-60.0425
-60.0294
-59.9918
-59.9325
-59.8449
-59.7165
-59.5336
-59.2857
-58.9674
-58.58
-58.1316
-57.6327
-57.0903
-56.499
-55.8389
-55.1418
-38.1134
-36.7795
-35.2898
-33.6967
-32.1689
-30.6745
-29.28
-28.0823
-27.1217
-26.3502
-25.7579
-25.3234
-25.0014
-24.762
-24.5849
-24.4511
-24.3446
-24.257
-24.1875
-24.1337
-24.0913
-24.0588
-24.038
-24.0353
-24.0528
-24.0884
-24.1423
-24.2159
-24.3103
-24.4246
-24.5598
-24.7184
-24.9009
-25.1049
-25.329
-25.5797
-25.8697
-26.215
-26.5939
-39.5881
-40.9679
-42.5091
-44.0884
-45.5737
-47.0729
-48.5065
-49.8317
-51.0636
-52.1876
-53.2036
-54.1275
-54.9608
-55.707
-56.3706
-56.9558
-57.4673
-57.9073
-58.2758
-58.572
-58.7964
-58.9494
-59.0362
-59.0648
-59.0503
-59.008
-58.9437
-58.8566
-58.7409
-58.5858
-58.3788
-58.1108
-57.7776
-57.3816
-56.9301
-56.4314
-55.8871
-55.2859
-54.6612
-38.2626
-36.9735
-35.5362
-33.9985
-32.5218
-31.0756
-29.7255
-28.5603
-27.6262
-26.8662
-26.282
-25.8586
-25.5486
-25.3173
-25.1453
-25.0165
-24.9185
-24.8392
-24.7716
-24.7177
-24.6768
-24.6461
-24.6252
-24.6188
-24.6331
-24.6659
-24.7136
-24.7781
-24.862
-24.9663
-25.0897
-25.2327
-25.3981
-25.5874
-25.7991
-26.0332
-26.2975
-26.6096
-26.9515
-39.6752
-41.0059
-42.4887
-44.0041
-45.4238
-46.8557
-48.2226
-49.4858
-50.659
-51.7311
-52.6966
-53.5746
-54.3672
-55.0737
-55.6951
-56.2364
-56.7032
-57.0996
-57.4293
-57.6945
-57.8958
-58.0347
-58.1152
-58.1447
-58.1352
-58.0973
-58.0349
-57.9497
-57.8415
-57.7049
-57.53
-57.3055
-57.0237
-56.6818
-56.2821
-55.8309
-55.332
-54.7808
-54.2142
-38.3981
-37.16
-35.7752
-34.2848
-32.853
-31.4495
-30.1398
-29.0049
-28.0993
-27.3493
-26.7711
-26.3545
-26.0527
-25.8309
-25.6657
-25.5412
-25.4471
-25.3757
-25.3166
-25.2648
-25.2236
-25.194
-25.1744
-25.1669
-25.1765
-25.2052
-25.2498
-25.3073
-25.3806
-25.4727
-25.5849
-25.7158
-25.8654
-26.037
-26.2335
-26.4547
-26.702
-26.9866
-27.2942
-39.7581
-41.0382
-42.4655
-43.921
-45.2825
-46.6525
-47.9579
-49.1639
-50.2819
-51.3075
-52.2294
-53.0692
-53.8283
-54.4997
-55.0836
-55.5854
-56.0112
-56.3655
-56.654
-56.8829
-57.0559
-57.1756
-57.2464
-57.2747
-57.2707
-57.2427
-57.1903
-57.114
-57.0147
-56.8923
-56.7408
-56.5518
-56.3148
-56.0243
-55.6776
-55.2778
-54.8266
-54.3237
-53.8061
-38.5314
-37.3409
-36.0064
-34.5622
-33.1712
-31.8051
-30.5296
-29.4201
-28.5355
-27.7928
-27.2233
-26.8157
-26.518
-26.3005
-26.1433
-26.0252
-25.9348
-25.8665
-25.8147
-25.7718
-25.7332
-25.7032
-25.6845
-25.6774
-25.685
-25.7083
-25.7483
-25.8026
-25.8683
-25.9484
-26.0466
-26.165
-26.3023
-26.4582
-26.6364
-26.8417
-27.0754
-27.3422
-27.6227
-39.8429
-41.0727
-42.443
-43.8407
-45.1468
-46.4616
-47.7107
-48.8657
-49.9329
-50.9158
-51.7989
-52.6109
-53.3449
-53.9849
-54.5343
-55.0015
-55.3909
-55.7062
-55.9544
-56.144
-56.2829
-56.3764
-56.4311
-56.4535
-56.4533
-56.4357
-56.3992
-56.3394
-56.2561
-56.1494
-56.0179
-55.856
-55.6564
-55.4108
-55.1146
-54.7669
-54.3673
-53.9138
-53.4438
-38.6619
-37.5118
-36.2219
-34.8239
-33.4759
-32.1456
-30.9021
-29.8166
-28.9429
-28.1956
-27.6369
-27.2438
-26.9515
-26.733
-26.5766
-26.465
-26.3803
-26.3152
-26.2656
-26.2291
-26.1996
-26.1729
-26.1533
-26.1466
-26.1537
-26.1742
-26.2082
-26.2572
-26.3197
-26.3917
-26.477
-26.5799
-26.7038
-26.8475
-27.0103
-27.1968
-27.4139
-27.666
-27.9295
-39.9136
-41.107
-42.4343
-43.7835
-45.0425
-46.3083
-47.5018
-48.6042
-49.6062
-50.5477
-51.3416
-52.142
-52.8838
-53.5141
-54.05
-54.5048
-54.8795
-55.1755
-55.4008
-55.5657
-55.6797
-55.7512
-55.7892
-55.8015
-55.8007
-55.7911
-55.7692
-55.728
-55.6638
-55.5748
-55.4586
-55.3149
-55.1388
-54.9232
-54.6634
-54.3573
-54.0018
-53.592
-53.1604
-38.7658
-37.6483
-36.3936
-35.0333
-33.727
-32.4366
-31.2448
-30.2166
-29.4048
-28.5937
-28.017
-27.6262
-27.3301
-27.1026
-26.9362
-26.8184
-26.7351
-26.6722
-26.6233
-26.586
-26.5591
-26.5387
-26.521
-26.5117
-26.5171
-26.5358
-26.5662
-26.609
-26.6661
-26.7357
-26.8146
-26.906
-27.0159
-27.1479
-27.3014
-27.4761
-27.6773
-27.9146
-28.1671
-39.972
-41.1361
-42.4289
-43.7389
-44.9567
-46.1774
-47.3182
-48.3686
-49.3017
-50.2097
-50.8889
-51.6898
-52.4546
-53.0832
-53.6145
-54.0691
-54.4416
-54.7307
-54.9446
-55.0951
-55.1926
-55.2475
-55.2695
-55.271
-55.2667
-55.2622
-55.2523
-55.2277
-55.1814
-55.1111
-55.008
-54.8782
-54.7176
-54.5221
-54.2887
-54.0157
-53.6974
-53.3264
-52.9283
-38.851
-37.7594
-36.5358
-35.2133
-33.9502
-32.7038
-31.5734
-30.6048
-29.8715
-28.9797
-28.3704
-27.9733
-27.667
-27.4266
-27.2487
-27.1189
-27.0272
-26.9639
-26.9164
-26.8788
-26.85
-26.8299
-26.8164
-26.8072
-26.8089
-26.8255
-26.8538
-26.8931
-26.9441
-27.0088
-27.0856
-27.172
-27.2716
-27.3911
-27.5345
-27.7019
-27.8931
-28.1165
-28.3569
-40.0294
-41.1676
-42.43
-43.7049
-44.8862
-46.0661
-47.1594
-48.1642
-49.0377
-49.9201
-50.4935
-51.283
-52.0587
-52.6794
-53.2012
-53.6527
-54.0234
-54.3064
-54.5099
-54.6458
-54.726
-54.7616
-54.7638
-54.7497
-54.7374
-54.7332
-54.7332
-54.7243
-54.6979
-54.6492
-54.564
-54.4507
-54.3065
-54.1293
-53.9198
-53.6784
-53.3981
-53.068
-52.7087
-38.9325
-37.8663
-36.6716
-35.3823
-34.1581
-32.9505
-31.8749
-30.9516
-30.2969
-29.3515
-28.7159
-28.3141
-27.9989
-27.7456
-27.5565
-27.4177
-27.3154
-27.2444
-27.1975
-27.1627
-27.1345
-27.1126
-27.0985
-27.0931
-27.0955
-27.1088
-27.1353
-27.1723
-27.2197
-27.278
-27.3494
-27.4332
-27.5274
-27.6356
-27.7652
-27.9207
-28.1036
-28.315
-28.5404
-40.0868
-41.2023
-42.4383
-43.6829
-44.8331
-45.9779
-47.0309
-47.9956
-48.8174
-49.6764
-50.1587
-50.9235
-51.6963
-52.304
-52.8129
-53.2581
-53.626
-53.9047
-54.0992
-54.2218
-54.2844
-54.2989
-54.2795
-54.2471
-54.2223
-54.2137
-54.2187
-54.2225
-54.2153
-54.1895
-54.1254
-54.0327
-53.9077
-53.7495
-53.5627
-53.3496
-53.1046
-52.8154
-52.4969
-39.0112
-37.9665
-36.7961
-35.5366
-34.3462
-33.1725
-32.1454
-31.2575
-30.6751
-29.7046
-29.0497
-28.645
-28.3238
-28.0575
-27.8558
-27.7078
-27.5988
-27.5191
-27.4652
-27.4317
-27.4076
-27.3871
-27.3711
-27.3643
-27.3702
-27.385
-27.4084
-27.4435
-27.4886
-27.5434
-27.6082
-27.6856
-27.7762
-27.8787
-27.996
-28.1362
-28.3046
-28.5053
-28.718
-40.146
-41.2426
-42.4566
-43.6757
-44.7996
-45.9149
-46.9336
-47.8641
-48.642
-49.4779
-49.8851
-50.6129
-51.3684
-51.9587
-52.4524
-52.8884
-53.2521
-53.5272
-53.7151
-53.8263
-53.8721
-53.8647
-53.8231
-53.7715
-53.7316
-53.7147
-53.7195
-53.7317
-53.7402
-53.7363
-53.6941
-53.6249
-53.5227
-53.3863
-53.2217
-53.034
-52.8193
-52.5673
-52.2883
-39.0857
-38.0542
-36.9
-35.6662
-34.5063
-33.3645
-32.3808
-31.5219
-31.0036
-30.0349
-29.3687
-28.96
-28.6368
-28.361
-28.1454
-27.9857
-27.8694
-27.7852
-27.7247
-27.6851
-27.6625
-27.6468
-27.6325
-27.6236
-27.6277
-27.646
-27.6717
-27.7037
-27.7466
-27.7991
-27.8606
-27.9312
-28.0139
-28.1114
-28.2221
-28.3491
-28.5002
-28.6827
-28.8827
-40.2022
-41.288
-42.4868
-43.6869
-44.79
-45.879
-46.8688
-47.7681
-48.509
-49.3234
-49.6714
-50.3509
-51.0755
-51.6443
-52.1217
-52.5467
-52.9044
-53.1758
-53.3588
-53.4606
-53.4908
-53.4625
-53.3994
-53.328
-53.2725
-53.2446
-53.2459
-53.2621
-53.2824
-53.2965
-53.2753
-53.2307
-53.1543
-53.0427
-52.9013
-52.737
-52.5486
-52.3287
-52.0852
-39.1497
-38.1252
-36.9803
-35.7654
-34.63
-33.5181
-32.5741
-31.7419
-31.2816
-30.3386
-29.6702
-29.2555
-28.9302
-28.6505
-28.4247
-28.2519
-28.1252
-28.0355
-27.9727
-27.9288
-27.9008
-27.8862
-27.8765
-27.8691
-27.8712
-27.888
-27.9173
-27.9524
-27.9923
-28.0424
-28.1016
-28.1691
-28.2451
-28.3329
-28.4365
-28.5555
-28.6919
-28.8539
-29.0326
-40.2528
-41.3359
-42.5296
-43.7195
-44.8078
-45.8758
-46.8399
-47.7109
-48.4196
-49.213
-49.5158
-50.137
-50.8185
-51.3619
-51.8229
-52.2357
-52.5861
-52.8533
-53.0318
-53.1254
-53.1418
-53.0961
-53.0137
-52.9247
-52.8537
-52.8147
-52.8102
-52.8276
-52.855
-52.8828
-52.8788
-52.8578
-52.8082
-52.7219
-52.6042
-52.4624
-52.298
-52.1043
-51.8884
-39.2006
-38.1763
-37.0338
-35.8303
-34.7122
-33.6278
-32.7194
-31.914
-31.5095
-30.6121
-29.9504
-29.5289
-29.2001
-28.9178
-28.6875
-28.506
-28.368
-28.2693
-28.2023
-28.1575
-28.1273
-28.1079
-28.0981
-28.0943
-28.0976
-28.1134
-28.1417
-28.1802
-28.224
-28.2714
-28.3281
-28.3931
-28.4662
-28.5475
-28.6397
-28.7484
-28.8749
-29.0206
-29.178
-40.2962
-41.3854
-42.5834
-43.7725
-44.8548
-45.9074
-46.8518
-47.6961
-48.3768
-49.1475
-49.4168
-49.9715
-50.5989
-51.114
-51.5578
-51.9584
-52.3005
-52.5626
-52.736
-52.8209
-52.8258
-52.7657
-52.6673
-52.5627
-52.4786
-52.4291
-52.4186
-52.4348
-52.4666
-52.5046
-52.5155
-52.516
-52.491
-52.4293
-52.3355
-52.2179
-52.0767
-51.9047
-51.7115
-39.2379
-38.2085
-37.0618
-35.8619
-34.7531
-33.6926
-32.8149
-32.0394
-31.689
-30.8533
-30.2066
-29.7783
-29.4451
-29.1598
-28.9256
-28.7399
-28.5956
-28.4879
-28.4131
-28.3645
-28.334
-28.314
-28.3002
-28.2945
-28.2997
-28.3166
-28.3452
-28.3831
-28.4295
-28.4814
-28.5361
-28.5984
-28.6688
-28.7475
-28.834
-28.9301
-29.0431
-29.1767
-29.319
-40.334
-41.4328
-42.6414
-43.8369
-44.9195
-45.9644
-46.8958
-47.7181
-48.3762
-49.1241
-49.37
-49.8531
-50.4201
-50.904
-51.3305
-51.7178
-52.0519
-52.3088
-52.4771
-52.5554
-52.5512
-52.4812
-52.3708
-52.2542
-52.1595
-52.1004
-52.0821
-52.0935
-52.1251
-52.1699
-52.1924
-52.2089
-52.2023
-52.1615
-52.0919
-51.9983
-51.8773
-51.7201
-51.5404
-39.2665
-38.229
-37.0741
-35.8709
-34.7635
-33.7209
-32.8635
-32.1205
-31.8236
-31.062
-30.4378
-30.0053
-29.6683
-29.381
-29.1419
-28.95
-28.8005
-28.6874
-28.6048
-28.5481
-28.5123
-28.4912
-28.4778
-28.4685
-28.4698
-28.4864
-28.5155
-28.5548
-28.6008
-28.6543
-28.7142
-28.7764
-28.8441
-28.9203
-29.0051
-29.0977
-29.1984
-29.3163
-29.4469
-40.3653
-41.4752
-42.6947
-43.8983
-44.9848
-46.0256
-46.9511
-47.7571
-48.4057
-49.1394
-49.3676
-49.7775
-50.2837
-50.7375
-51.1451
-51.5173
-51.8402
-52.09
-52.2518
-52.3224
-52.3104
-52.2316
-52.1132
-51.9869
-51.8833
-51.816
-51.7904
-51.7958
-51.8255
-51.8747
-51.9069
-51.9349
-51.9429
-51.9218
-51.8763
-51.8064
-51.7038
-51.563
-51.4017
-39.2885
-38.2426
-37.0787
-35.868
-34.7556
-33.7228
-32.8705
-32.1615
-31.9205
-31.2384
-30.6389
-30.2044
-29.8686
-29.5861
-29.3489
-29.1533
-28.9965
-28.876
-28.7863
-28.7202
-28.673
-28.6422
-28.6234
-28.6127
-28.6089
-28.618
-28.6432
-28.6812
-28.7283
-28.7808
-28.8408
-28.9088
-28.9791
-29.0537
-29.1374
-29.2308
-29.3319
-29.4406
-29.5603
-40.3945
-41.5253
-42.7667
-43.9857
-45.0812
-46.1234
-47.0446
-47.8369
-48.4848
-49.2012
-49.4008
-49.7365
-50.1894
-50.6197
-51.0109
-51.369
-51.6827
-51.9283
-52.0884
-52.1569
-52.1411
-52.0595
-51.9371
-51.806
-51.6932
-51.6147
-51.5767
-51.5707
-51.5923
-51.6366
-51.6679
-51.6983
-51.7124
-51.7047
-51.6743
-51.6179
-51.5259
-51.3932
-51.2355
-39.2957
-38.2282
-37.0426
-35.8148
-34.6928
-33.6657
-32.8174
-32.1665
-31.9916
-31.3886
-30.8059
-30.3584
-30.0178
-29.7435
-29.5196
-29.3355
-29.1847
-29.0638
-28.9705
-28.8997
-28.8441
-28.8001
-28.767
-28.7459
-28.7374
-28.7394
-28.7536
-28.783
-28.8249
-28.875
-28.9305
-28.9947
-29.0681
-29.1451
-29.2265
-29.3178
-29.42
-29.5298
-29.6456
-40.4194
-41.6113
-42.915
-44.187
-45.32
-46.3825
-47.3067
-48.0778
-48.7035
-49.3284
-49.4569
-49.7169
-50.1306
-50.5427
-50.9143
-51.2495
-51.5466
-51.7838
-51.9419
-52.0127
-52.0011
-51.9248
-51.8097
-51.686
-51.5787
-51.5004
-51.4594
-51.4507
-51.4718
-51.5191
-51.5506
-51.5835
-51.6061
-51.6096
-51.5914
-51.5433
-51.4602
-51.3399
-51.2055
-39.262
-38.1398
-36.9002
-35.6296
-34.4859
-33.4692
-32.6608
-32.1399
-32.0524
-31.5498
-30.994
-30.5244
-30.1567
-29.8655
-29.6363
-29.4551
-29.3109
-29.196
-29.1046
-29.0338
-28.9786
-28.9326
-28.8928
-28.8616
-28.8456
-28.8451
-28.855
-28.875
-28.9077
-28.9515
-29.0023
-29.0598
-29.1261
-29.2013
-29.2815
-29.3665
-29.4612
-29.5649
-29.6747
-40.4363
-41.7145
-43.111
-44.4685
-45.6661
-46.7716
-47.7114
-48.4634
-49.0395
-49.4855
-49.5073
-49.7055
-50.108
-50.525
-50.8916
-51.2109
-51.489
-51.7097
-51.8535
-51.9109
-51.8871
-51.7963
-51.664
-51.5209
-51.3951
-51.302
-51.2461
-51.2226
-51.231
-51.2679
-51.2898
-51.315
-51.3331
-51.338
-51.3186
-51.2721
-51.1844
-51.052
-50.8879
-39.1987
-38.0041
-36.6916
-35.3606
-34.186
-33.1811
-32.443
-32.1023
-32.1082
-31.7466
-31.2766
-30.834
-30.4615
-30.1576
-29.9142
-29.7202
-29.5652
-29.4409
-29.3392
-29.2546
-29.1836
-29.1218
-29.0642
-29.0119
-28.9725
-28.9513
-28.9444
-28.9489
-28.9639
-28.9909
-29.0292
-29.0769
-29.1337
-29.1999
-29.2748
-29.3578
-29.4483
-29.5494
-29.6533
61.9354
60.4876
58.6533
56.5943
54.1089
51.101
47.5472
43.4902
39.0029
34.2125
29.2502
24.2529
19.3101
14.4884
9.8107
5.29778
0.946636
-3.23563
-7.2589
-11.1198
-14.8301
-18.3845
-21.7895
-25.036
-28.1272
-31.0551
-33.8263
-36.4389
-38.902
-41.2165
-43.3886
-45.4169
-47.3018
-49.0431
-50.6374
-52.0895
-53.3943
-54.5615
-55.5842
-56.4755
-57.2287
-57.8588
-58.3616
-58.7524
-59.0312
-59.2121
-59.299
-59.3032
-59.2328
-59.097
-58.9061
-58.6711
-58.3963
-58.0899
-57.7565
-57.401
-57.0279
-56.6404
-56.2416
-55.8338
-55.4191
-54.9998
-54.5809
-54.1703
-53.7784
-53.414
-53.0881
-52.8333
-52.6238
-52.4296
-52.2462
-52.0674
-51.8933
-51.7201
-51.564
-51.4053
-51.2796
-51.115
-51.1074
-50.771
61.5077
57.9334
54.1939
50.2461
46.2063
42.1445
38.113
34.1475
30.282
26.5503
22.9756
19.5741
16.3512
13.3075
10.4418
7.75159
5.23555
2.89125
0.714952
-1.29753
-3.15219
-4.85569
-6.41563
-7.84168
-9.14257
-10.326
-11.4032
-12.3814
-13.2725
-14.0797
-14.8115
-15.4748
-16.0793
-16.6292
-17.1295
-17.5848
-18.0048
-18.3946
-18.7586
-19.1009
-19.4254
-19.7398
-20.0477
-20.3552
-20.6603
-20.9648
-21.2711
-21.5877
-21.9107
-22.2357
-22.5632
-22.903
-23.2563
-23.6172
-23.9844
-24.3615
-24.7462
-25.1306
-25.509
-25.8788
-26.2373
-26.583
-26.9173
-27.2409
-27.5521
-27.8524
-28.1378
-28.3686
-28.5549
-28.7293
-28.8963
-29.0528
-29.1938
-29.3208
-29.4457
-29.564
-29.6733
-29.7562
-29.7803
-29.7477
0.965483
0.785296
0.576694
0.390698
0.171871
-0.0829212
-0.342233
-0.628512
-0.985893
-1.46805
-2.10344
-2.90893
-3.88338
-5.02977
-6.34686
-7.83788
-9.49594
-11.3169
-13.2864
-15.3906
-17.6017
-19.8932
-22.2276
-24.576
-26.9054
-29.1976
-31.4342
-33.6077
-35.7093
-37.7329
-39.6725
-41.5179
-43.2667
-44.9082
-46.4453
-47.8691
-49.1864
-50.389
-51.4844
-52.4661
-53.3408
-54.1062
-54.7675
-55.3274
-55.7892
-56.1603
-56.4416
-56.644
-56.7676
-56.8255
-56.8221
-56.7649
-56.66
-56.5134
-56.3301
-56.1164
-55.8759
-55.6125
-55.3289
-55.0281
-54.7113
-54.3811
-54.0411
-53.698
-53.3622
-53.042
-52.7524
-52.5235
-52.3354
-52.1637
-52.0038
-51.8502
-51.7027
-51.5547
-51.4211
-51.2786
-51.1636
-51.0126
-51.0172
-50.6889
0.970394
1.00966
1.2621
1.38559
1.41667
1.33054
1.13258
0.835752
0.458171
0.0129238
-0.491582
-1.05478
-1.67357
-2.34942
-3.07629
-3.85174
-4.66615
-5.51545
-6.38651
-7.27622
-8.1693
-9.06351
-9.94391
-10.8087
-11.6473
-12.4587
-13.2333
-13.973
-14.6724
-15.3354
-15.9562
-16.5357
-17.077
-17.5824
-18.0549
-18.4922
-18.8994
-19.2803
-19.6416
-19.9824
-20.3079
-20.6176
-20.9204
-21.2174
-21.515
-21.8089
-22.1002
-22.3919
-22.6916
-22.9947
-23.297
-23.5997
-23.9126
-24.2363
-24.5655
-24.9001
-25.243
-25.591
-25.9376
-26.2768
-26.6051
-26.9191
-27.2192
-27.5096
-27.7906
-28.0624
-28.3224
-28.5391
-28.7209
-28.8901
-29.0467
-29.1935
-29.3294
-29.4474
-29.5533
-29.6602
-29.7694
-29.8568
-29.8737
-29.8236
-16.1448
-16.4034
-16.733
-17.0605
-17.3664
-17.6433
-17.8986
-18.1308
-18.3633
-18.6214
-18.9347
-19.3076
-19.7395
-20.2148
-20.731
-21.2903
-21.914
-22.6197
-23.4252
-24.3336
-25.3401
-26.4317
-27.5912
-28.8062
-30.0625
-31.3588
-32.6855
-34.0465
-35.4269
-36.8263
-38.2219
-39.6101
-40.9678
-42.2946
-43.5734
-44.8059
-45.9797
-47.0943
-48.1419
-49.1188
-50.0233
-50.849
-51.6005
-52.2692
-52.8642
-53.376
-53.8165
-54.1765
-54.4692
-54.6899
-54.8485
-54.9468
-54.9922
-54.988
-54.9422
-54.8584
-54.7415
-54.5934
-54.4175
-54.2164
-53.9927
-53.7482
-53.4869
-53.2139
-52.9381
-52.6681
-52.4172
-52.2157
-52.0483
-51.8944
-51.752
-51.618
-51.4924
-51.3675
-51.255
-51.1294
-51.0249
-50.8939
-50.9178
-50.6101
-16.0176
-15.9301
-15.8754
-15.8644
-15.8577
-15.8556
-15.848
-15.8241
-15.7835
-15.7241
-15.6553
-15.5791
-15.5071
-15.4384
-15.3836
-15.3405
-15.3195
-15.3189
-15.349
-15.4064
-15.5012
-15.6273
-15.791
-15.9855
-16.2136
-16.4702
-16.754
-17.058
-17.3809
-17.7175
-18.0656
-18.4178
-18.7687
-19.1187
-19.4643
-19.8044
-20.1321
-20.4489
-20.7563
-21.0568
-21.3475
-21.6299
-21.9034
-22.1741
-22.4436
-22.7142
-22.9828
-23.2476
-23.5138
-23.788
-24.0632
-24.3344
-24.6047
-24.8841
-25.1729
-25.4653
-25.762
-26.0668
-26.3766
-26.6843
-26.982
-27.2658
-27.5351
-27.7915
-28.0392
-28.2805
-28.5118
-28.7067
-28.8754
-29.0394
-29.1903
-29.3263
-29.4541
-29.5693
-29.6651
-29.7543
-29.8582
-29.9529
-29.9686
-29.9001
-15.7845
-15.9754
-16.1974
-16.415
-16.5791
-16.6734
-16.7281
-16.8137
-16.9857
-17.2822
-17.7095
-18.2649
-18.9266
-19.6797
-20.507
-21.398
-22.3406
-23.3235
-24.3379
-25.3677
-26.404
-27.4286
-28.4433
-29.4402
-30.4368
-31.4322
-32.4485
-33.4794
-34.5388
-35.6114
-36.7031
-37.7964
-38.8948
-39.9869
-41.0731
-42.1464
-43.201
-44.2328
-45.23
-46.1929
-47.1066
-47.9766
-48.7866
-49.545
-50.236
-50.8694
-51.4307
-51.9303
-52.3555
-52.7172
-53.0112
-53.247
-53.4236
-53.5503
-53.6284
-53.6648
-53.6598
-53.618
-53.5408
-53.4324
-53.2944
-53.1303
-52.9438
-52.7395
-52.5249
-52.3069
-52.0989
-51.9258
-51.7776
-51.6388
-51.5086
-51.387
-51.2767
-51.1694
-51.0741
-50.9632
-50.8729
-50.7666
-50.8206
-50.5405
-15.6404
-15.5479
-15.506
-15.4982
-15.5113
-15.5477
-15.5984
-15.6685
-15.7555
-15.8668
-15.9996
-16.1569
-16.3308
-16.5202
-16.7148
-16.9137
-17.11
-17.3042
-17.4941
-17.6815
-17.8657
-18.0505
-18.2349
-18.4219
-18.6118
-18.8069
-19.0094
-19.22
-19.4381
-19.6658
-19.9026
-20.1503
-20.4036
-20.6608
-20.9222
-21.1879
-21.4539
-21.7162
-21.9731
-22.2286
-22.4805
-22.7285
-22.9699
-23.2075
-23.4426
-23.6798
-23.9171
-24.1536
-24.3872
-24.622
-24.8624
-25.1014
-25.3338
-25.5652
-25.8053
-26.0535
-26.3041
-26.5597
-26.8255
-27.0965
-27.3624
-27.6163
-27.857
-28.0843
-28.2992
-28.5077
-28.7091
-28.8796
-29.0286
-29.1791
-29.325
-29.4555
-29.5741
-29.6842
-29.7783
-29.8559
-29.9461
-30.0427
-30.0628
-29.9839
-19.9108
-20.2944
-20.6638
-21.0211
-21.3752
-21.7278
-22.0696
-22.4045
-22.7292
-23.054
-23.3745
-23.7009
-24.0319
-24.3852
-24.7628
-25.1849
-25.6502
-26.1705
-26.7268
-27.3177
-27.919
-28.5361
-29.1569
-29.7993
-30.4637
-31.1711
-31.921
-32.7216
-33.5617
-34.4352
-35.3305
-36.2411
-37.166
-38.1017
-39.0515
-40.0064
-40.9683
-41.9227
-42.8715
-43.7981
-44.7061
-45.5797
-46.4227
-47.2207
-47.9771
-48.6792
-49.3303
-49.9156
-50.4441
-50.9072
-51.3147
-51.6611
-51.9541
-52.1914
-52.3802
-52.5194
-52.6151
-52.6667
-52.6798
-52.6549
-52.5963
-52.5065
-52.3905
-52.2525
-52.099
-51.9359
-51.773
-51.6319
-51.5064
-51.3842
-51.2666
-51.1559
-51.0569
-50.9628
-50.8834
-50.7905
-50.7189
-50.6397
-50.7322
-50.4944
-19.5626
-19.2724
-19.0195
-18.7894
-18.5697
-18.3607
-18.1669
-17.9984
-17.8626
-17.769
-17.7202
-17.7196
-17.7627
-17.8468
-17.9641
-18.1102
-18.2775
-18.4637
-18.6621
-18.8723
-19.0898
-19.3138
-19.5425
-19.7742
-20.0078
-20.2419
-20.4759
-20.7105
-20.945
-21.1771
-21.4095
-21.6409
-21.8754
-22.1069
-22.3367
-22.565
-22.7953
-23.0226
-23.246
-23.462
-23.6781
-23.8894
-24.099
-24.3015
-24.5022
-24.6999
-24.9008
-25.1027
-25.303
-25.4993
-25.6964
-25.8969
-26.0943
-26.284
-26.4734
-26.6709
-26.8756
-27.0835
-27.2988
-27.5254
-27.7556
-27.979
-28.1913
-28.3922
-28.5802
-28.7576
-28.9273
-29.0729
-29.2002
-29.3292
-29.4617
-29.5875
-29.6997
-29.8005
-29.8901
-29.9655
-30.0438
-30.1331
-30.1568
-30.0776
-24.9859
-25.4468
-25.9571
-26.5194
-27.1628
-27.8795
-28.6508
-29.426
-30.165
-30.8118
-31.3404
-31.7208
-31.9615
-32.0704
-32.0837
-32.0222
-31.9234
-31.8081
-31.7058
-31.6271
-31.5879
-31.5939
-31.6578
-31.789
-31.9977
-32.2896
-32.664
-33.1178
-33.6401
-34.2239
-34.8559
-35.5321
-36.2444
-36.9952
-37.7785
-38.5937
-39.4305
-40.2845
-41.1448
-42.0067
-42.8623
-43.7053
-44.5305
-45.3303
-46.0999
-46.8327
-47.518
-48.16
-48.7485
-49.2918
-49.7808
-50.2195
-50.6005
-50.9299
-51.2047
-51.4314
-51.6076
-51.7406
-51.8293
-51.8795
-51.8914
-51.8696
-51.8186
-51.743
-51.6487
-51.5399
-51.4261
-51.3205
-51.2222
-51.1229
-51.0229
-50.9257
-50.8385
-50.758
-50.6968
-50.6251
-50.5752
-50.5254
-50.6589
-50.4745
-24.6196
-24.3254
-24.0444
-23.7597
-23.4658
-23.1657
-22.8701
-22.5868
-22.3259
-22.0926
-21.8937
-21.7302
-21.6052
-21.5163
-21.464
-21.4443
-21.4559
-21.4935
-21.5561
-21.6376
-21.7382
-21.8522
-21.9796
-22.1171
-22.2642
-22.4172
-22.5766
-22.7388
-22.9068
-23.0763
-23.2469
-23.4184
-23.5917
-23.7683
-23.9433
-24.1166
-24.2899
-24.4664
-24.6406
-24.8117
-24.9766
-25.1433
-25.3067
-25.4694
-25.6261
-25.7819
-25.9365
-26.0938
-26.2525
-26.41
-26.5635
-26.7184
-26.8758
-27.0292
-27.1744
-27.3201
-27.4747
-27.6366
-27.8031
-27.979
-28.1657
-28.3552
-28.5388
-28.7134
-28.878
-29.0314
-29.1725
-29.2928
-29.3989
-29.5055
-29.6156
-29.7286
-29.8357
-29.9276
-30.0058
-30.0754
-30.1502
-30.2304
-30.2514
-30.1765
-27.7897
-28.053
-28.3711
-28.7411
-29.19
-29.7296
-30.3562
-31.0405
-31.7508
-32.4384
-33.0663
-33.588
-33.9843
-34.2374
-34.364
-34.3748
-34.2999
-34.1516
-33.9581
-33.7346
-33.5134
-33.3152
-33.1724
-33.1022
-33.1239
-33.2378
-33.4399
-33.7139
-34.0457
-34.4242
-34.8469
-35.318
-35.84
-36.4158
-37.0407
-37.7127
-38.4203
-39.1602
-39.9186
-40.6962
-41.4777
-42.267
-43.0476
-43.8225
-44.5767
-45.3072
-46.0103
-46.6785
-47.3144
-47.9079
-48.4589
-48.9565
-49.4036
-49.7952
-50.1366
-50.4243
-50.6656
-50.8589
-51.0116
-51.1226
-51.1959
-51.2335
-51.241
-51.2221
-51.1826
-51.1268
-51.0609
-50.994
-50.9274
-50.8559
-50.7797
-50.7018
-50.6304
-50.5664
-50.5252
-50.4776
-50.452
-50.4297
-50.6047
-50.4788
-27.6172
-27.4878
-27.3454
-27.1836
-27.0042
-26.8147
-26.6215
-26.4299
-26.2429
-26.0628
-25.8907
-25.7285
-25.5775
-25.4403
-25.3188
-25.2149
-25.1301
-25.0646
-25.0179
-24.9899
-24.9785
-24.9834
-25.0025
-25.0341
-25.0775
-25.1304
-25.1909
-25.2577
-25.3289
-25.4061
-25.4861
-25.5676
-25.6512
-25.7384
-25.8305
-25.9231
-26.0158
-26.1121
-26.2141
-26.3173
-26.4192
-26.5189
-26.6226
-26.7266
-26.8305
-26.9309
-27.0315
-27.1328
-27.2393
-27.3488
-27.4589
-27.5661
-27.6759
-27.7879
-27.8957
-27.9958
-28.0984
-28.2111
-28.3318
-28.4571
-28.5932
-28.7418
-28.8942
-29.0416
-29.1819
-29.3155
-29.4366
-29.5348
-29.6207
-29.7075
-29.7961
-29.8873
-29.9824
-30.0672
-30.1326
-30.1888
-30.2568
-30.3327
-30.3487
-30.28
-29.9288
-30.019
-30.1315
-30.2497
-30.3756
-30.5276
-30.709
-30.9259
-31.169
-31.4345
-31.7021
-31.9577
-32.1757
-32.3488
-32.4677
-32.5431
-32.5784
-32.5898
-32.5815
-32.5691
-32.5555
-32.5579
-32.5811
-32.6442
-32.7519
-32.9209
-33.1481
-33.4362
-33.7665
-34.1308
-34.5146
-34.9259
-35.3733
-35.8699
-36.4177
-37.0106
-37.644
-38.3051
-38.9956
-39.7012
-40.4285
-41.1617
-41.9057
-42.6456
-43.383
-44.1086
-44.8172
-45.5049
-46.1617
-46.7849
-47.363
-47.8962
-48.3775
-48.8098
-49.1888
-49.5204
-49.8025
-50.0434
-50.2419
-50.4027
-50.525
-50.6145
-50.673
-50.7049
-50.7153
-50.7078
-50.6892
-50.6612
-50.6275
-50.5882
-50.5413
-50.4885
-50.4392
-50.3964
-50.3786
-50.3586
-50.3602
-50.3653
-50.5701
-50.4994
-29.8994
-29.8886
-29.8675
-29.8327
-29.7842
-29.7236
-29.6529
-29.574
-29.4877
-29.395
-29.2957
-29.191
-29.0814
-28.9686
-28.8542
-28.7406
-28.6285
-28.5213
-28.4187
-28.3233
-28.2354
-28.1569
-28.0876
-28.0293
-27.9797
-27.9422
-27.9127
-27.8923
-27.8777
-27.8693
-27.8664
-27.8673
-27.8685
-27.8721
-27.8788
-27.8905
-27.9024
-27.9146
-27.9321
-27.9565
-27.9845
-28.0118
-28.0406
-28.075
-28.1117
-28.1496
-28.1865
-28.2267
-28.2713
-28.324
-28.3816
-28.4412
-28.4992
-28.562
-28.6283
-28.6904
-28.7458
-28.8063
-28.8779
-28.9573
-29.0418
-29.1401
-29.254
-29.373
-29.488
-29.599
-29.704
-29.789
-29.8582
-29.9269
-29.9976
-30.0689
-30.1434
-30.2167
-30.2722
-30.3114
-30.3635
-30.4319
-30.4464
-30.3844
-31.6764
-31.6945
-31.7413
-31.7875
-31.823
-31.8425
-31.8478
-31.8376
-31.8119
-31.7673
-31.7019
-31.6122
-31.503
-31.3831
-31.2646
-31.1526
-31.0505
-30.9602
-30.8915
-30.8533
-30.8609
-30.9216
-31.0467
-31.2346
-31.4861
-31.7866
-32.1304
-32.5041
-32.9084
-33.3354
-33.785
-34.2482
-34.7298
-35.2377
-35.782
-36.3636
-36.9751
-37.6126
-38.2683
-38.9441
-39.6347
-40.3399
-41.0547
-41.7791
-42.5031
-43.2219
-43.9267
-44.6085
-45.2644
-45.8853
-46.4693
-47.0087
-47.5042
-47.9507
-48.3521
-48.7056
-49.0181
-49.2886
-49.5233
-49.7199
-49.8845
-50.0167
-50.1206
-50.1978
-50.2537
-50.2923
-50.3176
-50.328
-50.3285
-50.3225
-50.3084
-50.287
-50.2664
-50.2508
-50.2617
-50.2739
-50.3052
-50.33
-50.5493
-50.5163
-31.709
-31.7592
-31.8154
-31.8732
-31.9272
-31.9715
-32.003
-32.0189
-32.0196
-32.0048
-31.9778
-31.9385
-31.8904
-31.8333
-31.7695
-31.6977
-31.6201
-31.5343
-31.4434
-31.345
-31.2425
-31.1354
-31.027
-30.9175
-30.8104
-30.7049
-30.606
-30.511
-30.4225
-30.3379
-30.2588
-30.1848
-30.1143
-30.0436
-29.975
-29.9093
-29.8483
-29.7867
-29.7252
-29.6698
-29.6214
-29.5773
-29.533
-29.4913
-29.4569
-29.4262
-29.3985
-29.3727
-29.3533
-29.3406
-29.3381
-29.3421
-29.3502
-29.3596
-29.3759
-29.3967
-29.4139
-29.4261
-29.4455
-29.4762
-29.515
-29.5608
-29.6251
-29.7078
-29.7965
-29.8834
-29.967
-30.041
-30.102
-30.156
-30.2112
-30.2665
-30.3224
-30.3757
-30.4186
-30.4441
-30.476
-30.5287
-30.539
-30.4876
-33.0759
-33.0102
-32.9693
-32.9382
-32.9044
-32.8657
-32.821
-32.7716
-32.7108
-32.6307
-32.5161
-32.3639
-32.1775
-31.9773
-31.7724
-31.5668
-31.35
-31.1221
-30.89
-30.6744
-30.4984
-30.3835
-30.3474
-30.3993
-30.55
-30.7971
-31.1351
-31.5402
-31.9955
-32.479
-32.9887
-33.5169
-34.0645
-34.6245
-35.2023
-35.8002
-36.4188
-37.0559
-37.7061
-38.3729
-39.0496
-39.7428
-40.4476
-41.1584
-41.867
-42.5651
-43.2438
-43.9027
-44.5358
-45.1408
-45.7098
-46.2421
-46.7329
-47.1841
-47.5924
-47.962
-48.2912
-48.5864
-48.8453
-49.0742
-49.2715
-49.4422
-49.5851
-49.7044
-49.8031
-49.8843
-49.9531
-50.0008
-50.0338
-50.0614
-50.0816
-50.094
-50.1064
-50.1232
-50.1671
-50.2133
-50.2711
-50.3067
-50.5186
-50.5054
-33.1778
-33.2801
-33.3845
-33.4937
-33.6061
-33.7177
-33.8224
-33.9153
-33.9918
-34.051
-34.0919
-34.1172
-34.1281
-34.1278
-34.1172
-34.0977
-34.0687
-34.0304
-33.9802
-33.9189
-33.8438
-33.7557
-33.6546
-33.5419
-33.4188
-33.2883
-33.151
-33.0121
-32.871
-32.7308
-32.5906
-32.4528
-32.3181
-32.1856
-32.0511
-31.9183
-31.7878
-31.6618
-31.534
-31.406
-31.284
-31.1698
-31.0586
-30.9479
-30.8405
-30.7415
-30.6468
-30.5566
-30.4704
-30.3932
-30.3247
-30.2685
-30.221
-30.1796
-30.142
-30.1141
-30.0916
-30.0664
-30.0368
-30.0166
-30.0082
-30.0094
-30.0204
-30.0539
-30.1089
-30.1713
-30.2312
-30.2867
-30.3395
-30.3868
-30.4281
-30.4696
-30.5108
-30.5457
-30.5686
-30.5795
-30.5934
-30.6257
-30.6276
-30.5846
-34.7874
-34.5697
-34.3675
-34.1801
-34.0069
-33.853
-33.7223
-33.6169
-33.5288
-33.4487
-33.3611
-33.2641
-33.1585
-33.0585
-32.9548
-32.8333
-32.6609
-32.4333
-32.1504
-31.8443
-31.5358
-31.2613
-31.0368
-30.8879
-30.8215
-30.8561
-30.9972
-31.2536
-31.6119
-32.0545
-32.5552
-33.0964
-33.6675
-34.2585
-34.8637
-35.4751
-36.0971
-36.7248
-37.3657
-38.0124
-38.6742
-39.3465
-40.0273
-40.7059
-41.3782
-42.0334
-42.6752
-43.2983
-43.9026
-44.4787
-45.027
-45.5423
-46.0259
-46.4739
-46.8882
-47.2655
-47.6116
-47.9238
-48.2076
-48.4608
-48.6894
-48.8914
-49.0711
-49.2281
-49.3672
-49.4908
-49.6009
-49.6849
-49.7501
-49.8099
-49.8626
-49.9089
-49.9555
-50.006
-50.0821
-50.1573
-50.2346
-50.2705
-50.4623
-50.4489
-35.0124
-35.2049
-35.3652
-35.5037
-35.6301
-35.7499
-35.8655
-35.9746
-36.0747
-36.161
-36.2316
-36.284
-36.3197
-36.3391
-36.3453
-36.34
-36.3253
-36.3011
-36.2682
-36.2239
-36.1683
-36.0981
-36.0125
-35.9106
-35.7921
-35.6578
-35.5094
-35.3477
-35.1776
-34.9998
-34.817
-34.63
-34.4416
-34.254
-34.0661
-33.8745
-33.6835
-33.4945
-33.3088
-33.1204
-32.9313
-32.7483
-32.5729
-32.3997
-32.2267
-32.0578
-31.8986
-31.7444
-31.5963
-31.4548
-31.3246
-31.2054
-31.0999
-31.0055
-30.9196
-30.84
-30.7726
-30.7107
-30.6462
-30.5785
-30.5224
-30.4791
-30.4463
-30.4267
-30.434
-30.4652
-30.5018
-30.5359
-30.5711
-30.61
-30.6443
-30.6715
-30.6985
-30.7186
-30.7231
-30.7136
-30.7107
-30.7237
-30.7126
-30.6744
-36.5986
-36.2507
-35.9256
-35.634
-35.38
-35.168
-34.9956
-34.8597
-34.7481
-34.6549
-34.5723
-34.5092
-34.4685
-34.4562
-34.4465
-34.4102
-34.3066
-34.1317
-33.8887
-33.6094
-33.3088
-33.0153
-32.7372
-32.4992
-32.3091
-32.1893
-32.1473
-32.205
-32.3693
-32.6474
-33.0239
-33.4804
-33.9931
-34.5422
-35.1151
-35.6946
-36.2796
-36.8601
-37.4482
-38.0362
-38.6368
-39.2432
-39.8517
-40.4611
-41.0602
-41.6541
-42.2361
-42.8102
-43.365
-43.9034
-44.4193
-44.9137
-45.3819
-45.8246
-46.2369
-46.623
-46.9799
-47.311
-47.6131
-47.8911
-48.1435
-48.3754
-48.5852
-48.7777
-48.9545
-49.1173
-49.2682
-49.3873
-49.4833
-49.5729
-49.6561
-49.733
-49.8099
-49.8889
-49.9886
-50.0832
-50.1716
-50.2031
-50.3631
-50.3334
-36.9551
-37.2694
-37.5266
-37.7313
-37.8931
-38.0235
-38.1327
-38.2284
-38.3144
-38.3912
-38.4567
-38.5087
-38.5443
-38.563
-38.5647
-38.5507
-38.5237
-38.4855
-38.4378
-38.3815
-38.3157
-38.2401
-38.1523
-38.0498
-37.9319
-37.7961
-37.6432
-37.4725
-37.2853
-37.0847
-36.8731
-36.6512
-36.4224
-36.1878
-35.9531
-35.7148
-35.4724
-35.2281
-34.9866
-34.7462
-34.5026
-34.2575
-34.0186
-33.7869
-33.5567
-33.3275
-33.104
-32.8919
-32.6861
-32.4884
-32.2999
-32.1248
-31.9626
-31.8167
-31.6834
-31.5612
-31.4469
-31.3461
-31.2509
-31.153
-31.053
-30.9666
-30.8944
-30.8329
-30.7874
-30.7722
-30.7799
-30.7935
-30.807
-30.8266
-30.8511
-30.869
-30.8796
-30.8845
-30.8735
-30.8453
-30.8218
-30.8175
-30.7923
-30.7544
-38.2594
-37.8921
-37.5746
-37.3126
-37.1012
-36.9311
-36.7883
-36.6623
-36.5425
-36.4289
-36.3259
-36.2486
-36.2054
-36.1947
-36.1887
-36.1522
-36.0559
-35.9001
-35.7019
-35.4845
-35.2618
-35.0388
-34.8186
-34.604
-34.408
-34.2408
-34.122
-34.0615
-34.0804
-34.1872
-34.3956
-34.6962
-35.0798
-35.5218
-36.0053
-36.5093
-37.0217
-37.5336
-38.0418
-38.5498
-39.0559
-39.5644
-40.0689
-40.5708
-41.0699
-41.5628
-42.0572
-42.5421
-43.0245
-43.4969
-43.9623
-44.4145
-44.8536
-45.2735
-45.6769
-46.0608
-46.425
-46.7656
-47.084
-47.3781
-47.6527
-47.9065
-48.144
-48.3659
-48.5758
-48.7747
-48.9623
-49.1143
-49.2382
-49.356
-49.4658
-49.5688
-49.6695
-49.7672
-49.8792
-49.9812
-50.0714
-50.0919
-50.2133
-50.153
-38.6631
-39.0544
-39.4054
-39.7046
-39.9477
-40.1364
-40.2782
-40.3826
-40.46
-40.5181
-40.5619
-40.5934
-40.6123
-40.617
-40.606
-40.5785
-40.5342
-40.4755
-40.4031
-40.3199
-40.2269
-40.1252
-40.015
-39.8953
-39.7634
-39.6189
-39.4588
-39.2825
-39.0885
-38.8767
-38.6501
-38.4093
-38.1557
-37.8912
-37.6194
-37.3442
-37.064
-36.7772
-36.4881
-36.2005
-35.9136
-35.6224
-35.3294
-35.0433
-34.764
-34.4867
-34.2116
-33.945
-33.6913
-33.4457
-33.2096
-32.9858
-32.7779
-32.5843
-32.4094
-32.2483
-32.0991
-31.959
-31.8333
-31.7128
-31.5891
-31.465
-31.3561
-31.2611
-31.1762
-31.1079
-31.0702
-31.0599
-31.053
-31.0463
-31.0492
-31.0561
-31.0537
-31.0392
-31.0125
-30.97
-30.928
-30.9042
-30.8669
-30.8258
-39.4866
-39.2258
-39.0164
-38.8494
-38.7093
-38.5804
-38.4504
-38.3126
-38.1682
-38.0249
-37.8958
-37.7937
-37.7249
-37.6809
-37.6397
-37.5722
-37.4647
-37.3229
-37.1706
-37.0231
-36.8887
-36.7578
-36.6268
-36.4868
-36.3459
-36.2078
-36.0912
-36.0045
-35.9674
-35.9871
-36.0819
-36.2535
-36.5069
-36.8284
-37.2073
-37.6224
-38.0594
-38.5042
-38.9485
-39.3882
-39.8194
-40.2424
-40.6528
-41.053
-41.441
-41.8239
-42.2002
-42.5797
-42.9579
-43.3425
-43.7266
-44.1125
-44.4948
-44.8749
-45.2509
-45.6192
-45.9755
-46.3165
-46.6386
-46.944
-47.2314
-47.5038
-47.7613
-48.0074
-48.244
-48.4724
-48.6915
-48.8705
-49.0198
-49.1617
-49.2962
-49.4211
-49.5385
-49.6464
-49.7602
-49.8587
-49.9396
-49.9414
-50.0189
-49.9251
-39.8001
-40.1387
-40.4827
-40.8157
-41.1209
-41.3846
-41.5986
-41.7614
-41.8767
-41.9518
-41.9956
-42.0155
-42.0177
-42.0056
-41.9805
-41.9425
-41.891
-41.8249
-41.7455
-41.6529
-41.5486
-41.4341
-41.3102
-41.1787
-41.0384
-40.8883
-40.7272
-40.5533
-40.3645
-40.1596
-39.9363
-39.6979
-39.4434
-39.1743
-38.8919
-38.6001
-38.3032
-37.9992
-37.687
-37.3709
-37.0557
-36.7397
-36.4186
-36.0954
-35.7797
-35.47
-35.1627
-34.8588
-34.5656
-34.2857
-34.0151
-33.756
-33.5115
-33.2849
-33.0733
-32.8806
-32.7027
-32.5371
-32.3813
-32.2402
-32.1038
-31.963
-31.8226
-31.6977
-31.5847
-31.4787
-31.3873
-31.3372
-31.308
-31.2773
-31.249
-31.2323
-31.2177
-31.1873
-31.1397
-31.0818
-31.0262
-30.9852
-30.933
-30.8896
-40.2612
-40.1206
-39.9959
-39.8733
-39.7372
-39.5812
-39.4046
-39.2198
-39.0396
-38.8826
-38.7577
-38.6723
-38.6175
-38.5827
-38.5437
-38.4887
-38.4088
-38.3224
-38.2416
-38.1844
-38.1401
-38.1052
-38.0588
-38.0032
-37.929
-37.8507
-37.7678
-37.7007
-37.6516
-37.641
-37.6707
-37.7585
-37.9026
-38.1101
-38.371
-38.681
-39.0245
-39.3905
-39.7687
-40.1489
-40.5264
-40.8912
-41.2442
-41.5771
-41.8971
-42.2004
-42.4985
-42.7883
-43.0819
-43.376
-43.6785
-43.988
-44.3072
-44.6373
-44.9732
-45.3126
-45.6483
-45.9759
-46.294
-46.6009
-46.8965
-47.1799
-47.4524
-47.7154
-47.972
-48.2227
-48.4642
-48.6646
-48.8329
-48.9963
-49.1511
-49.2935
-49.4228
-49.5342
-49.6415
-49.7238
-49.7822
-49.7577
-49.794
-49.6695
-40.4293
-40.6211
-40.8393
-41.0828
-41.3434
-41.606
-41.8557
-42.0768
-42.26
-42.3989
-42.4948
-42.5506
-42.5734
-42.5686
-42.5436
-42.5011
-42.4455
-42.3765
-42.2955
-42.2028
-42.0988
-41.9837
-41.8587
-41.7247
-41.5833
-41.4345
-41.2767
-41.111
-40.9342
-40.7469
-40.5445
-40.3278
-40.096
-39.8513
-39.5906
-39.3183
-39.0347
-38.7469
-38.449
-38.1426
-37.8296
-37.5166
-37.1994
-36.8753
-36.5475
-36.2262
-35.9092
-35.5938
-35.2811
-34.9804
-34.6923
-34.4137
-34.1481
-33.8978
-33.6644
-33.4459
-33.2462
-33.0627
-32.8913
-32.7296
-32.581
-32.4355
-32.2842
-32.1323
-31.9945
-31.8642
-31.7362
-31.637
-31.5715
-31.516
-31.4599
-31.4088
-31.3697
-31.3262
-31.261
-31.1831
-31.1132
-31.0598
-30.9944
-30.9438
-40.8933
-40.7685
-40.6253
-40.4588
-40.2754
-40.0779
-39.8833
-39.7021
-39.555
-39.4465
-39.3836
-39.3528
-39.345
-39.3365
-39.3183
-39.2775
-39.2265
-39.1741
-39.1434
-39.1325
-39.1417
-39.15
-39.1525
-39.1366
-39.1077
-39.0642
-39.0151
-38.9633
-38.9183
-38.8865
-38.8771
-38.8971
-38.9531
-39.05
-39.1888
-39.371
-39.5929
-39.8503
-40.1348
-40.4406
-40.7581
-41.0807
-41.3999
-41.7124
-42.0138
-42.305
-42.5845
-42.8555
-43.1194
-43.3815
-43.6457
-43.9165
-44.1999
-44.4931
-44.799
-45.1098
-45.4233
-45.7354
-46.0457
-46.3515
-46.6509
-46.9425
-47.2251
-47.5011
-47.7718
-48.0376
-48.2941
-48.5077
-48.69
-48.8678
-49.0376
-49.1925
-49.3288
-49.4385
-49.531
-49.5885
-49.6162
-49.564
-49.5658
-49.4238
-41.0006
-41.0952
-41.186
-41.2892
-41.4133
-41.5617
-41.7295
-41.9073
-42.0816
-42.2393
-42.3692
-42.4642
-42.522
-42.5433
-42.5319
-42.4933
-42.4333
-42.3565
-42.2668
-42.166
-42.0575
-41.9409
-41.8178
-41.6878
-41.5522
-41.4117
-41.2662
-41.1136
-40.9553
-40.7886
-40.6133
-40.426
-40.226
-40.0141
-39.7905
-39.5534
-39.3048
-39.0468
-38.7841
-38.5115
-38.2292
-37.94
-37.6494
-37.3525
-37.0468
-36.7362
-36.431
-36.1273
-35.824
-35.5224
-35.2327
-34.9539
-34.6828
-34.4223
-34.1774
-33.947
-33.7321
-33.536
-33.3558
-33.1852
-33.0222
-32.8703
-32.7183
-32.5577
-32.3947
-32.2427
-32.0937
-31.9614
-31.8518
-31.7605
-31.6779
-31.5947
-31.5189
-31.4522
-31.3749
-31.2795
-31.1913
-31.1243
-31.0502
-30.9927
-41.0117
-40.866
-40.7091
-40.5491
-40.399
-40.2664
-40.1623
-40.0917
-40.0602
-40.0618
-40.0897
-40.1264
-40.1587
-40.1701
-40.1572
-40.1198
-40.0728
-40.0299
-40.0076
-40.0053
-40.0171
-40.027
-40.0273
-40.0119
-39.9836
-39.9447
-39.8986
-39.8483
-39.7958
-39.7471
-39.7049
-39.677
-39.6648
-39.6757
-39.7084
-39.7708
-39.863
-39.9937
-40.1585
-40.3616
-40.5937
-40.8559
-41.135
-41.4319
-41.7334
-42.0412
-42.343
-42.6421
-42.9305
-43.2156
-43.4951
-43.7782
-44.0639
-44.3581
-44.656
-44.9592
-45.2635
-45.571
-45.8792
-46.1873
-46.4929
-46.7922
-47.0856
-47.3728
-47.6553
-47.9307
-48.1957
-48.4154
-48.6034
-48.7878
-48.9636
-49.1231
-49.26
-49.3624
-49.4361
-49.4648
-49.4603
-49.3813
-49.3536
-49.1982
-41.1337
-41.2287
-41.2946
-41.3413
-41.3797
-41.4245
-41.4853
-41.5684
-41.6725
-41.7916
-41.9147
-42.0302
-42.1264
-42.195
-42.2301
-42.2297
-42.1959
-42.132
-42.0434
-41.9342
-41.8098
-41.6749
-41.5329
-41.3855
-41.2352
-41.083
-40.9312
-40.7786
-40.624
-40.468
-40.3086
-40.1449
-39.9735
-39.7935
-39.6055
-39.4094
-39.2027
-38.9873
-38.7643
-38.5382
-38.3025
-38.058
-37.8063
-37.5533
-37.2922
-37.0218
-36.7453
-36.4729
-36.1988
-35.9227
-35.6468
-35.3808
-35.1211
-34.8666
-34.6203
-34.3896
-34.1718
-33.9675
-33.7794
-33.6045
-33.4356
-33.271
-33.1145
-32.9536
-32.7805
-32.6037
-32.4361
-32.2872
-32.151
-32.0156
-31.8979
-31.7875
-31.6761
-31.5717
-31.473
-31.3667
-31.2614
-31.1778
-31.0914
-31.0302
-41.0622
-40.9504
-40.8478
-40.7641
-40.7066
-40.6797
-40.6841
-40.718
-40.7736
-40.8404
-40.904
-40.9529
-40.9764
-40.973
-40.9445
-40.9031
-40.86
-40.832
-40.8251
-40.8429
-40.8723
-40.9054
-40.928
-40.9419
-40.9417
-40.9349
-40.9165
-40.892
-40.8545
-40.8089
-40.7498
-40.6834
-40.6072
-40.5282
-40.448
-40.3765
-40.3249
-40.3085
-40.3404
-40.4224
-40.5552
-40.7279
-40.9402
-41.181
-41.4517
-41.7388
-42.0427
-42.3496
-42.6614
-42.9694
-43.2787
-43.5862
-43.8963
-44.2075
-44.5208
-44.8347
-45.1497
-45.4671
-45.786
-46.106
-46.4229
-46.736
-47.0427
-47.3432
-47.6353
-47.9178
-48.1843
-48.4024
-48.5874
-48.7674
-48.9377
-49.0917
-49.221
-49.3108
-49.3634
-49.3654
-49.3302
-49.2244
-49.165
-49.0002
-41.1704
-41.2716
-41.356
-41.4144
-41.4452
-41.4524
-41.4465
-41.4393
-41.443
-41.4655
-41.5102
-41.5744
-41.6515
-41.7309
-41.8022
-41.8543
-41.8794
-41.8728
-41.8324
-41.7596
-41.6566
-41.5284
-41.3812
-41.2201
-41.0494
-40.8741
-40.6974
-40.5236
-40.3523
-40.1839
-40.0189
-39.8559
-39.6935
-39.5285
-39.3597
-39.1875
-39.0109
-38.8274
-38.638
-38.4441
-38.2486
-38.0452
-37.8346
-37.6188
-37.4015
-37.1764
-36.9421
-36.7025
-36.4645
-36.2223
-35.9756
-35.7286
-35.488
-35.2511
-35.0168
-34.7909
-34.5771
-34.372
-34.1761
-33.9939
-33.82
-33.6486
-33.4776
-33.3108
-33.136
-32.9469
-32.7558
-32.5939
-32.4449
-32.2833
-32.1241
-31.9809
-31.8408
-31.6992
-31.565
-31.4399
-31.3228
-31.221
-31.121
-31.0522
-41.221
-41.2402
-41.2675
-41.3006
-41.3393
-41.3845
-41.4363
-41.4935
-41.551
-41.6014
-41.6363
-41.6503
-41.6416
-41.6145
-41.5763
-41.5378
-41.5087
-41.4975
-41.5069
-41.5358
-41.5766
-41.6209
-41.6603
-41.6924
-41.7161
-41.7336
-41.7441
-41.7487
-41.7446
-41.7327
-41.7115
-41.6846
-41.6513
-41.6149
-41.573
-41.5289
-41.4814
-41.439
-41.4045
-41.3898
-41.3972
-41.4369
-41.5089
-41.6192
-41.7646
-41.9456
-42.1571
-42.3943
-42.6539
-42.9293
-43.2205
-43.5204
-43.8313
-44.1461
-44.4675
-44.7903
-45.118
-45.4477
-45.7805
-46.1129
-46.4435
-46.7692
-47.0886
-47.3988
-47.697
-47.9793
-48.241
-48.4492
-48.6226
-48.7871
-48.9415
-49.0799
-49.1933
-49.2671
-49.3011
-49.2815
-49.2203
-49.0924
-49.0066
-48.8397
-41.2153
-41.2319
-41.2697
-41.3183
-41.3661
-41.4024
-41.4199
-41.4166
-41.3949
-41.3619
-41.3259
-41.2955
-41.277
-41.2734
-41.2841
-41.305
-41.3292
-41.3486
-41.3557
-41.3436
-41.3074
-41.2437
-41.152
-41.0347
-40.8947
-40.7356
-40.5626
-40.3805
-40.1949
-40.0081
-39.8226
-39.6402
-39.4625
-39.2885
-39.1174
-38.9476
-38.7803
-38.6138
-38.4465
-38.2777
-38.1087
-37.9401
-37.7679
-37.5911
-37.4119
-37.2308
-37.0442
-36.8487
-36.649
-36.4472
-36.2414
-36.0286
-35.8151
-35.6034
-35.3938
-35.1825
-34.9754
-34.774
-34.5775
-34.385
-34.2008
-34.0206
-33.8394
-33.6565
-33.4731
-33.2807
-33.0764
-32.8933
-32.7329
-32.5591
-32.3717
-32.1874
-32.0164
-31.8457
-31.6734
-31.5142
-31.3795
-31.2631
-31.1454
-31.0689
-40.4327
-40.5592
-40.6713
-40.7667
-40.8503
-40.9258
-40.9989
-41.0704
-41.1402
-41.2034
-41.257
-41.2978
-41.3279
-41.3504
-41.3717
-41.3982
-41.4348
-41.4847
-41.5469
-41.6198
-41.6977
-41.778
-41.8557
-41.9331
-42.0081
-42.0862
-42.164
-42.2461
-42.3267
-42.4101
-42.4913
-42.5765
-42.6617
-42.752
-42.8397
-42.9234
-42.9908
-43.0376
-43.0574
-43.0553
-43.0384
-43.019
-43.0081
-43.0139
-43.0447
-43.1019
-43.1918
-43.3104
-43.4637
-43.6432
-43.8535
-44.0836
-44.3367
-44.602
-44.883
-45.1726
-45.4738
-45.7814
-46.0957
-46.4111
-46.7265
-47.0374
-47.342
-47.6358
-47.9142
-48.1737
-48.4073
-48.5881
-48.7318
-48.865
-48.9864
-49.0923
-49.1762
-49.2251
-49.2356
-49.1948
-49.113
-48.9688
-48.8651
-48.6991
-40.2972
-40.1742
-40.0803
-40.0215
-39.9988
-40.007
-40.0367
-40.0759
-40.1135
-40.1408
-40.1537
-40.1524
-40.1412
-40.1262
-40.115
-40.1133
-40.1256
-40.1514
-40.1887
-40.2322
-40.2753
-40.31
-40.3287
-40.3255
-40.2971
-40.2416
-40.1581
-40.0497
-39.9192
-39.7727
-39.6128
-39.4444
-39.271
-39.0971
-38.9235
-38.7519
-38.5823
-38.4172
-38.256
-38.0973
-37.9414
-37.789
-37.6413
-37.4929
-37.3447
-37.1959
-37.0487
-36.8955
-36.7373
-36.5737
-36.4099
-36.2375
-36.0594
-35.876
-35.6932
-35.5039
-35.3095
-35.1129
-34.9192
-34.723
-34.5267
-34.3342
-34.144
-33.949
-33.7496
-33.5492
-33.3408
-33.1452
-32.9683
-32.7852
-32.587
-32.3782
-32.1739
-31.9795
-31.7825
-31.5905
-31.4266
-31.2942
-31.163
-31.0729
-39.7505
-39.9066
-40.041
-40.1588
-40.2641
-40.3594
-40.4462
-40.5265
-40.6017
-40.6737
-40.7438
-40.814
-40.887
-40.9648
-41.05
-41.1437
-41.2475
-41.3594
-41.4794
-41.6032
-41.7308
-41.858
-41.9878
-42.1179
-42.2546
-42.3951
-42.5447
-42.6971
-42.8564
-43.0144
-43.1763
-43.3349
-43.4984
-43.6615
-43.8323
-44.0022
-44.172
-44.3276
-44.4654
-44.5745
-44.6563
-44.712
-44.7484
-44.7739
-44.7933
-44.8172
-44.8469
-44.8944
-44.9573
-45.0472
-45.1575
-45.2963
-45.4546
-45.6377
-45.838
-46.0593
-46.2953
-46.5458
-46.8041
-47.067
-47.3297
-47.589
-47.8419
-48.0829
-48.3081
-48.5122
-48.6912
-48.8199
-48.9177
-49.0013
-49.0718
-49.1281
-49.1663
-49.1745
-49.1529
-49.0875
-48.9875
-48.8328
-48.7172
-48.5525
-39.5742
-39.3825
-39.187
-39.0012
-38.8375
-38.7077
-38.6172
-38.567
-38.5519
-38.563
-38.5892
-38.62
-38.6477
-38.6673
-38.679
-38.6857
-38.6943
-38.7102
-38.7408
-38.7879
-38.8555
-38.9394
-39.0371
-39.139
-39.2403
-39.331
-39.407
-39.4586
-39.486
-39.4842
-39.4579
-39.4036
-39.3274
-39.2295
-39.1175
-38.9909
-38.8556
-38.7108
-38.5638
-38.4129
-38.2611
-38.1078
-37.9569
-37.8082
-37.659
-37.509
-37.3595
-37.2108
-37.0571
-36.8986
-36.7362
-36.5723
-36.3994
-36.219
-36.0332
-35.8444
-35.6469
-35.4412
-35.2336
-35.0258
-34.8135
-34.5984
-34.3871
-34.1767
-33.9606
-33.7398
-33.5216
-33.3201
-33.1326
-32.9358
-32.7319
-32.5152
-32.2896
-32.0687
-31.8559
-31.6449
-31.4546
-31.2995
-31.1596
-31.063
-41.557
-41.6222
-41.6874
-41.7623
-41.8524
-41.9536
-42.0605
-42.165
-42.2645
-42.3557
-42.4419
-42.5239
-42.6071
-42.6921
-42.7823
-42.8755
-42.9731
-43.0711
-43.1697
-43.265
-43.358
-43.4458
-43.5312
-43.6133
-43.6971
-43.784
-43.8791
-43.9818
-44.0937
-44.2118
-44.3358
-44.4636
-44.5961
-44.7343
-44.8815
-45.0395
-45.2092
-45.3876
-45.5691
-45.7452
-45.9084
-46.0522
-46.1748
-46.2753
-46.3565
-46.4212
-46.4741
-46.5212
-46.5672
-46.6199
-46.6813
-46.7583
-46.8494
-46.9603
-47.0879
-47.2356
-47.3979
-47.5735
-47.7551
-47.9393
-48.1211
-48.2986
-48.4684
-48.6271
-48.77
-48.895
-48.9957
-49.0593
-49.0985
-49.123
-49.1337
-49.1317
-49.1137
-49.0751
-49.0154
-48.9244
-48.8094
-48.6489
-48.5243
-48.3601
-41.4712
-41.3631
-41.2269
-41.0622
-40.8769
-40.6807
-40.4882
-40.3106
-40.1597
-40.0388
-39.95
-39.8857
-39.8397
-39.7994
-39.7572
-39.7039
-39.6384
-39.5595
-39.474
-39.3864
-39.3071
-39.2421
-39.1995
-39.18
-39.1857
-39.2119
-39.2568
-39.311
-39.3689
-39.4213
-39.4648
-39.4925
-39.5017
-39.4881
-39.4532
-39.3966
-39.3202
-39.2239
-39.1111
-38.9849
-38.8478
-38.7001
-38.545
-38.3855
-38.2232
-38.056
-37.8852
-37.7138
-37.5407
-37.3629
-37.1792
-36.9939
-36.805
-36.6081
-36.402
-36.1927
-35.9785
-35.756
-35.5248
-35.2931
-35.0607
-34.8223
-34.5805
-34.3433
-34.107
-33.8663
-33.6265
-33.4161
-33.2239
-33.0176
-32.8026
-32.5825
-32.35
-32.1101
-31.8766
-31.6565
-31.4525
-31.2774
-31.1224
-31.0245
-42.5534
-42.6163
-42.6962
-42.7974
-42.9201
-43.0588
-43.2057
-43.3535
-43.4973
-43.6348
-43.7665
-43.8934
-44.018
-44.1412
-44.2643
-44.3864
-44.5069
-44.6233
-44.7348
-44.8393
-44.9368
-45.0264
-45.109
-45.1851
-45.2569
-45.3265
-45.3979
-45.4739
-45.5563
-45.644
-45.7346
-45.8256
-45.9154
-46.0046
-46.0952
-46.1914
-46.2974
-46.4176
-46.5533
-46.704
-46.8651
-47.0312
-47.1957
-47.3532
-47.4993
-47.6315
-47.7479
-47.8495
-47.9365
-48.0133
-48.0814
-48.1468
-48.211
-48.2802
-48.3544
-48.4374
-48.5262
-48.6196
-48.7122
-48.8021
-48.8862
-48.9644
-49.0347
-49.0951
-49.1431
-49.1766
-49.1936
-49.1878
-49.1679
-49.1348
-49.0895
-49.0317
-48.964
-48.881
-48.7882
-48.6762
-48.5517
-48.3936
-48.2684
-48.106
-42.4963
-42.4426
-42.3813
-42.3021
-42.1991
-42.07
-41.9188
-41.7532
-41.5854
-41.4272
-41.2905
-41.1817
-41.1041
-41.0536
-41.0235
-41.0018
-40.9772
-40.9384
-40.8786
-40.7934
-40.684
-40.5546
-40.4142
-40.2711
-40.135
-40.0127
-39.9106
-39.8322
-39.7772
-39.7424
-39.7238
-39.7166
-39.7149
-39.712
-39.7016
-39.6807
-39.6457
-39.5947
-39.5246
-39.4365
-39.3312
-39.2098
-39.0722
-38.9207
-38.7585
-38.587
-38.4052
-38.2152
-38.0206
-37.8205
-37.6128
-37.3981
-37.1805
-36.9587
-36.7273
-36.4884
-36.2467
-36.0019
-35.748
-35.4874
-35.2278
-34.9682
-34.7019
-34.4333
-34.1712
-33.9138
-33.6569
-33.4301
-33.2311
-33.0231
-32.8007
-32.5738
-32.3421
-32.0974
-31.8497
-31.6181
-31.4104
-31.2247
-31.0567
-30.9511
-43.5995
-43.7312
-43.8735
-44.0236
-44.178
-44.3323
-44.481
-44.6216
-44.7529
-44.8765
-44.9935
-45.1066
-45.2162
-45.3243
-45.43
-45.5343
-45.6354
-45.7338
-45.8278
-45.9181
-46.0037
-46.0859
-46.1641
-46.24
-46.3132
-46.3857
-46.4579
-46.5323
-46.6096
-46.6909
-46.7737
-46.8551
-46.9302
-46.9972
-47.0545
-47.1054
-47.1522
-47.2014
-47.2569
-47.3261
-47.411
-47.5152
-47.6358
-47.7721
-47.9184
-48.0725
-48.2277
-48.382
-48.5279
-48.6649
-48.7868
-48.896
-48.9895
-49.0713
-49.1405
-49.2003
-49.2489
-49.2867
-49.3118
-49.3253
-49.3275
-49.3207
-49.3049
-49.2806
-49.2458
-49.2023
-49.1478
-49.0866
-49.022
-48.9483
-48.8639
-48.771
-48.6694
-48.5601
-48.4473
-48.3265
-48.2049
-48.0633
-47.9499
-47.7981
-43.4873
-43.3903
-43.3027
-43.2161
-43.1215
-43.0104
-42.8761
-42.7165
-42.5337
-42.3356
-42.1329
-41.9397
-41.7683
-41.6297
-41.5288
-41.4664
-41.4358
-41.4273
-41.4271
-41.4225
-41.4001
-41.3515
-41.2711
-41.1604
-41.0222
-40.8642
-40.6941
-40.5228
-40.3587
-40.2089
-40.0764
-39.9643
-39.8723
-39.7986
-39.7377
-39.6852
-39.6363
-39.5869
-39.5318
-39.4667
-39.3888
-39.298
-39.1915
-39.0688
-38.9293
-38.7763
-38.6085
-38.4265
-38.2307
-38.0264
-37.8111
-37.5854
-37.3495
-37.1101
-36.8637
-36.6081
-36.3448
-36.081
-35.8132
-35.5371
-35.2547
-34.976
-34.6974
-34.4125
-34.1265
-33.8522
-33.5874
-33.3503
-33.1414
-32.9326
-32.7136
-32.4842
-32.2508
-32.0131
-31.7673
-31.5282
-31.3169
-31.1315
-30.9579
-30.8476
-46.0002
-46.1664
-46.3137
-46.4397
-46.5445
-46.6339
-46.7085
-46.7749
-46.8333
-46.8897
-46.9414
-46.9922
-47.0377
-47.0809
-47.1172
-47.1503
-47.1763
-47.1992
-47.2155
-47.2297
-47.2388
-47.2476
-47.2532
-47.2604
-47.2665
-47.2762
-47.2863
-47.3012
-47.3176
-47.3397
-47.3639
-47.3935
-47.422
-47.4496
-47.4687
-47.4809
-47.4824
-47.4782
-47.4674
-47.457
-47.4486
-47.4515
-47.4681
-47.5057
-47.5647
-47.6486
-47.7553
-47.8839
-48.029
-48.185
-48.3444
-48.5005
-48.6473
-48.7798
-48.8944
-48.9879
-49.0583
-49.1045
-49.1272
-49.1283
-49.1112
-49.0793
-49.0349
-48.9789
-48.9121
-48.8362
-48.7518
-48.6695
-48.5914
-48.5084
-48.4184
-48.3192
-48.2143
-48.1026
-47.9913
-47.8785
-47.774
-47.6599
-47.5673
-47.4266
-45.8382
-45.6799
-45.5274
-45.3806
-45.2347
-45.0854
-44.9227
-44.7409
-44.5305
-44.2913
-44.0213
-43.7305
-43.4264
-43.1266
-42.8427
-42.5918
-42.3803
-42.2157
-42.093
-42.0081
-41.9466
-41.897
-41.8415
-41.7705
-41.6723
-41.5446
-41.3833
-41.1949
-40.9833
-40.7612
-40.5337
-40.312
-40.1004
-39.908
-39.7341
-39.5818
-39.4457
-39.3276
-39.2203
-39.1226
-39.0255
-38.929
-38.8271
-38.719
-38.5985
-38.4667
-38.3215
-38.1637
-37.9895
-37.8022
-37.6032
-37.3924
-37.1684
-36.9343
-36.6946
-36.4475
-36.1892
-35.9242
-35.6576
-35.3866
-35.1055
-34.8189
-34.5364
-34.2537
-33.9641
-33.6774
-33.4068
-33.1701
-32.9583
-32.7457
-32.5318
-32.3094
-32.0779
-31.8457
-31.6124
-31.3804
-31.1664
-30.9819
-30.8121
-30.7014
-44.163
-44.334
-44.5015
-44.661
-44.8112
-44.9528
-45.085
-45.2103
-45.3289
-45.4445
-45.5559
-45.6653
-45.7697
-45.8707
-45.965
-46.0547
-46.1371
-46.2149
-46.2854
-46.3517
-46.411
-46.4667
-46.5157
-46.5616
-46.6017
-46.6394
-46.672
-46.7034
-46.7309
-46.7584
-46.7836
-46.8113
-46.839
-46.8696
-46.8965
-46.918
-46.9265
-46.9225
-46.9034
-46.8734
-46.8333
-46.7897
-46.7455
-46.708
-46.6803
-46.6707
-46.6829
-46.7225
-46.7896
-46.884
-47.0013
-47.1369
-47.2844
-47.4364
-47.5863
-47.7261
-47.8511
-47.9558
-48.0393
-48.1004
-48.1412
-48.1629
-48.1666
-48.1533
-48.1224
-48.0765
-48.017
-47.9563
-47.9013
-47.8451
-47.7818
-47.7099
-47.6297
-47.5411
-47.4516
-47.3624
-47.2841
-47.2021
-47.1308
-47.0036
-44.0024
-43.8531
-43.7169
-43.5972
-43.4928
-43.4035
-43.3231
-43.2464
-43.1623
-43.0628
-42.937
-42.7811
-42.5915
-42.3737
-42.1343
-41.8881
-41.6482
-41.4315
-41.248
-41.1075
-41.0104
-40.9547
-40.9295
-40.9231
-40.919
-40.9052
-40.8671
-40.7975
-40.6893
-40.5451
-40.367
-40.163
-39.9386
-39.7054
-39.4704
-39.2431
-39.0259
-38.824
-38.6383
-38.4707
-38.3179
-38.1779
-38.047
-37.9241
-37.8034
-37.6822
-37.556
-37.4249
-37.2847
-37.1332
-36.9699
-36.7969
-36.6114
-36.4128
-36.203
-35.9866
-35.7604
-35.5211
-35.2739
-35.0234
-34.7658
-34.4956
-34.2189
-33.9461
-33.672
-33.3924
-33.1198
-32.8855
-32.6798
-32.4694
-32.2552
-32.0423
-31.8221
-31.5953
-31.3721
-31.1557
-30.9511
-30.7688
-30.6081
-30.5046
-42.4883
-42.6578
-42.8145
-42.9568
-43.0862
-43.2062
-43.3182
-43.4252
-43.5285
-43.6302
-43.7302
-43.8292
-43.9263
-44.0215
-44.114
-44.2042
-44.2917
-44.3775
-44.4612
-44.5438
-44.6248
-44.7054
-44.7847
-44.864
-44.9423
-45.0212
-45.1
-45.1806
-45.2629
-45.3496
-45.4417
-45.5422
-45.6515
-45.7707
-45.8949
-46.0162
-46.1194
-46.1894
-46.2123
-46.1816
-46.0957
-45.9608
-45.7888
-45.6027
-45.4252
-45.2767
-45.165
-45.0923
-45.0552
-45.0527
-45.0847
-45.1518
-45.2537
-45.3859
-45.543
-45.7159
-45.8974
-46.0796
-46.2572
-46.425
-46.5795
-46.7168
-46.8339
-46.9275
-46.9958
-47.0381
-47.056
-47.0581
-47.06
-47.0607
-47.0533
-47.0332
-46.9994
-46.9524
-46.8994
-46.8434
-46.7954
-46.7447
-46.6969
-46.5842
-42.3173
-42.1486
-41.9865
-41.8331
-41.6926
-41.5672
-41.4588
-41.3666
-41.2874
-41.2151
-41.1412
-41.0563
-40.9507
-40.8181
-40.6546
-40.4624
-40.2478
-40.0231
-39.8023
-39.601
-39.4326
-39.308
-39.2321
-39.2036
-39.2153
-39.2556
-39.3106
-39.3643
-39.4017
-39.4105
-39.3832
-39.3166
-39.2103
-39.0677
-38.8954
-38.7024
-38.4968
-38.2859
-38.0757
-37.8729
-37.6811
-37.5024
-37.3353
-37.1807
-37.037
-36.9018
-36.7707
-36.6414
-36.5118
-36.3792
-36.2394
-36.0929
-35.9389
-35.7753
-35.5995
-35.4142
-35.2217
-35.0189
-34.8015
-34.5757
-34.345
-34.1047
-33.8488
-33.585
-33.3254
-33.0673
-32.8049
-32.5712
-32.369
-32.1658
-31.9542
-31.7418
-31.5323
-31.3192
-31.1045
-30.8976
-30.704
-30.5247
-30.3612
-30.2605
-40.5488
-40.655
-40.7571
-40.8556
-40.953
-41.0517
-41.1535
-41.2578
-41.3654
-41.4743
-41.585
-41.6955
-41.8067
-41.9166
-42.0265
-42.1347
-42.2428
-42.3492
-42.4555
-42.5599
-42.664
-42.7657
-42.8665
-42.9641
-43.0598
-43.1513
-43.2396
-43.3226
-43.4006
-43.4704
-43.5293
-43.5702
-43.5861
-43.5677
-43.5118
-43.4224
-43.317
-43.221
-43.1657
-43.1776
-43.2764
-43.4651
-43.73
-44.0359
-44.3369
-44.5882
-44.7628
-44.855
-44.8781
-44.8529
-44.8005
-44.7387
-44.6815
-44.6421
-44.6307
-44.6574
-44.7255
-44.8369
-44.9852
-45.1642
-45.3605
-45.5643
-45.7604
-45.9407
-46.0938
-46.2151
-46.3025
-46.3588
-46.4061
-46.4512
-46.4845
-46.4991
-46.4948
-46.4722
-46.4385
-46.3984
-46.3636
-46.3307
-46.2934
-46.1905
-40.4351
-40.3197
-40.2037
-40.0864
-39.9712
-39.8593
-39.7556
-39.6618
-39.5825
-39.5167
-39.4651
-39.4215
-39.3808
-39.3319
-39.2664
-39.1732
-39.047
-38.8838
-38.6874
-38.4646
-38.2289
-37.9946
-37.7799
-37.5986
-37.4635
-37.3793
-37.3481
-37.3633
-37.4156
-37.4894
-37.5703
-37.6425
-37.6936
-37.712
-37.6919
-37.6304
-37.5297
-37.3932
-37.2272
-37.0391
-36.838
-36.6313
-36.4261
-36.2271
-36.0401
-35.8669
-35.7083
-35.5629
-35.4298
-35.3069
-35.1896
-35.0742
-34.959
-34.8407
-34.7153
-34.5799
-34.4347
-34.2806
-34.1115
-33.928
-33.7322
-33.5262
-33.3048
-33.0678
-32.8247
-32.5836
-32.3399
-32.1144
-31.9167
-31.7214
-31.5191
-31.3125
-31.107
-30.9003
-30.6892
-30.4917
-30.3218
-30.1774
-30.0436
-29.9501
)
;

boundaryField
{
    inlet
    {
        type            freestreamPressure;
    }
    outlet
    {
        type            freestreamPressure;
    }
    walls
    {
        type            zeroGradient;
    }
    frontAndBack
    {
        type            empty;
    }
}


// ************************************************************************* //
