/*--------------------------------*- C++ -*----------------------------------*\
| =========                 |                                                 |
| \\      /  F ield         | OpenFOAM: The Open Source CFD Toolbox           |
|  \\    /   O peration     | Version:  3.0.0                                 |
|   \\  /    A nd           | Web:      www.OpenFOAM.org                      |
|    \\/     M anipulation  |                                                 |
\*---------------------------------------------------------------------------*/
FoamFile
{
    version     2.0;
    format      ascii;
    class       volScalarField;
    location    "1.25";
    object      p;
}
// * * * * * * * * * * * * * * * * * * * * * * * * * * * * * * * * * * * * * //

dimensions      [0 2 -2 0 0 0 0];

internalField   nonuniform List<scalar> 
4096
(
0.00374217
-0.00111233
-0.00619922
-0.0121814
-0.0183464
-0.0230341
-0.0244503
-0.0217272
-0.0151599
-0.00675817
0.00136456
0.00744169
0.0107268
0.0111186
0.00932804
0.00672738
-0.00154994
-0.00764902
-0.013801
-0.020097
-0.0255826
-0.0287165
-0.02802
-0.0230047
-0.0145671
-0.00477231
0.00397918
0.00994098
0.0122974
0.0113036
0.00789285
0.00339935
-0.00489024
-0.0108081
-0.0164088
-0.0215453
-0.0253062
-0.0263836
-0.0237663
-0.0174069
-0.00847708
0.000940836
0.00857909
0.012808
0.0132501
0.0105227
0.00583413
0.000479249
-0.00798837
-0.0126981
-0.0167113
-0.019977
-0.0217494
-0.0210603
-0.0173026
-0.0106929
-0.00244889
0.00547238
0.0110165
0.0129671
0.0113164
0.00708616
0.00171456
-0.0034068
-0.0102655
-0.0130395
-0.0147971
-0.0158882
-0.0157927
-0.0138521
-0.00974654
-0.00379239
0.00288172
0.0085382
0.0114538
0.0108363
0.00715678
0.00182415
-0.00355429
-0.00749247
-0.0106429
-0.0112387
-0.0105914
-0.00961706
-0.00802805
-0.00538188
-0.00151906
0.00324865
0.00793091
0.0110326
0.0112065
0.00810756
0.00269244
-0.0032905
-0.00814497
-0.0102723
-0.00832893
-0.00705867
-0.00435093
-0.00179134
0.000737205
0.00358474
0.00685986
0.010266
0.0129718
0.0137126
0.0114791
0.00635409
-0.000274078
-0.00641814
-0.0104031
-0.0104569
-0.00319903
-0.000722099
0.00336845
0.00682207
0.00966445
0.0122574
0.0147331
0.0168607
0.0179124
0.0168094
0.0128303
0.00640954
-0.00075788
-0.00657505
-0.00950291
-0.00755168
0.00394212
0.00689455
0.0116285
0.0152952
0.0178827
0.0198464
0.0213953
0.022357
0.0221765
0.0198884
0.0149795
0.00810462
0.00111188
-0.00396461
-0.00579406
-0.00214217
0.0114259
0.0143009
0.0191072
0.0224972
0.0244163
0.0254137
0.0258592
0.0258105
0.0247783
0.0219466
0.016921
0.0104039
0.00422131
0.000181941
-0.00064738
0.00420377
0.017316
0.0197955
0.0242846
0.0270902
0.0280857
0.0278837
0.0271059
0.0260648
0.0244939
0.0217079
0.0173122
0.0118938
0.00702631
0.00419566
0.00419409
0.00967194
0.0200943
0.0219846
0.0257922
0.0277222
0.0275447
0.0259777
0.0238977
0.0219813
0.02026
0.018144
0.0151198
0.0114417
0.00828505
0.00674706
0.00736017
0.012805
0.019382
0.0204367
0.0230484
0.0236288
0.0219599
0.0188818
0.0155988
0.0131809
0.0119215
0.0112139
0.0102474
0.00890232
0.00773256
0.00745061
0.00847916
0.0133174
0.0158823
0.0156989
0.0164636
0.0151384
0.0116376
0.0070433
0.00292778
0.000677308
0.000686263
0.00217158
0.00391866
0.00522414
0.00613924
0.00698689
0.00812901
0.0117319
0.0108669
0.00904495
0.00744117
0.00385706
-0.00148463
-0.00716999
-0.0113382
-0.0125275
-0.0105011
-0.00636997
-0.00177678
0.00213034
0.00483673
0.00643017
0.00728783
0.00915912
0.00744707
0.00422558
0.000670203
-0.0045385
-0.0107629
-0.0162784
-0.0191911
-0.0183993
-0.0141314
-0.00789379
-0.00157729
0.00344776
0.00657784
0.00786966
0.00781775
0.0078183
0.000204099
-0.00502772
-0.00955719
-0.0147312
-0.019978
-0.0236484
-0.0239283
-0.0199593
-0.012717
-0.00386366
0.00431209
0.0100327
0.012283
0.0112533
0.00783059
0.00411763
-0.00487291
-0.0106898
-0.016046
-0.0215178
-0.0265148
-0.0296138
-0.0292877
-0.0248022
-0.0167887
-0.00698976
0.00210209
0.00843121
0.0108469
0.0094522
0.00533787
0.000302667
-0.00873698
-0.0142615
-0.0191907
-0.0237675
-0.0273656
-0.0287236
-0.0266599
-0.0208277
-0.0121103
-0.00243882
0.00572307
0.0104814
0.0110638
0.00798089
0.00265743
-0.00319188
-0.0124696
-0.0167008
-0.0201583
-0.023075
-0.024885
-0.0245608
-0.0212623
-0.0149339
-0.00664041
0.00181065
0.0078923
0.0102124
0.00851923
0.00382539
-0.00214875
-0.00770573
-0.01538
-0.0174972
-0.0187441
-0.0195431
-0.019459
-0.0177136
-0.013782
-0.00779872
-0.000858402
0.00519274
0.00840538
0.0077764
0.00372061
-0.00222717
-0.00814144
-0.0124146
-0.0161381
-0.0158052
-0.0145892
-0.0132202
-0.011417
-0.0086432
-0.00462367
0.000453509
0.00540409
0.00861496
0.00860531
0.00498341
-0.00117436
-0.00789506
-0.0131691
-0.015539
-0.0136244
-0.0111274
-0.00773814
-0.00460448
-0.00159134
0.00169923
0.0054291
0.00913552
0.0119291
0.0123902
0.00949594
0.00340793
-0.00418955
-0.0110643
-0.0152675
-0.0155136
-0.00760644
-0.00372048
0.00114034
0.00530124
0.00878443
0.011928
0.0148363
0.0171802
0.0180911
0.0164082
0.0114808
0.00394051
-0.00421216
-0.0106217
-0.0135714
-0.0117397
0.000915415
0.00518892
0.0106556
0.0149915
0.0181504
0.0205215
0.0222934
0.0233789
0.0229673
0.0200761
0.014266
0.00640319
-0.00138581
-0.00684976
-0.0085663
-0.00496701
0.00989249
0.0136216
0.0189053
0.0226754
0.0248533
0.0259812
0.0265303
0.0265657
0.0255179
0.0224273
0.0168682
0.00971735
0.00302605
-0.00123686
-0.00194892
0.00294458
0.0169466
0.0194812
0.0239945
0.0266858
0.0274762
0.0271414
0.0264593
0.0258163
0.0247965
0.0223836
0.0179914
0.0123228
0.00719362
0.00419242
0.00416055
0.00976413
0.0202978
0.0213382
0.0246775
0.0259887
0.0252363
0.0234063
0.0216474
0.0206956
0.0202298
0.0191057
0.0165463
0.0128969
0.00957423
0.00777548
0.00810903
0.01376
0.0194901
0.0190173
0.0208847
0.0206465
0.0183237
0.0151273
0.0125512
0.0116237
0.0121073
0.0127286
0.0123884
0.0110673
0.00964388
0.00892424
0.00936645
0.0143806
0.0153643
0.01352
0.0136774
0.0117619
0.00791374
0.00353603
0.000399667
-0.000245068
0.00144053
0.00407837
0.00624934
0.00742828
0.00791974
0.00814805
0.00849513
0.0122249
0.00965238
0.00656683
0.00482693
0.00119471
-0.00402757
-0.00929503
-0.012686
-0.0128591
-0.00992172
-0.00527609
-0.000594614
0.0030722
0.00541134
0.006487
0.00663662
0.00865275
0.00493583
0.000825456
-0.00257059
-0.00738895
-0.0129981
-0.0176167
-0.0193763
-0.0173908
-0.012331
-0.00588066
0.000172819
0.00465408
0.00708592
0.00752568
0.00645188
0.00608929
-0.00316025
-0.00777672
-0.0114339
-0.0158858
-0.0205935
-0.023772
-0.0234379
-0.0188337
-0.0108788
-0.00175645
0.00614915
0.0110648
0.0122251
0.00993935
0.00546706
0.00139949
-0.00809105
-0.0130734
-0.0173587
-0.0217667
-0.0259448
-0.0287031
-0.0286509
-0.0249925
-0.0180498
-0.00928793
-0.000864428
0.00515439
0.00749151
0.0060609
0.00196237
-0.0028173
-0.0122297
-0.0168103
-0.0205026
-0.0239505
-0.0268006
-0.0279822
-0.0263371
-0.0213721
-0.0136791
-0.00494999
0.00259042
0.00700264
0.00737503
0.00409924
-0.00131269
-0.00681963
-0.0164543
-0.0196957
-0.0217642
-0.0234736
-0.0245523
-0.0241225
-0.0213136
-0.0158754
-0.0085688
-0.00109093
0.00440964
0.00631283
0.004276
-0.000760497
-0.00693242
-0.0120081
-0.0200271
-0.0210278
-0.0207681
-0.0203029
-0.0194815
-0.0176528
-0.0142304
-0.00915385
-0.00324188
0.00188923
0.00439851
0.00322082
-0.00132646
-0.00773342
-0.0138533
-0.0174929
-0.0213792
-0.0197166
-0.0169701
-0.0143655
-0.011868
-0.00901599
-0.00544193
-0.00122216
0.00278147
0.0050932
0.00427691
-8.19953e-05
-0.00691365
-0.0141829
-0.0195824
-0.0212649
-0.0191443
-0.0150941
-0.0102947
-0.00607398
-0.00247387
0.000858861
0.00417051
0.00726061
0.00927566
0.00889205
0.00509481
-0.00187948
-0.0102958
-0.0176994
-0.0218862
-0.0214656
-0.0129839
-0.00746695
-0.00146827
0.00351489
0.00742438
0.0106059
0.0132823
0.0152318
0.0155907
0.0131592
0.00729302
-0.00122541
-0.0102085
-0.017021
-0.0197371
-0.0173856
-0.00400967
0.00170431
0.00791708
0.0127419
0.0161636
0.0186272
0.0204399
0.0214346
0.0207422
0.0172365
0.0105213
0.001718
-0.00679019
-0.0124749
-0.0138145
-0.0098772
0.00552065
0.0102095
0.0157871
0.0197203
0.0220557
0.0234268
0.0243265
0.0246734
0.0236399
0.0200995
0.0137467
0.00579384
-0.00140979
-0.00576132
-0.00608565
-0.00102009
0.013066
0.0158959
0.0203089
0.0229176
0.0238495
0.0239834
0.0240746
0.0240847
0.023347
0.0206507
0.0156253
0.0093426
0.00384968
0.000837063
0.00106163
0.00673258
0.0168161
0.0175199
0.0205292
0.0216609
0.0210938
0.0199924
0.0193027
0.0193332
0.0193451
0.0180889
0.0150238
0.0109059
0.00731276
0.00544666
0.00580871
0.0115065
0.0163364
0.0151455
0.0166773
0.0163074
0.014335
0.0120572
0.0107362
0.0109182
0.011942
0.0124821
0.0117214
0.00997054
0.00825274
0.00731948
0.00754272
0.0126411
0.0124845
0.00989657
0.00992005
0.00809884
0.00479592
0.00141407
-0.000534292
-0.000238737
0.00181264
0.0042594
0.00595968
0.00666626
0.00679432
0.00671361
0.00673568
0.0106693
0.00695202
0.00346487
0.00194545
-0.00124253
-0.00571819
-0.0100661
-0.0126826
-0.0125532
-0.00988265
-0.005872
-0.00186306
0.00133438
0.00347087
0.00447734
0.00453467
0.00697311
0.00212668
-0.00185554
-0.00469849
-0.00896363
-0.0139531
-0.0178393
-0.0187704
-0.0160617
-0.0105954
-0.00421063
0.00131603
0.00499271
0.00655181
0.00616384
0.00443676
0.00409692
-0.00474023
-0.00775443
-0.0102318
-0.0140879
-0.0186951
-0.0219851
-0.0217822
-0.017216
-0.00931356
-0.000447441
0.00686234
0.0109073
0.0111392
0.00809667
0.00336509
-0.000257902
-0.00970609
-0.0135596
-0.0167073
-0.0200912
-0.0234333
-0.0257135
-0.0257385
-0.022832
-0.0172232
-0.0100517
-0.00302882
0.00210558
0.00414753
0.00285458
-0.000771021
-0.00464676
-0.0137061
-0.0173074
-0.0196738
-0.0220339
-0.0241625
-0.025072
-0.0236477
-0.0194097
-0.0128407
-0.00538768
0.000996237
0.00456059
0.00443091
0.00092324
-0.00438623
-0.00890429
-0.0182309
-0.0208046
-0.0214683
-0.0220853
-0.0225294
-0.0219374
-0.019433
-0.0147022
-0.0083711
-0.00197444
0.00253388
0.00365761
0.00103924
-0.00441942
-0.0107292
-0.0146581
-0.0225916
-0.0231735
-0.0215248
-0.0199938
-0.0185814
-0.0166276
-0.0135184
-0.00911881
-0.00410855
5.21958e-05
0.00168076
-0.000237798
-0.00539439
-0.0122901
-0.0186704
-0.0210383
-0.025021
-0.0229697
-0.0189297
-0.0153389
-0.0123062
-0.00935646
-0.00608524
-0.00249687
0.000699269
0.00215852
0.000555449
-0.00450573
-0.0119488
-0.0197116
-0.0253759
-0.0258221
-0.023825
-0.0192178
-0.0133052
-0.00824369
-0.0041977
-0.000812981
0.00219343
0.00471445
0.00602296
0.00490237
0.000413976
-0.00719502
-0.0161673
-0.0239859
-0.0282982
-0.0268545
-0.0183962
-0.0120823
-0.00521802
0.000396728
0.00462278
0.00779535
0.0101762
0.0116195
0.0113636
0.00830338
0.0018518
-0.00719513
-0.0165932
-0.0236453
-0.0262716
-0.0232087
-0.00974366
-0.0030892
0.00373794
0.00893407
0.0125198
0.0149161
0.0164601
0.0170231
0.0158098
0.0117785
0.0045932
-0.0045897
-0.0133224
-0.0190092
-0.0200248
-0.0157046
-0.000155616
0.00547255
0.0113493
0.0154296
0.0177943
0.0190701
0.019747
0.0197795
0.018328
0.0143576
0.00765048
-0.000516554
-0.00779645
-0.0118863
-0.0117231
-0.00648134
0.00773484
0.0113334
0.0158169
0.0183835
0.0192582
0.0193091
0.0191934
0.0191013
0.0180571
0.0150135
0.00973195
0.00337456
-0.00199609
-0.00465719
-0.00388895
0.0019075
0.0120563
0.0133109
0.0162622
0.0172425
0.0166213
0.0155199
0.0148485
0.0148113
0.014588
0.0130304
0.00974675
0.00561057
0.00220944
0.000724572
0.00161119
0.00750269
0.0123081
0.011526
0.0129943
0.0125001
0.0105332
0.00840123
0.00724727
0.00745002
0.00827733
0.00850131
0.00748088
0.00565531
0.00407346
0.00345697
0.00413307
0.0095356
0.00922271
0.007026
0.00709336
0.00531938
0.00223804
-0.000787126
-0.00247005
-0.00217892
-0.000456946
0.0014759
0.00271198
0.00319053
0.00332455
0.00351049
0.0039888
0.0083723
0.00437722
0.00137691
0.000115284
-0.00268729
-0.00654375
-0.0102602
-0.0125232
-0.012619
-0.0107545
-0.00783856
-0.00478929
-0.00210018
6.17322e-05
0.00148747
0.00221824
0.00527996
0.000461036
-0.00232794
-0.00432302
-0.00803279
-0.0126524
-0.0162259
-0.0168842
-0.0139599
-0.00846118
-0.0023687
0.00253593
0.00536226
0.00605229
0.00498562
0.00301982
0.00295934
-0.00299595
-0.00401075
-0.00531094
-0.00880057
-0.0137088
-0.0176812
-0.0183399
-0.0146924
-0.00773606
0.00019321
0.0066429
0.010025
0.00992655
0.00698094
0.00291006
0.000507184
-0.00783859
-0.0108026
-0.0131091
-0.0158716
-0.0186859
-0.0205464
-0.0204597
-0.0179716
-0.0134436
-0.00786966
-0.00253036
0.00134923
0.00288749
0.00180796
-0.00107029
-0.00354917
-0.0112264
-0.0143926
-0.0157615
-0.0174425
-0.0191633
-0.0198155
-0.0184391
-0.0146177
-0.00890256
-0.00264896
0.00245555
0.00497599
0.00424208
0.000557072
-0.00454481
-0.00755745
-0.0157291
-0.0185184
-0.0181877
-0.018162
-0.0183036
-0.0176154
-0.015226
-0.0108559
-0.00515798
0.00039024
0.00400125
0.00433301
0.00113604
-0.00471561
-0.0112231
-0.013562
-0.0208266
-0.0221952
-0.0196587
-0.0175543
-0.0159056
-0.0139079
-0.0109275
-0.00682263
-0.00227263
0.00132117
0.0023678
-9.70133e-05
-0.00573237
-0.0131062
-0.020041
-0.0207686
-0.0246443
-0.0235871
-0.018807
-0.0147237
-0.0115012
-0.00854813
-0.00544025
-0.0021425
0.000676875
0.00176164
-0.000161054
-0.00552302
-0.0132931
-0.0215349
-0.0278079
-0.0268104
-0.0251538
-0.021337
-0.014844
-0.00937447
-0.0051836
-0.00185738
0.000905053
0.00305818
0.00398123
0.0025824
-0.00203864
-0.00973679
-0.0188777
-0.0269945
-0.031795
-0.0292586
-0.0213353
-0.0153117
-0.0080136
-0.00208484
0.00221515
0.00522369
0.00722155
0.00815603
0.00743298
0.00411091
-0.0023575
-0.0113121
-0.0206562
-0.0277897
-0.0306213
-0.0268814
-0.0138763
-0.00691868
0.000200953
0.0056162
0.00916883
0.011257
0.0122486
0.0121326
0.0103257
0.00598806
-0.00116499
-0.0101174
-0.0185985
-0.0241016
-0.0249703
-0.0202904
-0.00492741
0.00146574
0.00760031
0.0117647
0.0139621
0.0147809
0.0147543
0.0139553
0.0117771
0.0074255
0.000742023
-0.00712155
-0.0139701
-0.0176395
-0.016997
-0.011529
0.00289728
0.00756705
0.0122661
0.0147995
0.0153864
0.0148751
0.0140006
0.012945
0.0110858
0.00757893
0.00226345
-0.00378254
-0.00865135
-0.0106793
-0.00915298
-0.00308938
0.00768936
0.0101765
0.0133077
0.014167
0.0131929
0.0114995
0.0100347
0.00907406
0.00800447
0.00590009
0.00247997
-0.00142135
-0.00429547
-0.0050334
-0.00320415
0.00309228
0.00886356
0.00937311
0.0109929
0.0103535
0.00806794
0.00544383
0.00361475
0.00297857
0.00295758
0.00254058
0.00123832
-0.000492461
-0.00161352
-0.00146473
0.000244929
0.00618056
0.00696867
0.00600852
0.00619809
0.00435751
0.0011748
-0.002048
-0.00412587
-0.00454155
-0.00372149
-0.00264295
-0.00197042
-0.00168968
-0.0011811
-0.000239473
0.00133056
0.0063413
0.00339973
0.00145835
0.000332397
-0.0023157
-0.00584293
-0.00919976
-0.0114184
-0.0119301
-0.0110283
-0.00935825
-0.00741395
-0.00532637
-0.00307568
-0.000934404
0.0009103
0.00466182
0.00139075
0.000268264
-0.000883154
-0.00419109
-0.00874816
-0.0124874
-0.0134473
-0.0109628
-0.00598498
-0.000474875
0.00381312
0.00605115
0.00628605
0.00503411
0.00335596
0.00381134
0.00234385
0.00295092
0.00246255
-0.00102175
-0.00651425
-0.0113709
-0.0132204
-0.0109385
-0.00540661
0.00125653
0.00683298
0.0098869
0.0100445
0.00787585
0.00502724
0.00427233
-0.00171674
-0.00449289
-0.00659687
-0.00940483
-0.0122535
-0.0139606
-0.0136185
-0.0110133
-0.00681083
-0.00211663
0.00197524
0.00467413
0.00555634
0.0045294
0.0023
0.00132997
-0.00400814
-0.00764559
-0.00869284
-0.010344
-0.0121061
-0.0127302
-0.0112279
-0.00741904
-0.00202551
0.00353618
0.00772238
0.00938707
0.00815803
0.004405
-0.000478414
-0.00180894
-0.00807852
-0.012161
-0.0115511
-0.0115224
-0.0117965
-0.0111402
-0.00871792
-0.00435897
0.00117055
0.00635604
0.00949728
0.00937345
0.00588327
-0.000136188
-0.00691653
-0.00757791
-0.013697
-0.0170923
-0.0144188
-0.0123522
-0.0108757
-0.00896137
-0.00597422
-0.00183823
0.00272583
0.00631434
0.00735197
0.00486546
-0.000825308
-0.00842091
-0.0159997
-0.015306
-0.0190699
-0.0203261
-0.0155066
-0.0114895
-0.00844402
-0.00561507
-0.00257868
0.000696023
0.00358157
0.004877
0.00330816
-0.00168821
-0.00926467
-0.0176626
-0.0248429
-0.0227248
-0.0219033
-0.0200962
-0.0136045
-0.00817044
-0.00413042
-0.000988876
0.00155167
0.0035185
0.004405
0.00325421
-0.000827531
-0.00790032
-0.0166055
-0.0248073
-0.0304664
-0.0271643
-0.0205938
-0.015827
-0.00848664
-0.00252983
0.00163745
0.00435414
0.00591309
0.00638577
0.00538982
0.00219353
-0.00372492
-0.011947
-0.0207304
-0.0277677
-0.031144
-0.0269748
-0.0152946
-0.00864763
-0.00137036
0.0041347
0.00752944
0.00916368
0.0094435
0.00853415
0.00614522
0.00170308
-0.00502579
-0.0132726
-0.0211179
-0.0263205
-0.0272838
-0.0223694
-0.00780345
-0.000860966
0.00558184
0.00985802
0.0118225
0.012002
0.0109973
0.00908142
0.00602445
0.00130241
-0.00515927
-0.012427
-0.0186175
-0.0217783
-0.020764
-0.0150726
-0.000616144
0.00525587
0.0103659
0.0129826
0.0132344
0.0119294
0.00989562
0.00751542
0.00453532
0.000421101
-0.00489313
-0.010498
-0.0147246
-0.016053
-0.0137574
-0.00733128
0.00438062
0.00847115
0.0120253
0.0128883
0.011487
0.00892535
0.0062425
0.0039035
0.00160938
-0.0012621
-0.00487391
-0.00848839
-0.0107726
-0.010674
-0.0077737
-0.000966233
0.00653444
0.00879147
0.0107363
0.00999283
0.00724718
0.00381361
0.000878059
-0.00103407
-0.00226148
-0.00353455
-0.0051945
-0.00678301
-0.00737405
-0.00631869
-0.00335887
0.00317776
0.00620375
0.00683423
0.0071367
0.005089
0.00153859
-0.00221417
-0.00502913
-0.00639452
-0.00662833
-0.00646281
-0.00635656
-0.00611965
-0.00523807
-0.00342334
-0.000558278
0.00507175
0.00453981
0.00375435
0.00250348
-0.000392965
-0.00406013
-0.00743953
-0.00969039
-0.0105057
-0.0101671
-0.00929902
-0.00816521
-0.00661777
-0.00441677
-0.00171301
0.00122432
0.00553333
0.00507666
0.00541561
0.00474727
0.00148252
-0.00336616
-0.00765642
-0.00938855
-0.00783641
-0.00382775
0.000902421
0.00473209
0.00686782
0.00732967
0.00659406
0.00574223
0.00688999
0.0102514
0.0114179
0.0111056
0.00739224
0.00140026
-0.00428263
-0.00700091
-0.00581839
-0.00149057
0.0040735
0.00894567
0.0118831
0.0125341
0.0113364
0.00976827
0.010495
0.00770382
0.0042604
0.00164317
-0.00192434
-0.00539406
-0.00728694
-0.0066388
-0.0034908
0.0011786
0.00598483
0.00973676
0.0118217
0.0121877
0.0110531
0.00915304
0.00943191
0.00672238
0.00186941
0.000379606
-0.00193274
-0.00425182
-0.0050535
-0.00339854
0.000704277
0.00627667
0.0117707
0.0156722
0.0169982
0.0156193
0.0120139
0.00739413
0.00746391
0.00329431
-0.00265636
-0.00251926
-0.0031124
-0.00392057
-0.0034983
-0.0010293
0.00348552
0.00913892
0.0143691
0.0175172
0.0174494
0.0141466
0.00840258
0.00164346
0.00233045
-0.00266951
-0.00855912
-0.00642043
-0.00500165
-0.00406102
-0.00240067
0.00055853
0.00480669
0.00956861
0.013454
0.0149172
0.012947
0.00778312
0.000531629
-0.00736864
-0.00562511
-0.00964044
-0.0136591
-0.00940589
-0.00592708
-0.00335594
-0.000808814
0.00210254
0.00538739
0.00847123
0.0102404
0.009434
0.00534973
-0.00141188
-0.0094245
-0.0172224
-0.0144177
-0.0152403
-0.0158236
-0.00975674
-0.00467767
-0.000992352
0.00184423
0.00410758
0.00589896
0.006857
0.00618132
0.00300182
-0.00296293
-0.0107191
-0.0185531
-0.0249126
-0.0212612
-0.0170705
-0.0138834
-0.00670416
-0.000859732
0.00308298
0.00544035
0.00651023
0.00651579
0.00531391
0.00240399
-0.00270438
-0.0098541
-0.0177235
-0.0244171
-0.0283378
-0.0239992
-0.0146404
-0.0085093
-0.00105297
0.00456898
0.00782107
0.00898176
0.00850037
0.00677355
0.00380359
-0.000679684
-0.00686313
-0.0142406
-0.0213025
-0.0261483
-0.0273093
-0.0222429
-0.00921995
-0.00180121
0.00512724
0.00967117
0.0114948
0.0110483
0.00901917
0.0059415
0.00193806
-0.00318205
-0.0094257
-0.0160906
-0.0216459
-0.0243734
-0.0231389
-0.0171909
-0.00308241
0.00399863
0.0097562
0.0126661
0.0127022
0.0106228
0.00737385
0.003606
-0.000568859
-0.00535293
-0.0107295
-0.0159688
-0.0196739
-0.0204563
-0.0175627
-0.0107477
0.00190713
0.00762621
0.0118012
0.0128415
0.011098
0.00766585
0.00371461
-4.80422e-05
-0.00359325
-0.0072523
-0.0110927
-0.0145045
-0.0163355
-0.0155838
-0.0118056
-0.00452507
0.00505683
0.00901857
0.0113601
0.0105597
0.00733308
0.00303119
-0.00104886
-0.00421253
-0.00655715
-0.00858354
-0.0105299
-0.0120019
-0.0121685
-0.0103811
-0.00637247
0.000620007
0.00655762
0.00859314
0.00889436
0.00646633
0.00231991
-0.00214487
-0.00571927
-0.00785695
-0.0087992
-0.00916846
-0.00932601
-0.00907752
-0.00788998
-0.00541431
-0.00152765
0.00448947
0.00726103
0.00727944
0.00557392
0.00196587
-0.00237558
-0.00620001
-0.00859469
-0.00934495
-0.008927
-0.00801035
-0.00697602
-0.00563253
-0.00355072
-0.000630264
0.00297624
0.00755228
0.0105516
0.0115679
0.0107753
0.00712971
0.00174928
-0.00322732
-0.00580772
-0.00521859
-0.00218373
0.00180465
0.00534409
0.00774033
0.00894686
0.00925896
0.00959677
0.0115007
0.0185127
0.0190273
0.0181171
0.0137365
0.00726702
0.00144
-0.00140274
-0.000501327
0.00331129
0.00831577
0.0127905
0.015718
0.0168233
0.0164528
0.0158191
0.0175582
0.0178145
0.0132167
0.009534
0.00466319
0.000115156
-0.00226737
-0.00145862
0.00231131
0.00778267
0.0133507
0.0175638
0.0198034
0.0201606
0.0190988
0.0174189
0.0184931
0.0178804
0.0117804
0.0093054
0.00583264
0.00260998
0.00138644
0.00306878
0.00745322
0.0133769
0.0191119
0.0231995
0.0247017
0.0236516
0.0206012
0.0165724
0.0176496
0.0148297
0.00758029
0.00676525
0.00513362
0.00350945
0.00349935
0.00584645
0.0103737
0.0160735
0.0213686
0.0246952
0.0250133
0.0223522
0.0174449
0.0114099
0.0130667
0.00839748
0.00108411
0.002286
0.00277931
0.00294519
0.00412933
0.00680991
0.0109101
0.0156179
0.0196183
0.0214721
0.020195
0.0159493
0.00965702
0.00239562
0.00489723
-0.000129459
-0.00565791
-0.0022004
0.000505809
0.00241681
0.00446396
0.00698907
0.00998415
0.0129605
0.0149367
0.0147434
0.0116157
0.00594657
-0.00112574
-0.00851086
-0.00518719
-0.00827532
-0.010254
-0.00470416
-0.000100653
0.00311834
0.00548448
0.00726573
0.00861363
0.00937567
0.00893366
0.00647061
0.00155913
-0.00511405
-0.012178
-0.0183917
-0.0144041
-0.0132753
-0.0109381
-0.00385898
0.00189435
0.00559682
0.00751829
0.00797705
0.0073571
0.0057858
0.00298721
-0.0014923
-0.00770179
-0.014671
-0.0208327
-0.0247714
-0.0201781
-0.0137503
-0.00772432
0.000115614
0.0059717
0.00916652
0.00987757
0.00862303
0.00602751
0.00242898
-0.00219517
-0.00799628
-0.0146934
-0.0211165
-0.0256152
-0.0267886
-0.0214489
-0.0104357
-0.00240135
0.00524602
0.0102571
0.0121011
0.0111416
0.00817053
0.00400125
-0.000898973
-0.00644006
-0.01259
-0.018857
-0.0240054
-0.0264834
-0.0251045
-0.0188286
-0.00537512
0.00283217
0.00942588
0.0128346
0.0128417
0.0101513
0.00584443
0.00085636
-0.00435011
-0.0097324
-0.0152161
-0.0202521
-0.0236793
-0.024199
-0.0209729
-0.0138184
-0.000407506
0.00665197
0.0115279
0.0128861
0.0109506
0.00681242
0.0017937
-0.00314117
-0.0076675
-0.0119029
-0.0158847
-0.0191526
-0.020732
-0.0196582
-0.0154389
-0.0077892
0.00373457
0.00893724
0.0116192
0.0107795
0.00711539
0.00204547
-0.00297676
-0.00706802
-0.0101289
-0.0125252
-0.0145011
-0.0157811
-0.0156614
-0.0134742
-0.00889775
-0.00174525
0.00712658
0.00998412
0.0101118
0.00715245
0.0022518
-0.00300498
-0.00723841
-0.00981074
-0.0109275
-0.0112293
-0.0111487
-0.0106193
-0.00915777
-0.0063416
-0.00197385
0.0041014
0.0102481
0.0105128
0.00808907
0.00342143
-0.00201745
-0.00665562
-0.00936724
-0.00990296
-0.00887558
-0.00728432
-0.00546122
-0.00370016
-0.00150915
0.00144186
0.00523489
0.0097943
0.0160973
0.016756
0.0151584
0.010719
0.00469351
-0.000766154
-0.00380117
-0.00374716
-0.00122299
0.00250247
0.00590814
0.00867604
0.0106896
0.0121451
0.0136153
0.0160912
0.0245029
0.0234811
0.0212935
0.0159054
0.00898277
0.00328917
0.000884926
0.00225569
0.00637565
0.0115021
0.0160482
0.0191718
0.0207033
0.0210202
0.0209676
0.0231672
0.0254071
0.0198006
0.0148631
0.0084872
0.00266319
-0.000454501
0.000193167
0.00431521
0.0104839
0.0168535
0.0218187
0.0248489
0.0257886
0.0252537
0.0240458
0.0255933
0.0258786
0.0192999
0.0157226
0.0108433
0.00662604
0.00480007
0.00625734
0.0106674
0.0167198
0.0227027
0.0271736
0.0290659
0.0286918
0.0266023
0.0236825
0.0254161
0.0226684
0.0156398
0.0138191
0.0110483
0.00853508
0.00793081
0.00988029
0.0141088
0.0195206
0.0246237
0.0279845
0.028686
0.0268489
0.0232017
0.0187392
0.0210336
0.015548
0.0089877
0.00931367
0.00882509
0.00817882
0.00868626
0.0107976
0.0143315
0.018535
0.0222092
0.0240725
0.0232669
0.0199711
0.0150429
0.00953974
0.0125493
0.00573101
0.00113613
0.00392374
0.00584895
0.00703886
0.00837575
0.0101834
0.0124831
0.0148917
0.0165799
0.0165149
0.0139875
0.0093047
0.00349198
-0.00227645
0.00143549
-0.00433225
-0.00548211
-0.000259174
0.00387234
0.00655342
0.00824869
0.00925226
0.009848
0.0100515
0.00941828
0.00721437
0.00296236
-0.00282669
-0.00892211
-0.0139367
-0.00961921
-0.0116337
-0.00859105
-0.00138806
0.00428363
0.00771135
0.00906856
0.00874702
0.00732615
0.00518739
0.00223605
-0.00195492
-0.00757624
-0.0138866
-0.0194582
-0.0227011
-0.0177827
-0.0142483
-0.00751877
0.000838242
0.00701974
0.0101862
0.0104463
0.00841589
0.0049541
0.000723969
-0.00411171
-0.00971388
-0.0159924
-0.0220245
-0.0262751
-0.0271415
-0.0214662
-0.01249
-0.00362175
0.0048315
0.0103967
0.0123496
0.0109774
0.00720012
0.00211082
-0.00349526
-0.00933729
-0.0154106
-0.0214315
-0.0263952
-0.0288258
-0.0273538
-0.0207874
-0.00818887
0.000959629
0.00837916
0.0123426
0.012433
0.00930082
0.00417475
-0.00172205
-0.00762955
-0.0133181
-0.0187661
-0.023625
-0.0269469
-0.0274765
-0.0242117
-0.0169202
-0.003131
0.00477258
0.0102325
0.0119145
0.0098804
0.00522027
-0.000578644
-0.00629359
-0.0113516
-0.0157443
-0.0195801
-0.0226005
-0.0240292
-0.0229162
-0.0186034
-0.0111318
0.00190386
0.00765436
0.0104846
0.0095509
0.0054814
-0.000223347
-0.00592484
-0.0105361
-0.0138014
-0.0160494
-0.0176381
-0.0185055
-0.0181133
-0.0158068
-0.0111535
-0.00426377
0.00694611
0.00987864
0.00964828
0.00606196
0.000334113
-0.00573198
-0.0105232
-0.0132574
-0.0140979
-0.0137744
-0.0129398
-0.0117595
-0.00990009
-0.00692796
-0.00253168
0.00317087
0.012263
0.0120102
0.00874624
0.00290335
-0.00382121
-0.00948993
-0.0126895
-0.0130736
-0.0112667
-0.0084268
-0.00547183
-0.00278185
-5.44098e-05
0.00301194
0.00667155
0.0108749
0.0197628
0.0190586
0.0162132
0.0106906
0.00398423
-0.00171014
-0.00468326
-0.00444215
-0.00171144
0.00216668
0.00597607
0.00921328
0.0118252
0.014086
0.0162851
0.0190915
0.0262789
0.0234608
0.019581
0.0128892
0.00537572
-0.000178306
-0.00192584
0.000322515
0.00530231
0.0111394
0.0162417
0.0198197
0.0218621
0.0227838
0.023168
0.0254301
0.0282151
0.0221791
0.0161452
0.00845869
0.00145525
-0.00248543
-0.00220734
0.0019361
0.00844709
0.0154157
0.021231
0.0250666
0.0268923
0.0272081
0.0267892
0.0285973
0.0285309
0.0224209
0.0178256
0.011911
0.00674186
0.00427421
0.00536566
0.00958495
0.0155667
0.021608
0.026258
0.0287173
0.0291247
0.0281199
0.0265653
0.0285925
0.0249004
0.0194448
0.0168164
0.0131114
0.0098373
0.00861989
0.0100695
0.013817
0.0187648
0.0234954
0.0267083
0.0276739
0.0265816
0.0242269
0.0216826
0.0241996
0.0172403
0.0131514
0.0128401
0.0115404
0.0101909
0.0100146
0.0114386
0.0142619
0.0177576
0.0208602
0.0224207
0.0218122
0.0192629
0.0157135
0.0124655
0.0155675
0.00678728
0.00498793
0.00729823
0.00854033
0.00906647
0.00965885
0.0106618
0.0121384
0.0137961
0.0149267
0.0146723
0.012398
0.00844802
0.00393265
0.000385791
0.00406113
-0.00409504
-0.0027452
0.00222682
0.0058706
0.00798274
0.00894368
0.00911869
0.00891127
0.00847714
0.00748749
0.00527354
0.00137247
-0.0037606
-0.00882303
-0.012055
-0.00783319
-0.0124502
-0.00755464
-0.000284826
0.00520122
0.00825531
0.00898206
0.00788519
0.00573811
0.00311108
1.14011e-05
-0.00400171
-0.00922954
-0.0150346
-0.0199684
-0.0221225
-0.0172799
-0.0161829
-0.00821663
0.0005192
0.00685062
0.00988192
0.0096674
0.00695167
0.00284699
-0.0017578
-0.00660544
-0.0119333
-0.0178277
-0.0235448
-0.0275628
-0.0280184
-0.0223868
-0.0152197
-0.0055677
0.00343788
0.00935531
0.0113382
0.00960791
0.00523153
-0.000428993
-0.00632672
-0.0120943
-0.0178408
-0.0235157
-0.0283126
-0.0307911
-0.0293713
-0.022887
-0.011303
-0.00164796
0.00627064
0.0105924
0.0107207
0.00725878
0.00158341
-0.00479842
-0.0108853
-0.0163873
-0.0214257
-0.0259107
-0.0291072
-0.0297979
-0.0268055
-0.0197468
-0.00617485
0.00194811
0.00764441
0.00946286
0.00730437
0.00225186
-0.00403647
-0.010086
-0.0151281
-0.0191382
-0.0224005
-0.0249247
-0.0261517
-0.0251691
-0.0211792
-0.0141434
-0.000609155
0.00499671
0.00766811
0.0064987
0.00201315
-0.00421149
-0.0103434
-0.0150853
-0.0180609
-0.0196578
-0.0204385
-0.0206187
-0.019875
-0.0175901
-0.0132417
-0.00689149
0.00543579
0.00781967
0.00708172
0.00283665
-0.00369092
-0.0104988
-0.0157282
-0.0184236
-0.018712
-0.0174314
-0.0155027
-0.0133855
-0.0109767
-0.00789221
-0.00376188
0.00144421
0.0120233
0.0109486
0.00691941
2.56668e-05
-0.00789106
-0.0145628
-0.0182458
-0.0186043
-0.0160971
-0.0120748
-0.00777787
-0.00387062
-0.000383954
0.00294912
0.0064258
0.0103022
0.0200706
0.0176847
0.0133518
0.00658657
-0.000833955
-0.00661562
-0.00914853
-0.0081515
-0.00453329
0.000187703
0.00471314
0.00845778
0.0114974
0.0141305
0.0165109
0.0193799
0.0235857
0.0192952
0.013725
0.00566864
-0.00255239
-0.00811914
-0.00931063
-0.0061481
-0.00011611
0.00673317
0.0127023
0.0169762
0.0196042
0.0210332
0.0217908
0.0238801
0.0259397
0.0200292
0.0132804
0.00474134
-0.00301731
-0.00755104
-0.00762158
-0.00359113
0.00303025
0.0103347
0.0167138
0.0212775
0.0239359
0.0250952
0.0253897
0.0271482
0.0259349
0.020761
0.0155316
0.00881868
0.00312205
0.000265008
0.0010996
0.00515921
0.011065
0.0171411
0.0219813
0.0248544
0.025877
0.0257098
0.0252306
0.0270525
0.0221502
0.0185094
0.0153234
0.0110059
0.00728643
0.00571668
0.00685866
0.0103004
0.0149434
0.0194234
0.02254
0.0236776
0.0230866
0.0216556
0.0205692
0.0227428
0.0146473
0.0130364
0.0122618
0.0104166
0.00863639
0.00804353
0.00904872
0.0114233
0.0144604
0.0171552
0.0185013
0.0179675
0.0158753
0.0133343
0.0118163
0.0144633
0.0046299
0.00545563
0.00731932
0.00800706
0.00805928
0.0081664
0.00868033
0.0096798
0.0109034
0.0117084
0.0112772
0.00912629
0.005651
0.00215162
0.000365356
0.00349635
-0.00576791
-0.00221564
0.00230573
0.00538574
0.00699297
0.00743752
0.00712518
0.00651521
0.00581437
0.00472028
0.00256868
-0.00105112
-0.00567707
-0.00984366
-0.0116083
-0.00798657
-0.0139011
-0.00758359
-0.000690009
0.00432026
0.00692238
0.00717407
0.00565284
0.00323848
0.000577709
-0.00233307
-0.00601726
-0.0107834
-0.0160854
-0.0203977
-0.0216633
-0.0174336
-0.0177739
-0.00917107
-0.000640748
0.00539737
0.00812442
0.00753498
0.00447761
0.000234157
-0.00419553
-0.00859093
-0.0133399
-0.0186876
-0.0239907
-0.0277315
-0.0279541
-0.0229192
-0.0171597
-0.00736582
0.0015235
0.00734367
0.0091606
0.00715472
0.00250811
-0.00319271
-0.00876893
-0.0139051
-0.0189214
-0.0239883
-0.0284791
-0.030983
-0.0298287
-0.0239534
-0.0135368
-0.00407723
0.00374083
0.00800556
0.00799418
0.00427784
-0.00161554
-0.00795781
-0.0136064
-0.0183446
-0.0225395
-0.0263787
-0.0293204
-0.0301875
-0.0276991
-0.021308
-0.00864777
-0.000920075
0.00451785
0.00614958
0.00374449
-0.00161119
-0.00809537
-0.0140136
-0.0184914
-0.0216086
-0.0239197
-0.0257265
-0.0266639
-0.0258572
-0.0224083
-0.0160927
-0.00318559
0.00172607
0.00394545
0.00236499
-0.00256499
-0.00919515
-0.0155107
-0.0200269
-0.022312
-0.0228904
-0.0226119
-0.0219728
-0.0208354
-0.018627
-0.0147526
-0.00907502
0.00286489
0.00439977
0.00307102
-0.00179932
-0.00899765
-0.0163715
-0.0218628
-0.0243238
-0.0238718
-0.0215224
-0.0184566
-0.015397
-0.0124369
-0.00926149
-0.00549596
-0.000797004
0.00956368
0.00766278
0.00305592
-0.00458566
-0.0133599
-0.0207794
-0.024973
-0.0250803
-0.0219414
-0.016938
-0.0115106
-0.00656819
-0.00236488
0.00124367
0.00451731
0.00811526
0.017059
0.0132072
0.00752547
-0.000412894
-0.00852664
-0.0143748
-0.016381
-0.0143754
-0.00953592
-0.00361785
0.00186968
0.00621804
0.00951859
0.0121564
0.0143457
0.0170081
0.0179815
0.0129197
0.00610042
-0.00297779
-0.0118201
-0.0175272
-0.0184287
-0.0146287
-0.00772537
8.22096e-05
0.00695573
0.011979
0.0151681
0.0169855
0.0179641
0.019671
0.020089
0.0145237
0.0074512
-0.00130194
-0.00925909
-0.0138916
-0.0140403
-0.0100245
-0.00332194
0.00418824
0.0109118
0.0159345
0.0190904
0.0206917
0.0213031
0.0225208
0.0198508
0.0153994
0.00976391
0.00291794
-0.00290804
-0.00576544
-0.00487048
-0.000709393
0.00533553
0.0115942
0.016669
0.0198316
0.0211714
0.0213351
0.0212006
0.0222391
0.0163789
0.0137717
0.0101985
0.00565007
0.00187399
0.000354023
0.0016136
0.00519827
0.00998019
0.0145816
0.0178141
0.0191011
0.0187258
0.0176101
0.0169804
0.0182302
0.00983922
0.00936938
0.00819069
0.00606216
0.00420008
0.00364509
0.00476798
0.00729354
0.0104651
0.0132474
0.0146484
0.014193
0.0122899
0.0101033
0.00913235
0.0108443
0.00131357
0.00307395
0.00441822
0.00470896
0.0045717
0.0046637
0.00529798
0.00649313
0.00792328
0.00889739
0.00858307
0.00656134
0.00332733
0.000227362
-0.000997552
0.00129541
-0.00742277
-0.00345251
0.000351537
0.00285556
0.00416099
0.00453716
0.00437452
0.00406075
0.00373349
0.0030129
0.00118118
-0.00215221
-0.00643351
-0.0101863
-0.0114925
-0.0086272
-0.0141726
-0.00813314
-0.00215552
0.00214386
0.00435939
0.00453711
0.00322081
0.0012437
-0.000811959
-0.00305723
-0.00613479
-0.010414
-0.0153042
-0.0192686
-0.0203371
-0.0168766
-0.017311
-0.00953341
-0.00199452
0.00333944
0.00568448
0.00502826
0.00220588
-0.00148888
-0.00510091
-0.00855969
-0.0124516
-0.0171365
-0.0220174
-0.0255824
-0.0259613
-0.0217343
-0.0165865
-0.00786703
0.00015256
0.00537239
0.00685763
0.00477456
0.000322104
-0.00479292
-0.00942895
-0.013452
-0.0174482
-0.0217811
-0.0259128
-0.0284305
-0.0277245
-0.0226986
-0.013302
-0.00486878
0.00221684
0.00597774
0.00564606
0.0017913
-0.00395679
-0.00973806
-0.0144094
-0.0179672
-0.0210897
-0.0241985
-0.0268433
-0.0278607
-0.02595
-0.020408
-0.00907599
-0.00223928
0.00253955
0.00368341
0.000911402
-0.00466031
-0.0110641
-0.0164487
-0.0199579
-0.0219023
-0.0231537
-0.0242556
-0.0249362
-0.0243067
-0.0214142
-0.0158804
-0.00454345
-0.000427077
0.00116078
-0.000941505
-0.0063089
-0.013216
-0.0194904
-0.0235031
-0.0248723
-0.0243452
-0.0230645
-0.0217453
-0.0203363
-0.0182466
-0.0148244
-0.00978474
0.000438721
0.00127303
-0.000593635
-0.00595844
-0.0136032
-0.0212924
-0.0267779
-0.0288344
-0.0276238
-0.0243421
-0.0203917
-0.016679
-0.0133892
-0.010227
-0.00677602
-0.00252968
0.00604451
0.00365854
-0.00125871
-0.00924125
-0.0183876
-0.0260917
-0.0303002
-0.0302317
-0.0265933
-0.0209199
-0.014795
-0.00925956
-0.00468092
-0.000994315
0.00205222
0.00536021
0.0121982
0.00762155
0.00110092
-0.00763685
-0.0162716
-0.0222208
-0.0238385
-0.021027
-0.0151149
-0.00807793
-0.00167546
0.00323196
0.00667962
0.00912391
0.010942
0.0132091
0.0120081
0.00695423
-0.000316493
-0.00969621
-0.0188164
-0.0247165
-0.0256921
-0.0217662
-0.0144774
-0.00609478
0.00145323
0.00709162
0.0107133
0.0127421
0.0137601
0.0148529
0.013072
0.00776587
0.000674745
-0.00777515
-0.015311
-0.0196181
-0.0195318
-0.015339
-0.00845604
-0.000736169
0.0062231
0.01146
0.0147277
0.0162685
0.0166184
0.0167757
0.0125983
0.00833572
0.00253519
-0.00412966
-0.00963512
-0.0121235
-0.0108461
-0.00627206
0.000215237
0.00690524
0.0123369
0.0157173
0.0170741
0.0170311
0.0164622
0.0162015
0.00963905
0.00703946
0.00315761
-0.00135869
-0.004865
-0.00597419
-0.004186
1.86602e-05
0.00544468
0.0106122
0.0142383
0.0156967
0.0152543
0.0138591
0.0126985
0.0125792
0.00447882
0.00368587
0.00209066
-0.00013698
-0.00179085
-0.00189802
-0.000126067
0.00317387
0.00711735
0.010524
0.0123011
0.0119575
0.00994053
0.00744721
0.0059058
0.00632302
-0.00193712
-0.000945047
-0.000179803
-0.000175261
-0.000194922
0.000342638
0.00170127
0.00377535
0.00606905
0.00771903
0.00779102
0.00587915
0.00255614
-0.000799531
-0.00256496
-0.00139142
-0.00820418
-0.00553728
-0.00255402
-0.000536161
0.00070822
0.00149926
0.0021032
0.00275377
0.00338954
0.00344313
0.0020854
-0.00105417
-0.00532887
-0.00924302
-0.0110525
-0.00907801
-0.0127212
-0.00848062
-0.00361542
-4.85077e-05
0.00195883
0.00249623
0.00198482
0.00106816
0.000122679
-0.00117772
-0.0036125
-0.00755197
-0.0123177
-0.0163662
-0.0179286
-0.015153
-0.0142845
-0.00861494
-0.00241717
0.0020017
0.0040265
0.00368543
0.00167935
-0.000879076
-0.00323218
-0.00555147
-0.00861696
-0.0128222
-0.0174998
-0.0211339
-0.0220316
-0.0184237
-0.0128315
-0.0061488
0.000528198
0.00482607
0.00595278
0.00409206
0.000369871
-0.0036505
-0.00697417
-0.00974797
-0.012812
-0.016626
-0.0205477
-0.0231683
-0.023008
-0.0186059
-0.00962806
-0.00279153
0.00318576
0.00617912
0.00549569
0.00172043
-0.00351742
-0.00835867
-0.0118014
-0.0141469
-0.0163674
-0.0190127
-0.0215174
-0.0226863
-0.0212918
-0.01636
-0.00621153
-0.000414628
0.00360423
0.00418545
0.00107209
-0.00457317
-0.0106774
-0.015341
-0.0178021
-0.0186902
-0.0191707
-0.0198934
-0.0205275
-0.0200997
-0.0176275
-0.0126254
-0.00315046
0.000445497
0.00156727
-0.000907377
-0.0065651
-0.0136165
-0.0197817
-0.0232473
-0.0237906
-0.0224344
-0.0205607
-0.0189734
-0.0175709
-0.0156699
-0.0125582
-0.00793255
-9.25772e-05
0.000577308
-0.0014865
-0.00700177
-0.0147699
-0.0226275
-0.0279972
-0.0296726
-0.0279014
-0.0240689
-0.0197368
-0.0158636
-0.012601
-0.00959482
-0.00636736
-0.00246165
0.00340868
0.00112438
-0.00371589
-0.0115611
-0.0206195
-0.0282046
-0.0322708
-0.0319785
-0.028052
-0.0221191
-0.0158237
-0.0102302
-0.00570956
-0.00219296
0.000624166
0.00353671
0.00782246
0.00347866
-0.00311407
-0.0120274
-0.0208157
-0.0269218
-0.0285394
-0.025476
-0.0190704
-0.0114246
-0.00444364
0.000830052
0.00433128
0.00654142
0.00802191
0.00977698
0.00790264
0.00333748
-0.00360478
-0.0125428
-0.0213264
-0.0273302
-0.0286858
-0.0251753
-0.0181372
-0.00970183
-0.00185604
0.00416961
0.00805868
0.0101192
0.010947
0.0112539
0.00708694
0.00176969
-0.00517552
-0.0130296
-0.0198367
-0.023575
-0.0230989
-0.0186097
-0.0114396
-0.00341314
0.00381189
0.00916991
0.0122989
0.0133837
0.0129471
0.0117722
0.00614535
0.00154139
-0.00433496
-0.0106639
-0.0156624
-0.0176586
-0.0158708
-0.0107078
-0.00353753
0.00384827
0.00983619
0.0134802
0.0146959
0.0140757
0.0125159
0.0106912
0.00354666
0.00018525
-0.00398031
-0.00838639
-0.0115386
-0.0121249
-0.00962728
-0.00451933
0.0019218
0.00803648
0.0123374
0.014056
0.0134001
0.0113231
0.00901194
0.00729152
-0.000368494
-0.00228792
-0.00435519
-0.00662924
-0.00799987
-0.00750027
-0.00480664
-0.000344838
0.00481809
0.00925322
0.0116603
0.0114635
0.00912816
0.00588942
0.00314343
0.00209431
-0.00466135
-0.00513047
-0.00498355
-0.0051587
-0.00496731
-0.00376608
-0.00134474
0.00203197
0.00560999
0.00824725
0.00882971
0.00693882
0.00323826
-0.00083693
-0.00374558
-0.00376492
-0.00823425
-0.00733501
-0.00512268
-0.00346501
-0.00209398
-0.000643528
0.00107646
0.00307189
0.00497621
0.00594439
0.00499762
0.00181386
-0.00281694
-0.00734064
-0.0101425
-0.00901898
-0.00999078
-0.00779031
-0.00389731
-0.000901953
0.00108269
0.00221999
0.0028216
0.00325379
0.0035662
0.00316976
0.00112938
-0.00283315
-0.00786929
-0.0123777
-0.0147453
-0.012501
-0.00927395
-0.00580438
-0.000779177
0.00284798
0.00467764
0.00485527
0.00393061
0.00272215
0.00166185
0.000293173
-0.0023181
-0.00647394
-0.0113286
-0.0152983
-0.016835
-0.0135449
-0.00637226
-0.00179101
0.00366305
0.00707841
0.00790982
0.00646259
0.00371429
0.000968505
-0.00107462
-0.00286875
-0.00543016
-0.00913473
-0.0131979
-0.0161125
-0.0164635
-0.0122398
-0.00270573
0.00248473
0.00747925
0.00975485
0.00881296
0.00531536
0.000798695
-0.00301089
-0.00534176
-0.00681261
-0.0085973
-0.0111538
-0.0138718
-0.0153348
-0.014345
-0.00951697
0.000171277
0.00501592
0.00855236
0.00877968
0.00554214
5.90865e-06
-0.00573324
-0.00972457
-0.0113945
-0.0116591
-0.0118975
-0.0127195
-0.0136217
-0.0134647
-0.0112898
-0.00635498
0.00174101
0.00514097
0.00625765
0.00386268
-0.00175699
-0.00884668
-0.0149248
-0.0181162
-0.0182205
-0.0165515
-0.014665
-0.0133194
-0.0122469
-0.0106211
-0.00770249
-0.00316802
0.00253294
0.00355425
0.0018598
-0.00322858
-0.0107844
-0.0185848
-0.0240401
-0.0256781
-0.0237716
-0.0199114
-0.0157677
-0.0122372
-0.00934459
-0.00662329
-0.00355603
0.000143166
0.00331949
0.00163775
-0.00264041
-0.00976415
-0.0182443
-0.0256424
-0.0296978
-0.029405
-0.0255436
-0.0197679
-0.0137785
-0.00857864
-0.00446591
-0.00131209
0.00126429
0.00370177
0.00579028
0.00234733
-0.00356044
-0.0117981
-0.0203467
-0.0266254
-0.0286589
-0.0260404
-0.0199096
-0.0123494
-0.00530089
6.82807e-05
0.00355473
0.00558808
0.006818
0.00799855
0.00622513
0.00202464
-0.0041423
-0.0119403
-0.0197953
-0.0255262
-0.0271788
-0.0244219
-0.0180954
-0.0100915
-0.00232707
0.00384532
0.00784024
0.00974786
0.0100922
0.00944182
0.00318852
-0.00238195
-0.00908359
-0.0162463
-0.0223228
-0.0255645
-0.0248163
-0.0201215
-0.0127312
-0.00430539
0.00330525
0.00887789
0.0118579
0.0123533
0.010939
0.00826954
0.00145284
-0.00376875
-0.00968097
-0.0156516
-0.0202276
-0.0218882
-0.0197828
-0.0141559
-0.00630507
0.00191501
0.00866634
0.012751
0.0138939
0.012628
0.00990282
0.00655168
-0.00118957
-0.00546535
-0.00989585
-0.0142084
-0.0171135
-0.0173614
-0.0143427
-0.00843175
-0.00093543
0.00628848
0.011469
0.0136021
0.0127776
0.00994546
0.00635435
0.00313198
-0.00427451
-0.00725872
-0.00973466
-0.0120649
-0.0132519
-0.0123072
-0.0088398
-0.00327402
0.0031644
0.00875344
0.0119068
0.0118996
0.00919547
0.00509751
0.00105665
-0.00140392
-0.00679516
-0.00836339
-0.00867979
-0.00898988
-0.00862423
-0.00686676
-0.00348227
0.00116017
0.00604099
0.00967574
0.0107167
0.00871658
0.00445871
-0.000495992
-0.00457513
-0.00573752
-0.00783796
-0.00803465
-0.00632215
-0.00487105
-0.00335655
-0.00129889
0.00146809
0.00475922
0.00785617
0.0095889
0.00879134
0.00524392
-4.60548e-05
-0.00536578
-0.0091075
-0.00876732
-0.00672504
-0.00565871
-0.00233376
0.000330067
0.0023458
0.00406523
0.00570625
0.00738302
0.0087354
0.00896759
0.00684659
0.00238267
-0.00330879
-0.00845694
-0.0114985
-0.00965666
-0.00339876
-0.0011543
0.00321177
0.00635771
0.00808039
0.00872271
0.00877998
0.00877491
0.00872644
0.0078528
0.00512868
0.00044577
-0.00499857
-0.00944411
-0.0114517
-0.00830138
0.00147622
0.00471821
0.00944501
0.0122628
0.012862
0.011774
0.00993396
0.00835469
0.00731799
0.00601587
0.00334182
-0.000866249
-0.00544964
-0.0087398
-0.00941717
-0.00499015
0.00606149
0.00997989
0.0143685
0.0161453
0.0150057
0.0118157
0.0080896
0.00532102
0.00390993
0.00287325
0.000931832
-0.00216554
-0.00538283
-0.00720076
-0.00649027
-0.00131036
0.00876519
0.0126689
0.0159125
0.0160077
0.0128098
0.00759614
0.00245487
-0.000778848
-0.00178601
-0.0018373
-0.00238997
-0.00382231
-0.00529707
-0.00553755
-0.00363749
0.00166382
0.00911485
0.0120772
0.0133973
0.0113575
0.00612582
-0.000598119
-0.00632173
-0.00913798
-0.0089857
-0.00745249
-0.00610838
-0.00549053
-0.00507617
-0.00385325
-0.00120523
0.00355579
0.00779702
0.00891655
0.00783483
0.00356533
-0.00327159
-0.01064
-0.0159553
-0.0175764
-0.0158224
-0.0123941
-0.00896607
-0.006209
-0.0039667
-0.00169971
0.00109157
0.00473551
0.00587142
0.00459817
0.0010974
-0.00495643
-0.0124854
-0.0193374
-0.0232456
-0.023126
-0.0197087
-0.0143984
-0.00909135
-0.00461075
-0.00112557
0.00156279
0.0037443
0.00574646
0.00628826
0.00354804
-0.00139137
-0.00845355
-0.0161562
-0.022228
-0.0246572
-0.0227567
-0.0173968
-0.010623
-0.00404644
0.0011231
0.00452906
0.00640222
0.00731849
0.00797124
0.00599391
0.00152583
-0.00396292
-0.0104196
-0.0168175
-0.0214583
-0.0230536
-0.0208985
-0.0155261
-0.00836098
-0.00100955
0.00506569
0.00903701
0.0107093
0.0104349
0.00888811
0.00115956
-0.00481238
-0.0112018
-0.0175857
-0.022931
-0.0257648
-0.0250504
-0.0206204
-0.0133611
-0.00484738
0.0030187
0.00883262
0.011828
0.0119846
0.00983835
0.00620757
-0.0016985
-0.00740719
-0.0130751
-0.0183436
-0.0222288
-0.0235377
-0.0214548
-0.0159965
-0.00814613
0.000310681
0.00746731
0.011896
0.0131112
0.0115064
0.00798709
0.00357481
-0.00473148
-0.00933457
-0.013389
-0.016892
-0.0190586
-0.0189525
-0.0159638
-0.0101984
-0.00268103
0.00480559
0.0103561
0.0127378
0.01185
0.00854559
0.00407089
-0.000252851
-0.00722945
-0.0101598
-0.0120328
-0.013479
-0.0139641
-0.0127691
-0.00942052
-0.00402986
0.00243435
0.00824585
0.0116196
0.0116204
0.00860489
0.00388065
-0.00102544
-0.00442939
-0.00811508
-0.00917593
-0.00874014
-0.00823567
-0.00737649
-0.00557573
-0.00240636
0.00208527
0.00706424
0.0108596
0.0118827
0.00954912
0.00469016
-0.00098519
-0.00576663
-0.00758726
-0.00666291
-0.00606158
-0.00365683
-0.00168322
-2.9663e-05
0.00185427
0.00443832
0.00779291
0.0111573
0.0130192
0.0119057
0.00763186
0.00146983
-0.00457055
-0.00872761
-0.00861346
-0.00270554
-0.000905969
0.00280038
0.00553223
0.0073223
0.00878619
0.0105148
0.0127061
0.014668
0.0149216
0.0121849
0.00661162
-0.000153511
-0.00594257
-0.00907955
-0.00698504
0.00315788
0.00562122
0.00987144
0.0126266
0.0139254
0.0145252
0.0152425
0.0163734
0.0172487
0.0163783
0.0126731
0.00656258
-6.40975e-05
-0.00504119
-0.00691105
-0.00298372
0.0093573
0.0121131
0.0163293
0.0185758
0.018933
0.0183782
0.0179578
0.0181613
0.0182815
0.016808
0.0128063
0.00690697
0.00107805
-0.00269472
-0.00325499
0.00185783
0.0142533
0.0169939
0.02072
0.022099
0.0212453
0.0193607
0.0178085
0.0172487
0.0169451
0.0153787
0.011747
0.00677297
0.00227512
-7.79984e-05
0.000548818
0.00631584
0.0164309
0.0188215
0.0216301
0.0218638
0.0196871
0.0165141
0.0140046
0.0129562
0.0126146
0.0115041
0.00892027
0.00551593
0.00273691
0.00183136
0.00337307
0.00910803
0.0156979
0.0172988
0.0187107
0.0175048
0.0139764
0.00972246
0.00659459
0.00543976
0.00552024
0.00545874
0.00458784
0.00332078
0.00246642
0.00289054
0.00492969
0.00987395
0.0129254
0.0131642
0.0127194
0.00982279
0.00502436
4.48267e-05
-0.00324012
-0.00403222
-0.00300794
-0.00143127
-8.18045e-05
0.000920638
0.00211607
0.00366429
0.0057532
0.00933921
0.00924826
0.00760304
0.0049391
0.000348394
-0.0053738
-0.0104554
-0.013194
-0.0129736
-0.0104377
-0.00685381
-0.00310169
0.000201514
0.00293881
0.00504725
0.00662568
0.00836145
0.00794563
0.00503445
0.000889172
-0.00481802
-0.011039
-0.0159568
-0.0180234
-0.0167424
-0.0127671
-0.00736894
-0.00179894
0.00288126
0.00615111
0.00797235
0.00871311
0.00885029
)
;

boundaryField
{
    patch0_half0
    {
        type            cyclic;
    }
    patch0_half1
    {
        type            cyclic;
    }
    patch1_half0
    {
        type            cyclic;
    }
    patch1_half1
    {
        type            cyclic;
    }
    patch2_half0
    {
        type            cyclic;
    }
    patch2_half1
    {
        type            cyclic;
    }
}


// ************************************************************************* //
