/*--------------------------------*- C++ -*----------------------------------*\
| =========                 |                                                 |
| \\      /  F ield         | OpenFOAM: The Open Source CFD Toolbox           |
|  \\    /   O peration     | Version:  3.0.0                                 |
|   \\  /    A nd           | Web:      www.OpenFOAM.org                      |
|    \\/     M anipulation  |                                                 |
\*---------------------------------------------------------------------------*/
FoamFile
{
    version     2.0;
    format      ascii;
    class       volScalarField;
    location    "9.75";
    object      p;
}
// * * * * * * * * * * * * * * * * * * * * * * * * * * * * * * * * * * * * * //

dimensions      [0 2 -2 0 0 0 0];

internalField   nonuniform List<scalar> 
4096
(
0.0270614
0.0275387
0.0292809
0.0305634
0.0308337
0.0294145
0.0257395
0.0200069
0.0133731
0.0075764
0.00434316
0.0044855
0.00767938
0.0125174
0.0173738
0.0235198
0.0303421
0.0315842
0.0314903
0.0297257
0.0267072
0.0225313
0.0170675
0.010552
0.00397455
-0.00105918
-0.00300571
-0.00110504
0.00422291
0.0114899
0.0190264
0.026821
0.030768
0.030468
0.02868
0.0247423
0.0195636
0.0136405
0.00713282
0.000431704
-0.00546233
-0.00911683
-0.0092349
-0.00532257
0.00196992
0.0109204
0.0197108
0.0286803
0.0266012
0.0232422
0.0193842
0.0137232
0.00752608
0.00143004
-0.00449999
-0.00999038
-0.0142485
-0.0160637
-0.0143833
-0.00893389
-0.000527905
0.00892301
0.0175269
0.0265135
0.0176238
0.0107957
0.00475593
-0.00180611
-0.00761609
-0.012205
-0.0158847
-0.0188493
-0.0206463
-0.0203464
-0.017116
-0.0108679
-0.00250334
0.00602463
0.0128323
0.0195965
0.00523682
-0.00461183
-0.0124204
-0.0188241
-0.0227401
-0.0242833
-0.0244551
-0.0240624
-0.023055
-0.0207915
-0.0165578
-0.0103769
-0.00321992
0.00306689
0.00672162
0.00905619
-0.00774452
-0.0198027
-0.0285292
-0.0335646
-0.0344366
-0.0320138
-0.0281761
-0.0243788
-0.0209297
-0.0172926
-0.0128331
-0.00760135
-0.00257832
0.000582274
0.000371657
-0.00246164
-0.0180827
-0.0316578
-0.0398969
-0.0425702
-0.0398929
-0.0335391
-0.0261337
-0.0196546
-0.0146745
-0.0106525
-0.00687028
-0.00331346
-0.000890789
-0.00108425
-0.00506861
-0.0115178
-0.0232345
-0.0380463
-0.0441848
-0.0439589
-0.0380315
-0.0285676
-0.0187539
-0.0108866
-0.00562358
-0.00230345
-9.82684e-06
0.00144941
0.00131122
-0.00179716
-0.00886793
-0.0153673
-0.0225061
-0.0385708
-0.0411722
-0.0379441
-0.0296954
-0.0184877
-0.00777384
3.64318e-05
0.00436858
0.00608785
0.0063646
0.00563999
0.00341634
-0.00170277
-0.010765
-0.0134222
-0.0171884
-0.0341431
-0.0326996
-0.0269866
-0.0174776
-0.0059458
0.00426885
0.0108318
0.0133843
0.0130312
0.011188
0.00855979
0.00497308
-0.00107262
-0.0109212
-0.00752212
-0.00953451
-0.0262841
-0.021545
-0.0142122
-0.00451323
0.00625333
0.0149061
0.019515
0.0199654
0.0175747
0.013944
0.00998492
0.00580701
-0.000137863
-0.00955587
-0.000686601
-0.00149894
-0.0162959
-0.00993079
-0.0020807
0.00686889
0.016055
0.0225892
0.0250007
0.0234581
0.0194412
0.0146471
0.0101031
0.00609492
0.00107956
-0.00672998
0.00483497
0.00597437
-0.00500907
0.00127077
0.008533
0.0159727
0.0228252
0.0269032
0.0271189
0.0238872
0.0187905
0.0135131
0.00916894
0.006002
0.00264023
-0.00251219
0.00865896
0.0130383
0.00698361
0.0120243
0.0175951
0.0227944
0.0267408
0.02805
0.0261106
0.0215292
0.015855
0.0108122
0.00737143
0.00570708
0.00463495
0.00284306
0.0119814
0.0203234
0.0190455
0.0234456
0.0272253
0.0296502
0.0300502
0.0279012
0.0234137
0.0176166
0.0120539
0.00812405
0.00654265
0.00715505
0.00876675
0.0101438
0.0169324
0.0262355
0.026547
0.0274888
0.0281525
0.0282574
0.0271364
0.0239696
0.0184963
0.0115431
0.00497107
0.000947897
0.000858418
0.004634
0.0106423
0.0167599
0.0227909
0.0307848
0.0320609
0.0316377
0.0294462
0.0260511
0.021675
0.0161682
0.00958087
0.00273694
-0.00281308
-0.00516411
-0.00327751
0.00251392
0.0105334
0.0187892
0.0265868
0.0325788
0.0326952
0.0307667
0.0266904
0.021336
0.0151674
0.00829481
0.0010509
-0.00555302
-0.00990906
-0.0104253
-0.00640599
0.00147013
0.0112262
0.020717
0.0293532
0.0292766
0.0272492
0.0234993
0.0178749
0.0114777
0.00487919
-0.00180558
-0.00824853
-0.0134664
-0.0160361
-0.0146857
-0.00904424
-5.36175e-05
0.0101745
0.0194822
0.0275965
0.0207849
0.0162093
0.0106863
0.00422918
-0.00192378
-0.00738046
-0.012316
-0.0166034
-0.0195391
-0.0199776
-0.0169927
-0.0104894
-0.00158415
0.00765055
0.0152051
0.020959
0.00854851
0.00144423
-0.005429
-0.011514
-0.0159228
-0.0187446
-0.0206421
-0.0219682
-0.0222979
-0.0207199
-0.0166307
-0.0101707
-0.00252349
0.00438959
0.0088366
0.0107501
-0.0048512
-0.0141309
-0.0213266
-0.0257998
-0.0272293
-0.0264198
-0.0247623
-0.0230287
-0.0210222
-0.0180501
-0.0136474
-0.0081149
-0.0026566
0.00101982
0.00156895
-0.000592616
-0.0163936
-0.0273693
-0.0335404
-0.0353348
-0.033119
-0.0285156
-0.0235931
-0.019435
-0.0159466
-0.0124889
-0.00864928
-0.00477629
-0.00201877
-0.0018666
-0.00526066
-0.010078
-0.0236909
-0.0359993
-0.0397333
-0.0382474
-0.0324621
-0.0246538
-0.0174089
-0.0119291
-0.00807496
-0.00513781
-0.00265372
-0.000901314
-0.000871224
-0.00388282
-0.0106058
-0.0153498
-0.0259026
-0.0391848
-0.0394774
-0.0347035
-0.0260678
-0.0161578
-0.00784686
-0.00224738
0.000925612
0.00251657
0.00311475
0.0026234
0.000315097
-0.00503028
-0.013989
-0.0158557
-0.0237084
-0.0373204
-0.0340976
-0.0266872
-0.0163185
-0.00558078
0.00260066
0.00737667
0.00917411
0.00898724
0.00756917
0.00506869
0.00110335
-0.00547595
-0.0154291
-0.0130299
-0.0185071
-0.031287
-0.0255848
-0.0166971
-0.0059234
0.00436275
0.0115784
0.0150074
0.0152032
0.0132416
0.0100699
0.00613192
0.00137242
-0.00531745
-0.0148656
-0.00896143
-0.0114839
-0.0219468
-0.0153735
-0.00644519
0.00341237
0.0122286
0.0178628
0.0197346
0.01839
0.0149521
0.0105643
0.005951
0.00129782
-0.00440764
-0.0121225
-0.00477866
-0.00325782
-0.0101801
-0.00416632
0.00344798
0.0112324
0.0177166
0.0213212
0.0215309
0.0188001
0.0142821
0.00930427
0.00482488
0.00115003
-0.00261923
-0.0073525
-0.000364831
0.00591761
0.00297378
0.00769628
0.0130384
0.017875
0.0213055
0.0223777
0.0207185
0.0167298
0.0115657
0.00666953
0.00310937
0.00118298
6.99623e-05
-0.00108668
0.0050207
0.0164316
0.0164111
0.0200649
0.0236584
0.0260647
0.026555
0.0245954
0.0202297
0.0142786
0.00827039
0.00388013
0.00217714
0.0031431
0.00556216
0.00805774
0.0134349
0.0240672
0.0246548
0.0249668
0.0252099
0.0253011
0.0244207
0.0213178
0.0152824
0.00702685
-0.00118498
-0.00650442
-0.00691409
-0.00230107
0.00538707
0.0133983
0.0202524
0.029088
0.0310594
0.03087
0.0286079
0.0248247
0.019783
0.0134084
0.00580742
-0.00213812
-0.00854138
-0.0114209
-0.009463
-0.00295341
0.00616845
0.0156156
0.0240368
0.032684
0.0336918
0.0320626
0.0280853
0.0225059
0.0157523
0.0079829
-0.000379732
-0.00817781
-0.0135477
-0.0146327
-0.010531
-0.00191959
0.00891149
0.0194731
0.0283711
0.0308881
0.0302058
0.0269885
0.0216782
0.015162
0.00792612
0.000191435
-0.00752131
-0.014019
-0.0176096
-0.0167712
-0.0109959
-0.00132994
0.00983944
0.0200243
0.0279636
0.0235725
0.020825
0.0162363
0.0103832
0.00411238
-0.00221457
-0.00851062
-0.0143302
-0.0186176
-0.0199959
-0.0173818
-0.0106806
-0.00117413
0.0088021
0.0170218
0.0225581
0.0122094
0.00725979
0.00185866
-0.00344909
-0.00809704
-0.0121172
-0.0157633
-0.0188416
-0.0205323
-0.0197915
-0.0159532
-0.00925916
-0.00111423
0.006336
0.0112989
0.0134682
-0.000910699
-0.00780923
-0.013091
-0.0167126
-0.0185825
-0.0192996
-0.0196439
-0.0197275
-0.018985
-0.0166764
-0.0124361
-0.00671936
-0.000926844
0.00308055
0.00406582
0.00286305
-0.0130017
-0.0213466
-0.0254162
-0.0264335
-0.0248605
-0.0219622
-0.0190351
-0.0164838
-0.01397
-0.0109653
-0.00725821
-0.00335837
-0.000519908
-0.000236108
-0.00322383
-0.00670747
-0.0217414
-0.0309349
-0.0328084
-0.0307839
-0.0257902
-0.0196404
-0.0140648
-0.00969971
-0.00637469
-0.00366429
-0.00135704
0.000172403
-1.90634e-05
-0.0029944
-0.00938624
-0.0131008
-0.0260001
-0.0354815
-0.0346134
-0.0297334
-0.0219611
-0.0134397
-0.00619719
-0.00103442
0.00210709
0.00365499
0.00397217
0.00298667
0.000170985
-0.00527759
-0.0134745
-0.0154879
-0.02605
-0.0352525
-0.0319049
-0.0248646
-0.0153483
-0.00557527
0.00228277
0.00730992
0.0094832
0.00932862
0.00748902
0.00430732
-0.000295627
-0.00691894
-0.0156355
-0.0148871
-0.0229535
-0.0310901
-0.0262234
-0.018115
-0.00807207
0.00178366
0.00930368
0.0134624
0.0142039
0.01222
0.0085048
0.00383144
-0.00151744
-0.00804839
-0.0159356
-0.0130167
-0.0175409
-0.0236712
-0.0184627
-0.0104972
-0.00116377
0.00765446
0.0139655
0.016684
0.0157614
0.012108
0.00708671
0.00182688
-0.00319725
-0.00849455
-0.0143622
-0.0106164
-0.0101325
-0.0135025
-0.00877545
-0.00205163
0.00537542
0.0120316
0.0162601
0.0170315
0.0143668
0.009405
0.0038039
-0.00110502
-0.00484169
-0.00798325
-0.0109931
-0.00719715
-0.000830067
-0.00121851
0.0027818
0.00751425
0.0120258
0.0153875
0.016563
0.0148747
0.0105491
0.00485581
-0.000489013
-0.00418006
-0.00584777
-0.00619894
-0.00594069
-0.00181338
0.011974
0.0129438
0.0158955
0.0191875
0.021768
0.0226777
0.0209172
0.0161092
0.00903756
0.00163321
-0.00382228
-0.00578242
-0.00415307
-0.000332582
0.00390532
0.0089629
0.0203911
0.0216987
0.0220711
0.0222378
0.0223301
0.0213906
0.0178241
0.0106104
0.000477546
-0.009845
-0.0167489
-0.0175795
-0.012042
-0.00250807
0.00762526
0.0160035
0.0251195
0.0282681
0.0289181
0.0270989
0.0231286
0.0172022
0.00939846
0.00012011
-0.00940538
-0.0170274
-0.0204313
-0.0183156
-0.0108546
-0.000622135
0.0101084
0.0194364
0.0305731
0.0326495
0.0318089
0.0283557
0.0227871
0.015416
0.00650472
-0.00329002
-0.0125199
-0.0190079
-0.0206104
-0.0163451
-0.00702118
0.00476655
0.01625
0.0255998
0.0306524
0.0310408
0.0287255
0.0241322
0.0178065
0.0101028
0.00136532
-0.0076293
-0.0153884
-0.0199344
-0.0195259
-0.0135957
-0.00337791
0.00843397
0.0191171
0.0270957
0.0251654
0.0235725
0.0201558
0.015221
0.00920747
0.00236617
-0.00499731
-0.0120888
-0.0175227
-0.019672
-0.0173375
-0.0104571
-0.000542366
0.00978428
0.0181623
0.0236359
0.0154511
0.0118592
0.00789752
0.00357409
-0.000920849
-0.00565978
-0.0105486
-0.0149384
-0.0176565
-0.0175142
-0.0138267
-0.00694394
0.00149251
0.00910187
0.0140662
0.0163982
0.00351275
-0.00172975
-0.0054782
-0.00825511
-0.0102569
-0.0119554
-0.0136678
-0.0149898
-0.015074
-0.0131539
-0.00895816
-0.00308623
0.00287545
0.00694403
0.00797806
0.00714021
-0.00828195
-0.0145431
-0.0172772
-0.0177862
-0.0166773
-0.0149581
-0.0133335
-0.0117323
-0.00968947
-0.00681256
-0.00308029
0.000872747
0.00372266
0.00399262
0.00123027
-0.00204688
-0.0178721
-0.0244215
-0.0254916
-0.023431
-0.0191781
-0.0141938
-0.00958465
-0.0056576
-0.00233317
0.000516943
0.00287071
0.00428797
0.00388119
0.000752206
-0.00500151
-0.00933364
-0.0240681
-0.0302996
-0.029449
-0.0250096
-0.0180954
-0.0104879
-0.00366046
0.00167638
0.00528724
0.00716603
0.00747785
0.0061939
0.00297701
-0.00259289
-0.0100568
-0.0138081
-0.0267385
-0.0322342
-0.0297232
-0.0235097
-0.0147985
-0.00553706
0.00250073
0.0082405
0.0111466
0.0113584
0.00939954
0.00577456
0.00068141
-0.00599384
-0.0137164
-0.0160669
-0.0263032
-0.0306613
-0.0271292
-0.0200164
-0.0106022
-0.000861018
0.0072312
0.0123011
0.0137539
0.0119686
0.00796998
0.00279544
-0.00298
-0.00938151
-0.0160031
-0.0170878
-0.022986
-0.0257355
-0.0218305
-0.0147693
-0.00584437
0.00309271
0.0100256
0.0134321
0.0128306
0.00900186
0.00350238
-0.00221656
-0.00744108
-0.0123296
-0.0168276
-0.0168346
-0.0168557
-0.0175193
-0.0135712
-0.00744235
-0.000264863
0.00645423
0.010923
0.0117614
0.00877133
0.00319322
-0.00300046
-0.00818928
-0.0117818
-0.014217
-0.0158896
-0.0145839
-0.00802482
-0.00636135
-0.00239123
0.00215115
0.00643733
0.00943486
0.0100686
0.0075924
0.00232464
-0.00420282
-0.0100009
-0.0136389
-0.0148022
-0.0142277
-0.0127129
-0.00947635
0.00688213
0.00879348
0.0115561
0.0146796
0.0172954
0.0182839
0.0162522
0.0105177
0.00190652
-0.00721075
-0.0139204
-0.0161775
-0.0137735
-0.00836579
-0.00224352
0.0035266
0.0153834
0.0176883
0.0186443
0.0191132
0.0193012
0.0181415
0.0138403
0.00521661
-0.0069187
-0.0193818
-0.0278799
-0.0291694
-0.022801
-0.011591
0.000447851
0.0105454
0.0195247
0.0238111
0.0255434
0.0245339
0.0207362
0.0141196
0.00486608
-0.0062292
-0.0175095
-0.0263113
-0.0301341
-0.0276725
-0.0194806
-0.00818234
0.00343095
0.0135957
0.0267175
0.0295455
0.0295696
0.0269208
0.0217151
0.0140343
0.00418824
-0.00689403
-0.0174003
-0.0248018
-0.0267478
-0.0221799
-0.0122479
0.000178692
0.0120872
0.0216088
0.0288564
0.0297278
0.0282227
0.0244992
0.0187049
0.010959
0.00164667
-0.0082183
-0.0168463
-0.0219901
-0.0217475
-0.0155779
-0.00498146
0.00703967
0.0176208
0.025288
0.0256963
0.024514
0.0219286
0.0178946
0.012436
0.00561277
-0.00219051
-0.00992678
-0.0159381
-0.0184158
-0.0160906
-0.0089945
0.00110434
0.0113296
0.019268
0.0242161
0.0184165
0.0153521
0.0121993
0.00864793
0.0045366
-0.000311133
-0.00565755
-0.0105759
-0.0136814
-0.013683
-0.00991443
-0.00285172
0.00564726
0.0130434
0.0175512
0.019364
0.00860831
0.00414873
0.00105615
-0.00124437
-0.00319851
-0.00528234
-0.00753147
-0.0092788
-0.00955405
-0.00761138
-0.0032738
0.00273134
0.00868466
0.0125693
0.0133329
0.0120066
-0.00187516
-0.00704622
-0.00945535
-0.00992519
-0.0091899
-0.0080921
-0.00699636
-0.00561858
-0.0035074
-0.000411351
0.00350895
0.00752767
0.010305
0.0104728
0.00772527
0.00379906
-0.0114453
-0.0165909
-0.0178246
-0.0161847
-0.0126337
-0.00836266
-0.00411133
-7.97539e-05
0.00363835
0.00688762
0.00944814
0.0108449
0.0102881
0.00711098
0.00163448
-0.00391594
-0.0190984
-0.0236125
-0.0234444
-0.0197775
-0.0137078
-0.00671347
6.15131e-05
0.00587863
0.0101516
0.0125486
0.0130449
0.0116443
0.00819451
0.00261228
-0.00439102
-0.0102883
-0.0242869
-0.0278851
-0.0263959
-0.0211104
-0.0131945
-0.0043254
0.00395649
0.0103969
0.0140891
0.014796
0.0129262
0.00909063
0.00371044
-0.00296005
-0.010149
-0.0154168
-0.0267058
-0.0292016
-0.0266645
-0.0204055
-0.0116172
-0.00207117
0.00637414
0.0121019
0.0141445
0.0126154
0.00851965
0.00305932
-0.00297278
-0.00929338
-0.0153891
-0.0193466
-0.0259403
-0.0270145
-0.0236984
-0.0172173
-0.00870992
9.70928e-05
0.0072025
0.0108646
0.0103336
0.00629946
0.00043417
-0.00559945
-0.0109171
-0.0155193
-0.0194018
-0.0213668
-0.0217803
-0.0209676
-0.0169701
-0.0110239
-0.00408159
0.00237063
0.00654051
0.00691398
0.003246
-0.0030856
-0.0098591
-0.0152584
-0.0186501
-0.0204802
-0.0213409
-0.0206331
-0.014276
-0.0112462
-0.00663072
-0.00185214
0.00223847
0.00461868
0.00422411
0.000433075
-0.00617315
-0.013734
-0.0200228
-0.0235662
-0.0241732
-0.0227197
-0.0201865
-0.0164087
0.0016997
0.00448465
0.00753683
0.0106213
0.013157
0.0139011
0.0112711
0.00442024
-0.00576609
-0.0165573
-0.0244939
-0.0270676
-0.0239567
-0.0171055
-0.00928103
-0.00202552
0.009626
0.0127663
0.0144427
0.0154078
0.0157856
0.0144171
0.00945206
-0.000303876
-0.0139401
-0.0279932
-0.0376971
-0.0393694
-0.0322065
-0.0198643
-0.00657331
0.00471832
0.0134708
0.0183349
0.0208405
0.020658
0.0172983
0.0104626
0.000279865
-0.0121731
-0.0247161
-0.0343749
-0.0384201
-0.0355218
-0.0266102
-0.0146788
-0.00266216
0.00771089
0.0221173
0.0250446
0.0255466
0.0236226
0.0189908
0.0114461
0.00122712
-0.0105551
-0.0217615
-0.0295692
-0.0314581
-0.026454
-0.0160626
-0.00343707
0.00827989
0.0173155
0.0263158
0.0269745
0.025766
0.0226946
0.0175639
0.0102048
0.000929412
-0.00913015
-0.0179682
-0.0231383
-0.0226574
-0.0161102
-0.00530317
0.00650655
0.0164181
0.0231327
0.0257584
0.0242755
0.0218604
0.0183557
0.0134937
0.00710824
-0.00046597
-0.00809994
-0.0140029
-0.0162634
-0.0136088
-0.00622585
0.00387726
0.0136557
0.0207403
0.0245824
0.0214225
0.0181164
0.0150031
0.0117561
0.00798823
0.0034356
-0.00167302
-0.00636784
-0.0092181
-0.00891647
-0.0048349
0.00240287
0.010784
0.0177276
0.0215216
0.0223633
0.0144595
0.00983249
0.00658529
0.00425555
0.00229209
0.000241858
-0.0018745
-0.00338266
-0.0033546
-0.00111113
0.00349508
0.00957887
0.0153872
0.0189725
0.0193619
0.0173678
0.00612098
0.000764398
-0.00204414
-0.00290958
-0.00255897
-0.0016867
-0.000561473
0.0010638
0.00349774
0.00700063
0.0110871
0.0151119
0.0177736
0.0178444
0.0150474
0.0106774
-0.00257761
-0.00804293
-0.00991468
-0.0089693
-0.00608072
-0.00219749
0.00205549
0.00640633
0.0106257
0.0141876
0.0169044
0.0182823
0.0176572
0.0145282
0.00917739
0.0032062
-0.0109481
-0.0158836
-0.0165209
-0.0136964
-0.00840271
-0.00182939
0.00499174
0.0112107
0.015997
0.0187774
0.0194264
0.0179967
0.0144968
0.00899471
0.00209993
-0.00444353
-0.0182526
-0.0222719
-0.0215138
-0.017024
-0.00984465
-0.00135028
0.00700958
0.0138555
0.018032
0.0190728
0.0172993
0.0133983
0.00794204
0.00130319
-0.00588565
-0.0118826
-0.0235459
-0.0263081
-0.0241455
-0.0184805
-0.0102997
-0.00108395
0.00735848
0.0133158
0.0156206
0.0142104
0.0100534
0.00444809
-0.00167916
-0.00798339
-0.0140959
-0.0184124
-0.0256956
-0.0267438
-0.0233356
-0.0171237
-0.00903932
-0.000599953
0.00626969
0.00977438
0.00905532
0.00473873
-0.00144797
-0.00770662
-0.0130314
-0.0174918
-0.0211974
-0.0227978
-0.0241424
-0.0229316
-0.0183688
-0.0123314
-0.00564529
0.000362455
0.00393299
0.00358152
-0.000890633
-0.00798816
-0.015311
-0.0209041
-0.0241321
-0.0254897
-0.0258192
-0.0240342
-0.0187284
-0.0149727
-0.0095056
-0.00435616
-0.00037137
0.00142135
-1.37777e-05
-0.00512546
-0.0130498
-0.0216172
-0.0283957
-0.031889
-0.0320322
-0.0298672
-0.0265191
-0.0213362
-0.0031406
0.000301385
0.00385095
0.00702782
0.00941383
0.0097744
0.00651076
-0.00124633
-0.0125727
-0.0245507
-0.0333728
-0.0361822
-0.0325461
-0.0246916
-0.0156808
-0.00697165
0.00390763
0.00738581
0.00953667
0.0109301
0.0115145
0.010023
0.00471418
-0.00549436
-0.0195983
-0.0341247
-0.0441391
-0.045767
-0.0384629
-0.0256702
-0.012082
-0.000633491
0.00811297
0.0127547
0.0153728
0.0155729
0.0127738
0.00620793
-0.00408046
-0.0169124
-0.029842
-0.0396462
-0.0434458
-0.0400681
-0.0307667
-0.0187321
-0.00698346
0.00282213
0.0177725
0.0200904
0.0204732
0.0188701
0.0147762
0.00769991
-0.00224705
-0.0139148
-0.025006
-0.0325312
-0.0339145
-0.0283631
-0.0176971
-0.00531945
0.00563582
0.0135601
0.0237348
0.0235923
0.0220977
0.0192389
0.0146123
0.00785
-0.000873714
-0.0104558
-0.0188238
-0.0234412
-0.0223336
-0.0152838
-0.00440966
0.00688472
0.0157767
0.0211631
0.025639
0.0232866
0.020486
0.0170354
0.0125521
0.00675505
-0.000156545
-0.00714124
-0.0124211
-0.014059
-0.0108244
-0.00308265
0.00690319
0.0160802
0.0221983
0.0248863
0.0242234
0.0199927
0.0164298
0.0130452
0.0094417
0.00532902
0.000825242
-0.00323461
-0.00549986
-0.00468034
-0.000203773
0.00718255
0.0153616
0.021817
0.0249553
0.025142
0.020158
0.0145196
0.0107505
0.00807119
0.00601452
0.00419117
0.00252044
0.00150715
0.0019717
0.00455863
0.0093317
0.0153849
0.0209984
0.0243376
0.0244712
0.0225166
0.0141818
0.00758267
0.00417846
0.00277538
0.00280231
0.0036945
0.00508166
0.00703106
0.00976019
0.0133589
0.017483
0.0214072
0.0239661
0.0240451
0.0213161
0.017585
0.00672399
-0.000275868
-0.00278929
-0.00248431
-6.5646e-05
0.00368877
0.00805288
0.012579
0.0168975
0.0205593
0.0232397
0.0245333
0.0239295
0.0209774
0.0158073
0.0108372
-0.00184474
-0.00857426
-0.00975397
-0.00754041
-0.00275556
0.00360901
0.0104353
0.0167385
0.02161
0.0244339
0.0250559
0.0236037
0.0202032
0.014893
0.0080707
0.00265077
-0.0107062
-0.0164918
-0.016045
-0.0120067
-0.00529715
0.00295671
0.0112191
0.0180794
0.0222979
0.023369
0.0215841
0.0176818
0.0123071
0.00576366
-0.00154227
-0.00637566
-0.0184441
-0.0225856
-0.0204076
-0.0149813
-0.00721718
0.00182039
0.0100004
0.015835
0.0180832
0.0166227
0.0123891
0.00672046
0.000592874
-0.00572273
-0.0119904
-0.0150377
-0.0233737
-0.0251874
-0.0214055
-0.0152017
-0.00739276
0.00072036
0.00723146
0.0104229
0.00944647
0.00488805
-0.00153004
-0.00795237
-0.0133311
-0.0177399
-0.0214445
-0.0216533
-0.0245054
-0.0234249
-0.0182839
-0.0120599
-0.00550325
0.000154982
0.00322752
0.00232626
-0.00268388
-0.0102732
-0.0179741
-0.0237449
-0.0268991
-0.0280811
-0.0281416
-0.024981
-0.021351
-0.0173377
-0.0113033
-0.00586213
-0.00185165
-0.000331551
-0.00232689
-0.00817296
-0.0168497
-0.0260238
-0.0331399
-0.0366728
-0.0366224
-0.0341222
-0.0303447
-0.0240575
-0.00742542
-0.00363896
0.000306447
0.00363064
0.00591658
0.00596579
0.0023174
-0.00577623
-0.0173807
-0.0296261
-0.0386655
-0.0415142
-0.0377316
-0.0295938
-0.0202678
-0.0109866
-0.000981579
0.00230867
0.00455049
0.00617205
0.00685021
0.00527044
-7.64736e-05
-0.00993755
-0.023306
-0.0369476
-0.0462551
-0.0475596
-0.0403223
-0.0280235
-0.0152619
-0.0048631
0.00417996
0.00796657
0.0100878
0.0102672
0.00775835
0.00170795
-0.00797079
-0.0201508
-0.0324111
-0.041537
-0.0446842
-0.0408034
-0.0314943
-0.0199316
-0.00907913
-0.000484134
0.0142742
0.0155613
0.0153452
0.0136057
0.00977012
0.00322304
-0.00602066
-0.0168773
-0.0270902
-0.0337049
-0.0342348
-0.0281112
-0.017409
-0.00563353
0.00422757
0.0108121
0.0213974
0.0201395
0.0179956
0.0149083
0.0104665
0.00424297
-0.0037079
-0.0124058
-0.0198599
-0.0235689
-0.0216395
-0.0140811
-0.00324579
0.00742609
0.0152915
0.019578
0.0250939
0.0215634
0.0181264
0.0143681
0.00998449
0.00469054
-0.00145824
-0.00761374
-0.0121203
-0.0130574
-0.00923377
-0.00119256
0.00867527
0.017341
0.0227289
0.0249222
0.0258454
0.0203395
0.0162101
0.0124645
0.0088681
0.00517493
0.00132594
-0.00208578
-0.00384324
-0.00264477
0.00208744
0.00952732
0.0175359
0.0236897
0.026517
0.0270257
0.0240695
0.0169287
0.0126773
0.00960817
0.00747961
0.00597607
0.00480342
0.00419819
0.00486616
0.00749924
0.0122006
0.018104
0.0235658
0.0268517
0.0270336
0.0262206
0.0200149
0.0116865
0.00785145
0.00605414
0.00596058
0.00708399
0.00880845
0.0109356
0.0136133
0.0169815
0.0208401
0.0245232
0.0270215
0.0272675
0.0248262
0.0227886
0.0137103
0.00481179
0.00191919
0.00185871
0.00414754
0.00806507
0.0126262
0.0171487
0.0212332
0.0245764
0.0269322
0.0280226
0.0274857
0.0248267
0.0199893
0.0168986
0.00530393
-0.00336373
-0.00482729
-0.00289422
0.00179166
0.00826773
0.0151798
0.021377
0.0259839
0.0284956
0.0288593
0.0273086
0.0240542
0.0190208
0.0124034
0.00872458
-0.00440391
-0.0118961
-0.0115727
-0.00769015
-0.00101924
0.00728792
0.0155615
0.0222672
0.0262696
0.0271337
0.0252049
0.0212746
0.0160178
0.00960722
0.00231122
-0.00109652
-0.0137549
-0.019091
-0.0168627
-0.0114298
-0.00361476
0.00532576
0.013499
0.0192008
0.0213207
0.0197687
0.0154661
0.00975568
0.00363066
-0.00270196
-0.00911222
-0.0111194
-0.0207188
-0.0230993
-0.019136
-0.0128246
-0.00496901
0.00311034
0.00953341
0.0126434
0.0116485
0.00709416
0.000631136
-0.00589715
-0.0114072
-0.0159619
-0.0198252
-0.0193726
-0.0239096
-0.0229374
-0.0176193
-0.0112481
-0.00459728
0.00106988
0.00409676
0.00321421
-0.00169942
-0.00921593
-0.0169565
-0.0228822
-0.0262153
-0.0276061
-0.0278061
-0.0243594
-0.0225321
-0.0185284
-0.0124782
-0.00692595
-0.00272813
-0.00101618
-0.00282301
-0.00844724
-0.0169104
-0.0259623
-0.0330949
-0.0367647
-0.0369456
-0.0346762
-0.031104
-0.0249163
-0.0109376
-0.00710853
-0.00303339
0.000434036
0.00272689
0.00266254
-0.000989989
-0.00871093
-0.0195851
-0.0309858
-0.0394246
-0.0420907
-0.0385666
-0.0310343
-0.0224634
-0.0139225
-0.00434417
-0.0015601
0.000501198
0.00214753
0.00276601
0.00103282
-0.00422732
-0.0132928
-0.0250327
-0.036653
-0.0443096
-0.0450464
-0.0380601
-0.0270587
-0.0160355
-0.00750153
0.00194013
0.00467082
0.00598612
0.00576478
0.00327733
-0.00228288
-0.0110351
-0.0219278
-0.0327367
-0.0405274
-0.042705
-0.0382941
-0.0294625
-0.0188332
-0.0092318
-0.00204018
0.011852
0.0120839
0.0111125
0.00890841
0.00499319
-0.00121488
-0.00968745
-0.0194307
-0.0283539
-0.0337241
-0.0332876
-0.0266981
-0.0162147
-0.00520823
0.00359101
0.00916359
0.0193143
0.0169247
0.0140971
0.0105118
0.00592896
1.82618e-06
-0.00727169
-0.0150592
-0.0215342
-0.0243281
-0.0216642
-0.0137612
-0.0030496
0.00711189
0.0143035
0.0183045
0.023785
0.0189344
0.0149334
0.0107089
0.0062068
0.00122389
-0.00431227
-0.00978225
-0.0137024
-0.0141825
-0.0100272
-0.00185434
0.00792695
0.0163658
0.0215202
0.024355
0.0255616
0.0184957
0.0139569
0.00984254
0.00620346
0.00286581
-0.000437408
-0.0033989
-0.00494796
-0.00372666
0.000943318
0.00826975
0.0161987
0.0223616
0.0252967
0.0273082
0.024893
0.0160313
0.0114962
0.00817352
0.00610741
0.00502588
0.00435169
0.00400976
0.00459693
0.00692186
0.0112519
0.0168587
0.0222489
0.025707
0.0262253
0.0273699
0.0218456
0.0118318
0.0077611
0.00580189
0.0058772
0.0074868
0.00968053
0.0119485
0.0143701
0.017241
0.0205798
0.0239032
0.0263587
0.026872
0.0248407
0.0247754
0.0162991
0.00594453
0.00280082
0.00264116
0.00518377
0.00962707
0.0146285
0.0192235
0.022974
0.0258157
0.0276548
0.0284302
0.0279202
0.0255572
0.0210908
0.0195754
0.00830824
-0.00146555
-0.00321125
-0.00132321
0.00367523
0.0106831
0.0179972
0.0242461
0.0286029
0.0306926
0.0306786
0.0289293
0.0257381
0.0209461
0.0145711
0.0118151
-0.00140344
-0.00957121
-0.00953824
-0.00564174
0.00138265
0.010189
0.0188244
0.0256129
0.0295006
0.0301747
0.0280784
0.0240602
0.0188298
0.012511
0.00526781
0.00203975
-0.0111786
-0.0167601
-0.0148074
-0.00930279
-0.00111517
0.00826186
0.016779
0.0226753
0.0249184
0.0234675
0.0192179
0.0134808
0.00726402
0.000795916
-0.00581903
-0.00829528
-0.0189249
-0.0212524
-0.017556
-0.0111484
-0.00294254
0.00553245
0.0123169
0.015804
0.0152618
0.0111556
0.00496738
-0.00155921
-0.00733898
-0.0123232
-0.0166463
-0.0171689
-0.0230344
-0.0220065
-0.0170193
-0.0105876
-0.00361781
0.00244669
0.00595073
0.00573229
0.00166727
-0.00505941
-0.0123332
-0.0182763
-0.0220529
-0.0241715
-0.0250975
-0.0229297
-0.0225361
-0.0187646
-0.0131943
-0.00767858
-0.00314993
-0.000867168
-0.00186849
-0.00641861
-0.0136853
-0.0217672
-0.0284403
-0.0322406
-0.0330568
-0.0316753
-0.0290739
-0.0243037
-0.013268
-0.00963997
-0.00566436
-0.00207778
0.000306368
0.000281779
-0.00310292
-0.00995478
-0.0192764
-0.0288937
-0.0359614
-0.0381944
-0.0352743
-0.0291771
-0.0223194
-0.0155987
-0.0055245
-0.00333803
-0.00148575
8.71515e-05
0.000502685
-0.0015277
-0.00681072
-0.0150888
-0.0249793
-0.0340851
-0.03951
-0.0391123
-0.0328349
-0.0236197
-0.0147831
-0.00826382
0.00149844
0.00338398
0.00395563
0.0032111
0.000512114
-0.00479745
-0.0127538
-0.0223239
-0.0315046
-0.0377349
-0.0389135
-0.0344126
-0.0260069
-0.0164493
-0.0080605
-0.001951
0.0105909
0.0101002
0.00853736
0.0057365
0.00143753
-0.00469354
-0.0126249
-0.0213887
-0.0290789
-0.0332914
-0.0320522
-0.0253174
-0.0152064
-0.00490003
0.00322111
0.00855099
0.0175039
0.0141977
0.0108966
0.00674143
0.00178792
-0.00412324
-0.0109994
-0.0181308
-0.023873
-0.0260505
-0.0230099
-0.0150469
-0.00452779
0.00537814
0.0124652
0.0172754
0.0216282
0.015437
0.0110888
0.00640638
0.0016799
-0.00317658
-0.00832541
-0.0133762
-0.0170169
-0.0174037
-0.0132984
-0.00525728
0.00446037
0.0129954
0.0184414
0.023065
0.0231346
0.0143376
0.00955919
0.00516162
0.00153239
-0.0014789
-0.00431989
-0.00697777
-0.00853166
-0.00757219
-0.0032649
0.00376817
0.0116802
0.0181166
0.0214786
0.0257357
0.0222789
0.0115974
0.00685411
0.00341939
0.00160069
0.00110313
0.00103759
0.00100949
0.00149029
0.00339219
0.00719886
0.0124143
0.0177723
0.0214987
0.0224006
0.0255895
0.0192277
0.00771437
0.0033724
0.00141144
0.00194232
0.00434899
0.00730355
0.00996284
0.0123035
0.0147441
0.0175365
0.0204565
0.0228645
0.0235686
0.0217757
0.0230096
0.0140028
0.00275771
-0.000789063
-0.000915458
0.00220996
0.00757386
0.0134293
0.0184889
0.0222517
0.0247475
0.0261726
0.0266208
0.0260278
0.0237698
0.0194136
0.0181961
0.00671264
-0.00331166
-0.00559763
-0.00368271
0.00194602
0.0098869
0.0180668
0.0248136
0.0292613
0.0312391
0.0309966
0.0290449
0.025761
0.0209863
0.0146121
0.0112021
-0.00203558
-0.0100152
-0.0106102
-0.00669106
0.00095886
0.0106451
0.0200682
0.0273717
0.0315337
0.0323366
0.0302731
0.0262029
0.0208585
0.0144176
0.0070084
0.00239544
-0.0108697
-0.0161103
-0.0148055
-0.00926364
-0.00048836
0.00967253
0.0188935
0.0253564
0.0281119
0.0271425
0.0232431
0.0176126
0.0112043
0.00436745
-0.0026974
-0.00705033
-0.0179464
-0.020082
-0.0170075
-0.010545
-0.00181455
0.00732959
0.0147641
0.0189527
0.0192754
0.0161058
0.0106391
0.00432325
-0.00179292
-0.00748724
-0.0127054
-0.0153308
-0.0217178
-0.0208756
-0.0165042
-0.0100484
-0.00263221
0.00403102
0.00823571
0.008982
0.00623249
0.000920644
-0.00538186
-0.0111032
-0.0154538
-0.0186418
-0.0208831
-0.0208391
-0.0211516
-0.0180357
-0.0131313
-0.007688
-0.00275921
0.000210157
0.00018128
-0.00299854
-0.0085668
-0.0150552
-0.0207653
-0.0245029
-0.0260813
-0.0260769
-0.0250856
-0.0223073
-0.0137449
-0.0105695
-0.00672431
-0.00303454
-0.000584978
-0.000565793
-0.00365358
-0.00953543
-0.0170501
-0.0244272
-0.0296464
-0.0311828
-0.0290981
-0.0248799
-0.0202729
-0.0157007
-0.00408215
-0.00238954
-0.000532704
0.000982209
0.00109688
-0.00135686
-0.0068552
-0.0146449
-0.0230643
-0.0299422
-0.0332784
-0.0318525
-0.0261806
-0.0187279
-0.0119554
-0.00684359
0.0029257
0.00442216
0.00459879
0.00340333
0.000380553
-0.00494867
-0.0124912
-0.0211596
-0.0291771
-0.0340574
-0.0344116
-0.0299421
-0.0221764
-0.0135731
-0.00601693
-0.000289236
0.0106065
0.00988654
0.00804636
0.00474029
-2.36409e-05
-0.00635728
-0.0140739
-0.022231
-0.0289966
-0.0325565
-0.0309674
-0.0243735
-0.0147699
-0.00496146
0.00301899
0.00900772
0.0161493
0.0122303
0.00874482
0.00409531
-0.00130983
-0.00738872
-0.0141282
-0.0209135
-0.0262578
-0.0281984
-0.0251929
-0.0175171
-0.00729001
0.00258157
0.0100588
0.0166436
0.0188989
0.0114108
0.0069032
0.00183429
-0.00316674
-0.00793494
-0.012824
-0.0176072
-0.0211325
-0.0216419
-0.0178714
-0.0102087
-0.000611385
0.00817265
0.0142297
0.0212651
0.0189817
0.00832696
0.00333929
-0.00127825
-0.00488036
-0.00743855
-0.00975176
-0.0120278
-0.0135013
-0.0127818
-0.00891297
-0.00226846
0.00559431
0.0122945
0.0161167
0.0226756
0.0168137
0.00419749
-0.000899016
-0.00439855
-0.00581456
-0.00550916
-0.00470769
-0.00411156
-0.00340679
-0.00166415
0.00176438
0.00663971
0.0119328
0.0157725
0.0167671
0.021318
0.0129336
-5.05645e-05
-0.00495746
-0.00689786
-0.0056923
-0.0021753
0.00193273
0.00545341
0.00821135
0.0106657
0.0132355
0.0159139
0.0181839
0.018806
0.0167733
0.0179804
0.00777786
-0.00420973
-0.00852486
-0.00861938
-0.00468178
0.00194301
0.00907869
0.0151142
0.0194346
0.0221259
0.0234976
0.0238238
0.0230564
0.0205697
0.0157911
0.0132901
0.0016208
-0.00855062
-0.0117156
-0.00978942
-0.00333991
0.00583511
0.0152253
0.0228999
0.0279632
0.0302992
0.0302397
0.0282835
0.0248213
0.0197334
0.012863
0.00743796
-0.00513872
-0.013088
-0.0145486
-0.0106192
-0.00221918
0.00852683
0.0189484
0.0270511
0.0318383
0.0331906
0.0315505
0.0276572
0.0221731
0.0153354
0.00732148
0.000543003
-0.0116935
-0.0171459
-0.0165797
-0.0109912
-0.00157306
0.0094252
0.0194016
0.0265203
0.0299753
0.0298066
0.0266434
0.0213931
0.0148811
0.00748125
-0.000463001
-0.00680452
-0.0167466
-0.0196002
-0.0170967
-0.0105356
-0.00127306
0.00850101
0.0164924
0.0212945
0.022505
0.0204881
0.0161012
0.0103697
0.00410443
-0.0024351
-0.00896631
-0.0133377
-0.019088
-0.0194313
-0.0155383
-0.00898008
-0.00112828
0.00603626
0.0107423
0.0122246
0.0106684
0.00687293
0.00190628
-0.00320541
-0.00787387
-0.012234
-0.0162052
-0.0177002
-0.0177988
-0.0161058
-0.0116477
-0.00622204
-0.000891448
0.00259845
0.00324567
0.00109112
-0.0030083
-0.00785919
-0.0123372
-0.0157137
-0.0178677
-0.019228
-0.0201026
-0.0187384
-0.0116402
-0.0093021
-0.0052959
-0.00150525
0.0008471
0.000769119
-0.00219544
-0.00735117
-0.0133441
-0.0186846
-0.022122
-0.0229664
-0.0216394
-0.0192374
-0.0168723
-0.0137851
0.000123581
0.00145777
0.0035871
0.00511497
0.00494383
0.00206139
-0.00370906
-0.0112634
-0.0187431
-0.0242068
-0.0261139
-0.0241082
-0.0191047
-0.0130746
-0.00785708
-0.00315575
0.00624391
0.00777819
0.00793667
0.0065052
0.00320183
-0.00227601
-0.00974703
-0.017944
-0.0252104
-0.0295567
-0.0296344
-0.0254131
-0.0182993
-0.0103572
-0.00314911
0.00294213
0.0120235
0.0114925
0.00970832
0.00607186
0.000891834
-0.00569605
-0.0133469
-0.0213045
-0.0277717
-0.0309474
-0.0294281
-0.0233272
-0.014336
-0.00485136
0.00338593
0.0107055
0.0155512
0.0112673
0.00783029
0.0028373
-0.00294818
-0.00921922
-0.0159111
-0.0225088
-0.0276587
-0.0295683
-0.0268787
-0.0197675
-0.0099801
-0.00012608
0.0078585
0.016756
0.0161165
0.00742095
0.00283098
-0.00252899
-0.00768918
-0.0123784
-0.0169794
-0.0214284
-0.0247379
-0.0253012
-0.0219062
-0.0147519
-0.00541884
0.00349241
0.0100263
0.0194589
0.013899
0.00139692
-0.00392202
-0.00874269
-0.0121767
-0.014231
-0.0158335
-0.0174467
-0.0184831
-0.0176701
-0.0140393
-0.00775219
-4.38683e-05
0.00666721
0.0105925
0.0188052
0.00962003
-0.0049326
-0.0106863
-0.0142992
-0.0152038
-0.0139131
-0.0119551
-0.0103132
-0.00887058
-0.00677981
-0.00334275
0.00137748
0.0065271
0.0101627
0.0107491
0.0154591
0.00441997
-0.0100923
-0.0159658
-0.0179544
-0.0159521
-0.0111045
-0.0055269
-0.000711634
0.00299961
0.00603336
0.0088645
0.0115677
0.0136878
0.0139086
0.0110786
0.0108095
-0.000653691
-0.0136658
-0.0191081
-0.0192089
-0.0143411
-0.00627513
0.00237598
0.00971105
0.0150241
0.0184261
0.020267
0.0207771
0.0198598
0.0168579
0.0111096
0.00613699
-0.00512006
-0.0161481
-0.0203551
-0.0183889
-0.0110398
-0.000567335
0.0101016
0.018836
0.0247577
0.0278309
0.0283757
0.0267679
0.0232286
0.0176023
0.00972704
0.00185237
-0.00898989
-0.0180824
-0.0202841
-0.0162385
-0.00709336
0.00463346
0.0159217
0.0246992
0.0301332
0.0322186
0.0313297
0.027957
0.0225255
0.0151672
0.00608715
-0.00231906
-0.0122353
-0.0193872
-0.0192152
-0.0134112
-0.00342327
0.00820065
0.0186106
0.0260504
0.0299846
0.0305941
0.0283539
0.0238205
0.0174935
0.00955626
0.000336357
-0.00660453
-0.0143076
-0.0194342
-0.0170168
-0.0101658
-0.000492926
0.00962215
0.017747
0.0226668
0.0243333
0.02323
0.0199743
0.0151058
0.0090636
0.0018589
-0.00623832
-0.0105231
-0.0144736
-0.017401
-0.0134281
-0.00655143
0.00159163
0.00894572
0.0136825
0.0153164
0.0143522
0.0116371
0.00789795
0.00361598
-0.000896803
-0.00615544
-0.0119218
-0.0131412
-0.0120943
-0.0127244
-0.00821472
-0.00248409
0.00301044
0.00668901
0.00750658
0.00571143
0.00236656
-0.00140046
-0.00485987
-0.00771794
-0.0101037
-0.0123366
-0.014928
-0.0134265
-0.00661095
-0.00536848
-0.00118928
0.00272395
0.00498433
0.00467173
0.0016425
-0.00311846
-0.00813142
-0.0120922
-0.0143789
-0.0148943
-0.0141438
-0.0130999
-0.0125191
-0.00959591
0.00653494
0.00752522
0.0103029
0.0118622
0.0114902
0.00834946
0.00249487
-0.00485617
-0.0117812
-0.0164931
-0.017934
-0.0160767
-0.0118576
-0.00690368
-0.00267971
0.00249822
0.0111656
0.0129442
0.0133608
0.0119034
0.0084904
0.00297219
-0.00438134
-0.0124199
-0.0194946
-0.0237576
-0.0240461
-0.0203716
-0.0139095
-0.006418
0.000730602
0.0076493
0.0148049
0.0146206
0.013083
0.00932647
0.00392847
-0.00278113
-0.0104315
-0.0181447
-0.0244405
-0.0276135
-0.0264764
-0.0210922
-0.0127975
-0.00361995
0.00494296
0.0136444
0.0159208
0.0114348
0.00814323
0.00296806
-0.0030294
-0.00935623
-0.0159149
-0.0222317
-0.0271288
-0.029012
-0.0266966
-0.0202578
-0.0110545
-0.00138554
0.00702321
0.0176257
0.0138315
0.00415777
-0.000558607
-0.0061472
-0.0113709
-0.0158605
-0.0200251
-0.0239184
-0.0267335
-0.0270825
-0.0238892
-0.0172296
-0.00830631
0.000390985
0.00705666
0.0180513
0.00881064
-0.00519191
-0.0110393
-0.0161061
-0.0193473
-0.020778
-0.0215016
-0.0221471
-0.0223433
-0.0210175
-0.0173025
-0.0112925
-0.00374761
0.00256992
0.00614331
0.0148269
0.00203542
-0.0140899
-0.0207957
-0.0246177
-0.0250013
-0.0226555
-0.019391
-0.0164379
-0.0138734
-0.0109964
-0.00716292
-0.0023909
0.00256829
0.00572251
0.0054969
0.00905593
-0.00460991
-0.0205119
-0.027622
-0.0297288
-0.0269253
-0.0207331
-0.0136429
-0.0074059
-0.00249539
0.00146125
0.00491521
0.00787959
0.00992121
0.00957684
0.0056352
0.00286415
-0.00940632
-0.0238106
-0.0304597
-0.0305449
-0.0247371
-0.0152992
-0.00525696
0.0032949
0.00963423
0.0139251
0.0165156
0.0175322
0.0165913
0.0130112
0.00603357
-0.00175286
-0.0117542
-0.0245848
-0.0296249
-0.0274479
-0.0192292
-0.00765043
0.00398161
0.0134697
0.0200548
0.0238523
0.0251765
0.0242004
0.0208168
0.0146913
0.0055608
-0.00414815
-0.0122712
-0.0238558
-0.0262971
-0.0218469
-0.0120194
0.000378959
0.012056
0.021012
0.0266887
0.0292965
0.0291814
0.0265507
0.021475
0.0137488
0.00336345
-0.00505695
-0.0116309
-0.0221525
-0.0215725
-0.0152318
-0.00479934
0.00705655
0.0173299
0.0244795
0.0283389
0.0293318
0.0278689
0.0241642
0.0183396
0.0101382
-0.000481315
-0.00576923
-0.0102492
-0.019264
-0.0160547
-0.00861507
0.00130093
0.0113439
0.0190281
0.0234482
0.0249384
0.0241967
0.0217175
0.0177019
0.0121402
0.00470242
-0.00492297
-0.0066649
-0.00797845
-0.0146765
-0.00986253
-0.0024331
0.00582893
0.0130161
0.0173158
0.018511
0.0174438
0.0151077
0.0120643
0.00839701
0.00421092
-0.00126805
-0.00854725
-0.00727926
-0.00443662
-0.00803897
-0.00289483
0.00325517
0.00882504
0.0123966
0.0129731
0.0109859
0.00768772
0.00423995
0.0012589
-0.00124193
-0.00346452
-0.00615346
-0.0100349
-0.00668054
0.000770429
0.000625202
0.00536614
0.00941211
0.011455
0.0108516
0.00770147
0.00311159
-0.00143428
-0.00486591
-0.00677189
-0.0073575
-0.00711972
-0.00692115
-0.00748687
-0.00343639
0.013852
0.0147111
0.0177247
0.0195053
0.0191084
0.0159981
0.0103861
0.00343946
-0.00309887
-0.00755005
-0.00915953
-0.00791953
-0.00457155
-0.000437167
0.00320153
0.00924759
0.0169313
0.0189195
0.0195681
0.0182189
0.0149079
0.00960447
0.00256568
-0.00520039
-0.0121568
-0.0165865
-0.0173553
-0.0143773
-0.00857218
-0.00148497
0.00552231
0.0131957
0.0185993
0.0186299
0.0173346
0.013618
0.00824925
0.00168674
-0.00569897
-0.013105
-0.0192036
-0.0224523
-0.0217596
-0.0170944
-0.00949113
-0.00069935
0.00797312
0.017613
0.0173233
0.0127276
0.00953674
0.0042993
-0.00172157
-0.00791639
-0.0141612
-0.0200449
-0.0245455
-0.0262775
-0.0242147
-0.0183608
-0.00977036
-0.000500234
0.00787044
0.019372
0.01251
0.00235482
-0.00260113
-0.00839161
-0.0135809
-0.0178169
-0.0214415
-0.0246247
-0.0267384
-0.0266337
-0.0234162
-0.017134
-0.0086402
-0.000431356
0.00597193
0.0172656
0.00464188
-0.0100272
-0.0165596
-0.021935
-0.0250475
-0.0258717
-0.025717
-0.0253384
-0.0245429
-0.0224797
-0.0184276
-0.0124304
-0.00537637
0.000488911
0.00350253
0.011322
-0.00456463
-0.0213873
-0.0291554
-0.0332617
-0.0332353
-0.0300026
-0.025614
-0.0214726
-0.0177994
-0.0140333
-0.00963268
-0.00465811
8.47625e-05
0.00272194
0.00167673
0.00313295
-0.0124925
-0.0292659
-0.0375418
-0.0397609
-0.0362843
-0.0290311
-0.0208088
-0.0135066
-0.0076298
-0.00282151
0.00132306
0.00472577
0.00672282
0.00590004
0.000990549
-0.00446803
-0.0168382
-0.0328416
-0.040253
-0.0401604
-0.0335216
-0.0230626
-0.0121954
-0.00300468
0.00391669
0.00884926
0.0121274
0.0136818
0.0129601
0.00900835
0.000994696
-0.0088781
-0.0173363
-0.0323753
-0.0376303
-0.0349171
-0.0258588
-0.0135838
-0.00166265
0.00784827
0.0145023
0.0186377
0.0205824
0.0203305
0.0172873
0.0109283
0.000671028
-0.00934013
-0.0146267
-0.0295253
-0.0312785
-0.0259761
-0.0154923
-0.00285094
0.0084963
0.0168604
0.0221272
0.0247812
0.0251677
0.0232466
0.0187284
0.0109226
-0.000675378
-0.00721208
-0.0103746
-0.0250734
-0.0230854
-0.0157272
-0.00488231
0.00679217
0.0162626
0.0224223
0.0255895
0.0264444
0.0253647
0.0223069
0.0171263
0.00898294
-0.00295243
-0.00458898
-0.00575098
-0.0191928
-0.0143095
-0.00590609
0.00420309
0.0138125
0.0205275
0.0239064
0.0246959
0.0237687
0.0215541
0.0180089
0.0130411
0.00570974
-0.00522869
-0.00263919
-0.00116042
-0.0117773
-0.00548264
0.00269145
0.0110042
0.0177588
0.021232
0.0216454
0.0200761
0.0175781
0.014663
0.0112997
0.00740572
0.00196713
-0.00644507
-0.0012861
0.00353048
-0.00295288
0.00329674
0.0099352
0.0154673
0.0187244
0.0189245
0.0165565
0.012959
0.00932003
0.00624575
0.0037298
0.00158655
-0.00115373
-0.00582458
0.000331161
0.00882455
0.007566
0.0127836
0.0170069
0.018852
0.0180174
0.0148054
0.0103605
0.00595473
0.00252003
0.000386114
-0.000628398
-0.00084588
-0.00104972
-0.00217641
0.00358385
0.020087
0.020937
0.0240908
0.0259166
0.0255843
0.0227903
0.0178035
0.011531
0.00550561
0.00091003
-0.00120724
-0.000718159
0.00189288
0.00549459
0.00885696
0.0152789
0.022454
0.0243999
0.0250852
0.0237809
0.020679
0.0158491
0.00944612
0.00227142
-0.00441997
-0.00904743
-0.0103756
-0.00809825
-0.00288195
0.00386158
0.0108212
0.0188425
0.0228267
0.0227881
0.021557
0.0179121
0.0127393
0.00655585
-0.000346485
-0.00730311
-0.0131605
-0.0164895
-0.0161962
-0.0120924
-0.00500804
0.00339538
0.0115845
0.0220739
0.0196475
0.0151194
0.0118728
0.0066033
0.000660727
-0.00529087
-0.0111534
-0.0165828
-0.020702
-0.0222733
-0.0203512
-0.0148638
-0.00672305
0.00217698
0.0102582
0.0216293
0.0125287
0.00269155
-0.00262028
-0.00863353
-0.0138664
-0.0178733
-0.0210824
-0.0236989
-0.0252244
-0.0246916
-0.021332
-0.015159
-0.0070973
0.000774182
0.00687158
0.0171569
0.00224281
-0.0118565
-0.0190791
-0.0247951
-0.0278726
-0.0284546
-0.0278111
-0.0267768
-0.0252671
-0.0225952
-0.0181773
-0.0121039
-0.00529998
0.000215954
0.00288064
0.00880637
-0.00897399
-0.0252288
-0.0338419
-0.0382274
-0.0380439
-0.034443
-0.0295745
-0.0248636
-0.0205521
-0.0161642
-0.0112766
-0.00606557
-0.00139449
0.000942452
-0.000485575
-0.00137113
-0.0179656
-0.0346484
-0.0435766
-0.0457724
-0.0419106
-0.0342647
-0.0257678
-0.0182284
-0.0120198
-0.00675578
-0.00211702
0.00166209
0.00373942
0.00272029
-0.00263881
-0.0100379
-0.0223085
-0.0388621
-0.046453
-0.0458626
-0.038599
-0.0278862
-0.0171511
-0.008261
-0.00147853
0.00361821
0.00729862
0.00928615
0.00883472
0.00477744
-0.00375371
-0.0143101
-0.0214453
-0.0383024
-0.0426981
-0.0389708
-0.0291836
-0.0169027
-0.00567926
0.00291899
0.00893509
0.0129149
0.0151071
0.0151882
0.0126674
0.00629301
-0.00467435
-0.0133167
-0.0165714
-0.0343185
-0.0342576
-0.0275493
-0.0163643
-0.00405982
0.00607439
0.0130451
0.0173143
0.0195696
0.0200661
0.0185314
0.0144964
0.00674275
-0.00582453
-0.00900793
-0.00978725
-0.0279166
-0.0235478
-0.0146654
-0.00328289
0.00775235
0.0157373
0.0203441
0.022424
0.0227823
0.0216847
0.0189062
0.0141477
0.00608286
-0.00700675
-0.00403352
-0.00278116
-0.0195518
-0.0123354
-0.0025831
0.00779269
0.0166102
0.0219376
0.0240038
0.0239086
0.0225335
0.0201882
0.0167301
0.0120221
0.00472817
-0.0073351
-2.13039e-05
0.00363991
-0.00953734
-0.00149059
0.00755988
0.0159189
0.0219578
0.0245037
0.0241496
0.0220778
0.0192436
0.0160769
0.0125787
0.00870775
0.00321736
-0.0060504
0.0029307
0.00946195
0.00146701
0.00867951
0.0157923
0.0211952
0.0240692
0.0238947
0.0213512
0.0176037
0.0136802
0.0102048
0.00732536
0.00500638
0.00216561
-0.00294999
0.00568298
0.0152381
0.0134508
0.0190969
0.023453
0.0251582
0.0242228
0.0211167
0.0168871
0.0125483
0.00883431
0.00620321
0.00467081
0.00412663
0.00377877
0.0025125
0.00955553
0.0243828
0.0252719
0.0280847
0.0296672
0.0295329
0.0274564
0.0234154
0.0178979
0.0119417
0.00690355
0.0039865
0.00374285
0.00595091
0.00953592
0.0132141
0.0197572
0.0269807
0.0286824
0.0290536
0.0275634
0.0246277
0.0203935
0.0148395
0.00834466
0.00190067
-0.00300868
-0.00499122
-0.00340047
0.00140549
0.00809832
0.0152117
0.023205
0.0271019
0.0268422
0.0253245
0.0215801
0.0165761
0.0108176
0.0044571
-0.00208887
-0.00784021
-0.0114204
-0.0116125
-0.00796171
-0.00105164
0.0074991
0.016078
0.0257308
0.0230114
0.0187701
0.0151639
0.009747
0.00385533
-0.00189663
-0.00749484
-0.0127285
-0.0167784
-0.0184701
-0.0167984
-0.011504
-0.00335111
0.00577068
0.0141124
0.0242972
0.0143572
0.00561911
-0.000165336
-0.00643804
-0.0118052
-0.0158778
-0.01908
-0.0216243
-0.0230419
-0.0224391
-0.0190585
-0.0128331
-0.0046448
0.00349552
0.00976663
0.0181246
0.00233566
-0.0100321
-0.017739
-0.0237745
-0.0271135
-0.0280009
-0.0275701
-0.0265727
-0.0249321
-0.0220563
-0.0174256
-0.0111454
-0.00416689
0.00160993
0.00440249
0.00800808
-0.0103506
-0.0247973
-0.0336338
-0.0382211
-0.0383643
-0.0352262
-0.0307579
-0.0262148
-0.021839
-0.0172648
-0.012156
-0.0067289
-0.00196794
0.000519368
-0.000820128
-0.00354493
-0.0200221
-0.0355633
-0.0440595
-0.0461426
-0.0426039
-0.0356061
-0.0277143
-0.0205023
-0.0143915
-0.00913832
-0.00449009
-0.000702361
0.00133947
0.00026649
-0.00502231
-0.0128788
-0.0243371
-0.0401707
-0.0466288
-0.0455542
-0.0387357
-0.0289746
-0.0190813
-0.0106775
-0.00420591
0.000554644
0.00387208
0.00556347
0.00490341
0.000748778
-0.00773111
-0.0167764
-0.0221062
-0.0388827
-0.041367
-0.0370118
-0.0279836
-0.0170648
-0.00690721
0.00109573
0.00660264
0.00987768
0.0112777
0.0107822
0.00794122
0.00161065
-0.0090542
-0.0141681
-0.0149886
-0.0331288
-0.0307445
-0.0235772
-0.0136005
-0.00303547
0.00595468
0.0123527
0.0159893
0.0172249
0.0165528
0.0141642
0.00990087
0.00250605
-0.00937746
-0.0071014
-0.00603498
-0.0248358
-0.0183216
-0.00933731
0.000516234
0.00976781
0.0168247
0.0210586
0.0225034
0.0216665
0.019193
0.0154602
0.0105681
0.00312401
-0.00895523
0.0004922
0.00210258
-0.0152506
-0.00660385
0.00287589
0.0117936
0.01923
0.0241486
0.0261867
0.0255733
0.0230125
0.0192826
0.0148913
0.0100715
0.00342329
-0.00752263
0.00568571
0.00849471
-0.00480625
0.00378088
0.0124077
0.019545
0.0249589
0.0277275
0.0277122
0.0253425
0.0214902
0.0170821
0.0126862
0.00863288
0.00359895
-0.00464765
0.00835301
0.0138337
0.00626393
0.0132831
0.0198011
0.0246148
0.0275571
0.0280425
0.0260852
0.0222377
0.0175281
0.0130093
0.00929895
0.00667979
0.00404983
-0.000257342
0.0103506
0.0192975
0.0177143
0.0232288
0.0273173
0.02907
0.0286584
0.0262655
0.0223575
0.0177202
0.0132206
0.00968523
0.0075738
0.00692171
0.00685248
0.0062636
0.0139512
)
;

boundaryField
{
    patch0_half0
    {
        type            cyclic;
    }
    patch0_half1
    {
        type            cyclic;
    }
    patch1_half0
    {
        type            cyclic;
    }
    patch1_half1
    {
        type            cyclic;
    }
    patch2_half0
    {
        type            cyclic;
    }
    patch2_half1
    {
        type            cyclic;
    }
}


// ************************************************************************* //
