/*--------------------------------*- C++ -*----------------------------------*\
| =========                 |                                                 |
| \\      /  F ield         | OpenFOAM: The Open Source CFD Toolbox           |
|  \\    /   O peration     | Version:  3.0.0                                 |
|   \\  /    A nd           | Web:      www.OpenFOAM.org                      |
|    \\/     M anipulation  |                                                 |
\*---------------------------------------------------------------------------*/
FoamFile
{
    version     2.0;
    format      ascii;
    class       volScalarField;
    location    "5.5";
    object      p;
}
// * * * * * * * * * * * * * * * * * * * * * * * * * * * * * * * * * * * * * //

dimensions      [0 2 -2 0 0 0 0];

internalField   nonuniform List<scalar> 
4096
(
-0.0342725
-0.0532693
-0.0471984
-0.0389281
-0.0314583
-0.0256642
-0.0213369
-0.0166319
-0.00932068
0.00148684
0.0134417
0.0204841
0.0163515
-1.19101e-05
-0.0221717
-0.0244654
-0.0243542
-0.0467303
-0.0395505
-0.0317201
-0.0259354
-0.022319
-0.0199159
-0.0161421
-0.00833066
0.00372008
0.0156958
0.0204673
0.0138333
-0.00337666
-0.0241606
-0.0187675
-0.012257
-0.034475
-0.0253661
-0.0167787
-0.01151
-0.00944216
-0.00931629
-0.00797578
-0.00242749
0.0075248
0.0175999
0.021214
0.0147079
-0.00110188
-0.0195939
-0.00909157
0.00118531
-0.0170775
-0.00599404
0.00311157
0.00728718
0.00679898
0.00346413
0.00113729
0.00342151
0.010706
0.0188401
0.0217049
0.0160888
0.00278247
-0.0120187
0.00193264
0.0163512
0.00455686
0.0175147
0.0268685
0.0295163
0.0258169
0.018203
0.0114179
0.00972311
0.0138664
0.0199235
0.0222445
0.0180552
0.00815625
-0.00198096
0.0141919
0.0323084
0.0278881
0.0425777
0.0521089
0.0532358
0.0463097
0.0343263
0.0227641
0.0166099
0.0170997
0.0207939
0.0226376
0.0202313
0.0142559
0.00918559
0.0267948
0.0465473
0.0489837
0.0649744
0.0746082
0.0744979
0.0648966
0.04918
0.0333104
0.0228889
0.0196202
0.0208169
0.0221993
0.0216907
0.0196892
0.0194715
0.0377945
0.0560667
0.0636592
0.0800935
0.0895521
0.0885795
0.0772578
0.059095
0.0402334
0.0264854
0.0200312
0.019045
0.0201695
0.0215225
0.0231217
0.0269637
0.045285
0.0585027
0.0688193
0.0844366
0.0931831
0.0916339
0.0796905
0.0607201
0.0407332
0.025299
0.0170025
0.0147637
0.0160541
0.0193621
0.0238403
0.0303733
0.0474626
0.0529078
0.0633088
0.0767391
0.0841238
0.0821744
0.0706033
0.0525275
0.0334331
0.0184404
0.0102576
0.00833574
0.0108066
0.0158923
0.0220771
0.0293967
0.0437128
0.0398487
0.0480557
0.0583107
0.0638807
0.0617276
0.0514492
0.0357768
0.0194786
0.00707325
0.00117081
0.0014281
0.0060189
0.0125169
0.018705
0.0245445
0.0345496
0.0210207
0.0257208
0.0325634
0.0363716
0.0344419
0.0263214
0.0142875
0.0023391
-0.00563211
-0.00740258
-0.00344957
0.00370733
0.0105493
0.0146191
0.0165893
0.0211002
-0.000610691
0.000190534
0.00422878
0.00696509
0.0059881
0.000821524
-0.00673739
-0.0134286
-0.015947
-0.0126
-0.00430879
0.00471675
0.0103923
0.0103302
0.00666358
0.00536742
-0.0205472
-0.0238774
-0.0216066
-0.0189727
-0.0182914
-0.020135
-0.0231632
-0.0246484
-0.0217946
-0.0134153
-0.00158785
0.00832217
0.0112605
0.00598333
-0.00381048
-0.00978737
-0.0331604
-0.0414523
-0.0401187
-0.0372658
-0.0351252
-0.0342704
-0.0336112
-0.0306044
-0.022859
-0.00997448
0.00433133
0.0132746
0.0124116
0.00230555
-0.0130768
-0.0204582
-0.0342889
-0.049245
-0.047665
-0.0435513
-0.0391976
-0.0352402
-0.0310318
-0.0246311
-0.0143253
-0.000584486
0.0128176
0.0199961
0.0167054
0.00318156
-0.015445
-0.0215454
-0.0296245
-0.0483655
-0.040661
-0.0303
-0.0213285
-0.0152546
-0.0118418
-0.00873512
-0.0030819
0.00637084
0.0174852
0.0245563
0.0214553
0.00594761
-0.0165558
-0.0203587
-0.0217417
-0.0431975
-0.0353528
-0.0263057
-0.0193314
-0.015014
-0.0126225
-0.00956598
-0.0030027
0.00757262
0.0183576
0.0228874
0.016929
0.000709605
-0.0200005
-0.0169416
-0.0128542
-0.0333978
-0.0239694
-0.014374
-0.00784876
-0.00479785
-0.00426633
-0.00342859
0.000713615
0.00870764
0.0170598
0.0201263
0.0143326
-0.000278302
-0.0181742
-0.010637
-0.00289495
-0.0193085
-0.0083745
0.0013821
0.00671967
0.00742017
0.00482524
0.00225462
0.00305081
0.0079714
0.0139452
0.0160682
0.0113214
-0.000358269
-0.0140869
-0.00322221
0.00933725
-0.001256
0.0109281
0.0203777
0.0238817
0.0214401
0.0149136
0.00823461
0.00517374
0.00677892
0.0104676
0.0120663
0.00901862
0.00117045
-0.00746649
0.00606593
0.0233811
0.0188813
0.0320956
0.041014
0.0425263
0.0367661
0.0261194
0.0150976
0.00791924
0.00601956
0.00745134
0.00882677
0.0079558
0.00439404
0.00109454
0.0168833
0.0369465
0.0377109
0.0515575
0.0598958
0.0596096
0.050916
0.0366361
0.021699
0.0107043
0.00549822
0.00487181
0.00625404
0.00772694
0.00838457
0.00999747
0.0275708
0.0468414
0.0513412
0.065276
0.0729713
0.0713174
0.060518
0.0436699
0.0258803
0.0119558
0.00415493
0.00200176
0.00369285
0.00745551
0.0117926
0.0172498
0.035481
0.0504092
0.0567508
0.0699978
0.0769337
0.07444
0.0626009
0.0445676
0.0253787
0.00990309
0.000724227
-0.00201342
0.000471928
0.00638632
0.0135039
0.0212883
0.0387388
0.0461654
0.0525736
0.0643106
0.0703499
0.0675484
0.0557973
0.0380193
0.0190852
0.00374609
-0.00521157
-0.00722326
-0.0032511
0.00455103
0.0132089
0.0214262
0.0364262
0.0346964
0.0394246
0.0489979
0.0541138
0.0515674
0.0409844
0.0249085
0.00790685
-0.00549646
-0.0124577
-0.0122827
-0.00616495
0.00299019
0.0115212
0.0180279
0.0288427
0.0177449
0.0196739
0.0268408
0.0312298
0.0295768
0.021189
0.00818048
-0.00531199
-0.0150709
-0.0183746
-0.0147803
-0.00629514
0.00317836
0.00952104
0.012051
0.0173334
-0.00149758
-0.00299432
0.00205299
0.00622918
0.00618641
0.000911525
-0.00793217
-0.0167275
-0.0216264
-0.02019
-0.0127553
-0.00219741
0.00590148
0.00799428
0.00471411
0.00404996
-0.01881
-0.0242236
-0.0205982
-0.0160584
-0.0140266
-0.0157774
-0.0200899
-0.0238349
-0.0235035
-0.0169876
-0.00580435
0.00528412
0.0103597
0.00682696
-0.00280064
-0.00833827
-0.0292458
-0.039487
-0.0368001
-0.0319926
-0.0283703
-0.0272263
-0.0276379
-0.0267307
-0.0212752
-0.00998669
0.00400254
0.0140348
0.0149581
0.00586818
-0.00916717
-0.0165949
-0.0292422
-0.04552
-0.0423493
-0.0359668
-0.0298039
-0.0253852
-0.022349
-0.0182083
-0.010182
0.00217595
0.0153981
0.0236026
0.0217782
0.00919297
-0.00977063
-0.0163717
-0.0225726
-0.0387905
-0.0314499
-0.0213995
-0.0130564
-0.0079077
-0.0055278
-0.00362211
0.000605276
0.0085786
0.0186629
0.025597
0.0233743
0.00961139
-0.0111698
-0.0168806
-0.0200695
-0.0373281
-0.0297247
-0.020417
-0.0129964
-0.00825025
-0.00562689
-0.00290669
0.00245948
0.0111086
0.019897
0.0231164
0.0169305
0.00159495
-0.017777
-0.0183128
-0.0174214
-0.0323538
-0.0228336
-0.0125788
-0.00506594
-0.00101824
0.000301471
0.00139109
0.0048713
0.0111739
0.0171963
0.0180503
0.0109209
-0.00359697
-0.0206082
-0.0178458
-0.0135753
-0.0240288
-0.0130462
-0.00255071
0.00399922
0.00605956
0.00477268
0.00310778
0.00392709
0.00764023
0.0113039
0.0107597
0.00393703
-0.00832155
-0.0215646
-0.0159704
-0.00657202
-0.0119144
-7.80998e-05
0.00976868
0.0143682
0.0134086
0.00859536
0.00348062
0.00124884
0.00240445
0.00425119
0.00328036
-0.00211033
-0.0109365
-0.0194629
-0.0111313
0.00377077
0.00296372
0.0150997
0.0238021
0.0259335
0.021501
0.012796
0.00393079
-0.00156613
-0.00295956
-0.0024753
-0.00304579
-0.00596081
-0.0106328
-0.0141487
-0.00314242
0.0153918
0.0179463
0.0299411
0.0371982
0.0368373
0.0291235
0.0168349
0.00450562
-0.00404452
-0.00774549
-0.0082077
-0.00777559
-0.00767695
-0.00797527
-0.00684103
0.00644798
0.0253141
0.029778
0.0411128
0.0469091
0.0444654
0.0342044
0.0192049
0.00421643
-0.00675944
-0.0122474
-0.0131723
-0.011324
-0.00809433
-0.004382
0.000446733
0.0150121
0.0307546
0.0356195
0.0458513
0.0503474
0.0464933
0.0347314
0.0182068
0.00167806
-0.0107557
-0.0172168
-0.0179637
-0.0143599
-0.00815964
-0.00127598
0.00581737
0.0204739
0.0303116
0.0340844
0.0428106
0.0462567
0.0417724
0.029661
0.0129157
-0.0038607
-0.0165435
-0.0228921
-0.0226246
-0.016922
-0.00814915
0.000707243
0.00836977
0.021481
0.0238015
0.0254462
0.0323615
0.0350708
0.0307849
0.019503
0.00388205
-0.0117454
-0.0232938
-0.0282467
-0.0260086
-0.0179429
-0.00725746
0.00205142
0.00835162
0.0181655
0.0126751
0.0114697
0.0164815
0.0188652
0.015604
0.00629702
-0.00685593
-0.0199039
-0.0288754
-0.0311164
-0.0260444
-0.0156355
-0.00417939
0.00368461
0.00664951
0.0117314
-0.000378301
-0.00487105
-0.00154865
0.000988828
-0.000476731
-0.00680609
-0.0163332
-0.0255852
-0.0307973
-0.0293575
-0.0210339
-0.008884
0.00166044
0.00606804
0.00404631
0.00385739
-0.0123143
-0.0202627
-0.0180736
-0.0149191
-0.0141777
-0.017047
-0.0223875
-0.0272307
-0.0280871
-0.0226212
-0.011239
0.00137595
0.00914435
0.00848066
0.00068461
-0.00402593
-0.0198129
-0.0315881
-0.0300044
-0.026222
-0.0236038
-0.0233973
-0.0248212
-0.0252822
-0.0215805
-0.0119777
0.00143888
0.0126978
0.0161399
0.00989992
-0.00312435
-0.0101042
-0.0203431
-0.0361212
-0.0332024
-0.0270327
-0.0214157
-0.0179612
-0.0162692
-0.0138932
-0.00792145
0.00261637
0.0150503
0.0238185
0.0239042
0.0136469
-0.00358232
-0.0107156
-0.0164727
-0.0282993
-0.022245
-0.0133665
-0.00623319
-0.00220263
-0.000725058
0.000289738
0.00349451
0.0106273
0.0203286
0.027672
0.0266316
0.0147954
-0.00390734
-0.0134388
-0.0197984
-0.0308824
-0.0238807
-0.0145449
-0.00681347
-0.00188414
0.000569663
0.00247401
0.00628669
0.0130141
0.0202484
0.0228673
0.0170612
0.00306548
-0.0145551
-0.020329
-0.0238307
-0.0313428
-0.0218041
-0.0108638
-0.00245744
0.00220033
0.0036527
0.00416779
0.00627856
0.0105943
0.014634
0.0140148
0.00619796
-0.00781202
-0.0234881
-0.0264573
-0.0266813
-0.0295358
-0.0181884
-0.0066493
0.00119456
0.00424842
0.00346738
0.00162748
0.00143737
0.00337246
0.00485387
0.00225792
-0.00600727
-0.0184551
-0.0308059
-0.0307879
-0.0256611
-0.024161
-0.0119405
-0.00100813
0.00496995
0.00520622
0.00125065
-0.00352735
-0.00616495
-0.00620648
-0.00643013
-0.00959506
-0.0167503
-0.0262504
-0.0343147
-0.0310475
-0.0197864
-0.0152213
-0.00301582
0.00637442
0.0096243
0.00636378
-0.00120918
-0.00914839
-0.0142575
-0.0160994
-0.0169269
-0.0193185
-0.0239539
-0.0295124
-0.0329477
-0.0264659
-0.011005
-0.00457249
0.00685659
0.0141771
0.0144621
0.00775602
-0.00317944
-0.0139869
-0.0212796
-0.0244225
-0.0252065
-0.0258133
-0.0270742
-0.0283257
-0.0274812
-0.0184129
-0.00162743
0.00506771
0.0151582
0.0203455
0.0180341
0.00857633
-0.00491392
-0.0178871
-0.0268316
-0.0307756
-0.0309708
-0.0292531
-0.0268357
-0.0240863
-0.0199578
-0.00935151
0.00543472
0.0111764
0.0196406
0.0230117
0.0188699
0.00771468
-0.00724778
-0.0214702
-0.0313561
-0.0355401
-0.0346755
-0.0304127
-0.0245616
-0.0186364
-0.0125908
-0.00180003
0.00849013
0.0123409
0.0190958
0.0211544
0.0161131
0.00442454
-0.010857
-0.0253106
-0.0352822
-0.0389931
-0.0365905
-0.0297336
-0.0210088
-0.0130716
-0.00670419
0.00277656
0.00722068
0.00852223
0.0135905
0.0148781
0.00988968
-0.00118278
-0.0155789
-0.0291575
-0.0382068
-0.0405983
-0.0361565
-0.0267459
-0.0159412
-0.00744384
-0.00245406
0.00420501
0.00273084
0.000906826
0.00431312
0.00540992
0.0013811
-0.00795675
-0.0202919
-0.0318225
-0.0388552
-0.0390209
-0.0320498
-0.0203788
-0.00859391
-0.00115743
0.00080739
0.00331538
-0.00331731
-0.00844594
-0.00647572
-0.00507819
-0.0073927
-0.0140466
-0.0232855
-0.0317296
-0.0358054
-0.0330859
-0.0234139
-0.0101533
0.00115832
0.00586971
0.00349484
0.00120494
-0.00897011
-0.0173061
-0.0163716
-0.0142816
-0.0144606
-0.0179236
-0.0234707
-0.0282207
-0.0288086
-0.0229208
-0.0111065
0.00273489
0.0117787
0.0123336
0.00501915
-0.00152572
-0.0126778
-0.0239497
-0.0234562
-0.0204943
-0.018607
-0.0189984
-0.0209135
-0.0219075
-0.0188999
-0.0100225
0.00312074
0.0153115
0.0205337
0.0162064
0.00437263
-0.00458276
-0.0133492
-0.0263088
-0.0238794
-0.0181912
-0.0134643
-0.0111864
-0.0106812
-0.00948755
-0.00474896
0.00475176
0.0167885
0.026065
0.0275369
0.0190556
0.00335375
-0.00654777
-0.00681658
-0.0149951
-0.0111725
-0.00443142
0.00108592
0.00422629
0.00547859
0.00656835
0.00993638
0.0172845
0.0274415
0.0356294
0.0359478
0.0260519
0.0095027
-0.00353189
-0.0149311
-0.0212106
-0.0154828
-0.00700489
0.000333969
0.00500952
0.0071514
0.00845606
0.0113268
0.01704
0.0237691
0.0269006
0.0224708
0.0103309
-0.00537538
-0.015484
-0.0245858
-0.0266555
-0.0174384
-0.00683519
0.00155859
0.00608823
0.00712187
0.00675189
0.00748255
0.0103797
0.0134151
0.0126681
0.00551205
-0.00717107
-0.021124
-0.027939
-0.0334622
-0.0308019
-0.019306
-0.0073945
0.000884156
0.0040167
0.00282832
5.24974e-06
-0.00171479
-0.00154307
-0.00146302
-0.0047682
-0.0129969
-0.0246397
-0.0355871
-0.0385302
-0.0382855
-0.0317764
-0.0188933
-0.00716444
-0.000455956
1.43968e-05
-0.00426614
-0.0099309
-0.014004
-0.0159835
-0.0175857
-0.0217922
-0.0293313
-0.0384466
-0.0454741
-0.0442427
-0.0376185
-0.0285195
-0.0154702
-0.00521772
-0.00120567
-0.00417384
-0.0118956
-0.0203573
-0.0264263
-0.029613
-0.0318084
-0.0352593
-0.0404804
-0.0459771
-0.0487135
-0.0437116
-0.0318848
-0.0221119
-0.0100624
-0.00208273
-0.00116605
-0.00752093
-0.0182874
-0.0290688
-0.0366137
-0.0403586
-0.0419805
-0.0434076
-0.045264
-0.0467279
-0.0455864
-0.0379037
-0.0240714
-0.0148903
-0.00452413
0.00100969
-0.000815441
-0.0097981
-0.0227108
-0.0350195
-0.0434354
-0.0470878
-0.0474074
-0.0461164
-0.0443083
-0.0420727
-0.0381493
-0.029303
-0.0166088
-0.00897996
-0.000649536
0.0028367
-0.000889481
-0.0113858
-0.0253607
-0.0383169
-0.0469136
-0.0500558
-0.0486229
-0.0444132
-0.0392489
-0.0342587
-0.0289772
-0.0205119
-0.0111046
-0.00573201
0.000616401
0.00267685
-0.00196829
-0.0128102
-0.0268273
-0.0395276
-0.0476452
-0.0497214
-0.0462761
-0.039299
-0.0314575
-0.024929
-0.0198227
-0.0130945
-0.00799834
-0.00535015
-0.0007809
0.000409538
-0.00418987
-0.0143651
-0.0272679
-0.038863
-0.0457447
-0.0461739
-0.0404746
-0.0310021
-0.0213558
-0.0146198
-0.0111755
-0.00740854
-0.00668973
-0.0071491
-0.00422709
-0.00332128
-0.00706832
-0.0155939
-0.0264661
-0.0360092
-0.0408321
-0.0390177
-0.0308496
-0.0192609
-0.00878181
-0.00317346
-0.00273339
-0.00300161
-0.00612361
-0.00988534
-0.00846765
-0.00737378
-0.00966119
-0.0157449
-0.0238043
-0.0305036
-0.0325959
-0.0280975
-0.0175034
-0.00439852
0.00582648
0.00909565
0.00556135
0.000671973
-0.00549487
-0.012414
-0.0121961
-0.0106647
-0.0110933
-0.0143388
-0.0190904
-0.0225502
-0.021653
-0.0144873
-0.00193314
0.0116934
0.0204034
0.0203939
0.0125886
0.00344997
-0.00484271
-0.0142644
-0.0146376
-0.0123164
-0.0107876
-0.0112133
-0.0127664
-0.0131079
-0.00942736
-0.000117207
0.0132379
0.0256861
0.0314317
0.0276011
0.0160656
0.00418505
-0.0041789
-0.0137038
-0.0121973
-0.00767367
-0.00417839
-0.00283364
-0.00267238
-0.00139574
0.00352149
0.0131149
0.0251925
0.0348621
0.0369757
0.0294746
0.01499
0.00215535
0.00862704
0.000442038
0.00145611
0.00543177
0.0092324
0.0120971
0.0142233
0.0168328
0.02207
0.0312801
0.0430842
0.0526019
0.0541362
0.0455043
0.0299924
0.0158772
-0.00154472
-0.00783178
-0.00437957
0.00221106
0.00829031
0.012497
0.0148022
0.0166667
0.0203562
0.0270725
0.0351532
0.0401696
0.0379131
0.0274787
0.012688
0.00114268
-0.0145052
-0.0163088
-0.00922137
4.43677e-05
0.0072557
0.0110821
0.011771
0.011233
0.011983
0.015171
0.0191886
0.0202788
0.015429
0.00470993
-0.00818859
-0.0153449
-0.0276906
-0.024956
-0.0143294
-0.00336851
0.0039946
0.00628902
0.00426751
0.000583369
-0.00192447
-0.00215545
-0.00164459
-0.00346398
-0.00955688
-0.019297
-0.0292103
-0.0313365
-0.0373112
-0.0307559
-0.0177822
-0.00631629
-0.000198883
-0.000667104
-0.0061748
-0.0132093
-0.0186181
-0.0214583
-0.0232252
-0.0264239
-0.0321927
-0.0395434
-0.0457594
-0.0426702
-0.0411232
-0.0319806
-0.018202
-0.00769522
-0.00403974
-0.00797149
-0.0170496
-0.0270261
-0.0345973
-0.0389432
-0.0415336
-0.0444042
-0.048322
-0.0524532
-0.0543975
-0.0470213
-0.0394647
-0.0292417
-0.0161425
-0.00762486
-0.00686737
-0.0140241
-0.02596
-0.0380315
-0.0468303
-0.0516014
-0.0536789
-0.0548439
-0.0559197
-0.0565729
-0.0548073
-0.044875
-0.0344172
-0.0244216
-0.0129983
-0.00676453
-0.00850537
-0.0179325
-0.0315537
-0.044624
-0.0537433
-0.0580527
-0.0586913
-0.0573671
-0.0553264
-0.0528181
-0.0487596
-0.0384864
-0.0281299
-0.0193886
-0.0100354
-0.00577887
-0.00912927
-0.0196032
-0.0336741
-0.0467058
-0.0553627
-0.0585735
-0.0572506
-0.0532797
-0.0485405
-0.0440977
-0.0391918
-0.0301714
-0.0218633
-0.0151919
-0.00791734
-0.00507458
-0.00906726
-0.0194324
-0.0328621
-0.0449766
-0.0524773
-0.054091
-0.050584
-0.0441529
-0.0374277
-0.0322099
-0.0280228
-0.0215621
-0.0161726
-0.0120416
-0.00670809
-0.00474109
-0.00854148
-0.0178431
-0.0296933
-0.0400666
-0.0457178
-0.0452464
-0.0394036
-0.030835
-0.0229468
-0.0181556
-0.016015
-0.0129594
-0.0106295
-0.00959899
-0.00606587
-0.0045528
-0.00751969
-0.0149994
-0.024476
-0.0323242
-0.0354295
-0.0323535
-0.0240577
-0.0136812
-0.00541532
-0.00212964
-0.00314279
-0.00421886
-0.00480127
-0.00717144
-0.00540654
-0.00406902
-0.00580665
-0.0109247
-0.0174387
-0.0221712
-0.0222288
-0.0162471
-0.00545786
0.0063519
0.0142921
0.0152469
0.0103494
0.00471471
0.0012221
-0.0045535
-0.00441574
-0.00306322
-0.00333418
-0.00584865
-0.00916208
-0.0106055
-0.00756398
0.00123446
0.0141368
0.0267481
0.0336721
0.031828
0.0229296
0.013013
0.00628728
-0.00222747
-0.00314478
-0.001413
-0.000119864
-0.000153423
-0.000544267
0.00087973
0.00656026
0.0173425
0.0312765
0.0434811
0.0485088
0.0437337
0.0314619
0.0185375
0.0101417
0.00158921
0.00164223
0.00431239
0.00638737
0.00740559
0.00841956
0.0113012
0.0180439
0.0291558
0.042292
0.0525164
0.0548321
0.0473717
0.0330044
0.0196276
0.0261674
0.0136198
0.012237
0.013746
0.0164714
0.0200618
0.0241917
0.029461
0.0378378
0.0498392
0.0635614
0.0740747
0.0761048
0.0674781
0.0509851
0.0389824
0.0161726
0.00488693
0.00614322
0.0102933
0.0149838
0.0192377
0.0227687
0.0267309
0.0330361
0.042526
0.0532396
0.0606712
0.0603991
0.0508975
0.0349081
0.0253856
0.00320122
-0.00454345
0.000612877
0.00705642
0.0126045
0.0160636
0.0173582
0.0181424
0.0207054
0.0261856
0.0329751
0.0371727
0.0352717
0.026256
0.0126629
0.00796727
-0.0116174
-0.0150837
-0.00607986
0.00283132
0.00858986
0.0100468
0.0077781
0.00434891
0.00263506
0.00393955
0.00692723
0.00841285
0.00573196
-0.00177754
-0.0120067
-0.0110217
-0.0240119
-0.0230977
-0.010871
-0.000685902
0.00397816
0.00220139
-0.00442454
-0.0122489
-0.0178931
-0.0200498
-0.0198992
-0.0200152
-0.0223445
-0.0273633
-0.0334586
-0.026738
-0.031209
-0.0266497
-0.0127149
-0.00276839
-0.000361599
-0.00590612
-0.0167027
-0.0281989
-0.0367715
-0.0411724
-0.0424875
-0.0428358
-0.0437086
-0.0456003
-0.0473125
-0.0361122
-0.0330685
-0.0261057
-0.0121794
-0.00363805
-0.00384208
-0.0126055
-0.0264274
-0.0402798
-0.0504145
-0.0556851
-0.0570877
-0.0564846
-0.0552714
-0.0541097
-0.0521647
-0.0383809
-0.0310606
-0.0231025
-0.0104392
-0.00373601
-0.0060471
-0.0167542
-0.0320608
-0.0466934
-0.0570664
-0.062002
-0.0624035
-0.0601261
-0.0567982
-0.0533782
-0.0492315
-0.0355337
-0.0268439
-0.0192185
-0.00840389
-0.00334834
-0.00682545
-0.0181105
-0.0332793
-0.0474069
-0.0569383
-0.06063
-0.0593981
-0.0552358
-0.0502301
-0.0457205
-0.0412352
-0.0294005
-0.0214519
-0.0152267
-0.00639367
-0.00254488
-0.00626787
-0.0168784
-0.0307585
-0.0433202
-0.0511462
-0.0529928
-0.0497891
-0.0438721
-0.0378572
-0.0334514
-0.0300011
-0.0214221
-0.0151244
-0.0111532
-0.00428316
-0.00124579
-0.00450317
-0.013557
-0.0252206
-0.0353382
-0.0407054
-0.0401532
-0.0347911
-0.0273522
-0.0210136
-0.0177604
-0.0166678
-0.0118538
-0.00759292
-0.00664744
-0.00177207
0.000685907
-0.00165157
-0.00852421
-0.0172444
-0.0241589
-0.0263786
-0.0229098
-0.0151605
-0.00638084
-0.000290171
0.000946653
-0.00133516
-0.000687847
0.0013077
-0.00140754
0.00137398
0.00332622
0.00212384
-0.00220272
-0.00751183
-0.0107114
-0.00928602
-0.00253517
0.00776521
0.0177725
0.0232416
0.0219124
0.0156282
0.0118376
0.0109042
0.00421084
0.00491422
0.0064173
0.00641665
0.00470724
0.0028775
0.00344789
0.0085726
0.0185246
0.031236
0.0422596
0.0468937
0.0428599
0.0324692
0.0244677
0.0194064
0.00913696
0.0082502
0.00959645
0.0107584
0.0113629
0.0125137
0.01625
0.0243377
0.0368353
0.0512159
0.0626337
0.0661786
0.0596907
0.0457556
0.0346377
0.0268979
0.0152281
0.0139833
0.0148651
0.0159689
0.0175213
0.0203928
0.0258848
0.035356
0.0486946
0.0632111
0.0739579
0.0761695
0.0680379
0.0526186
0.0411841
0.0378598
0.0196202
0.0167725
0.0171307
0.0200533
0.0252992
0.0319536
0.040301
0.051188
0.0651797
0.0797344
0.090006
0.0913239
0.0816911
0.0633619
0.0536294
0.0293345
0.0112421
0.0105824
0.0131833
0.017492
0.0228185
0.0285087
0.0353023
0.0445828
0.0567229
0.0693949
0.0780596
0.0784341
0.0686076
0.0504709
0.0427143
0.0176189
0.00192582
0.00461551
0.00937638
0.01439
0.0187613
0.0219299
0.025125
0.0303637
0.0385459
0.0478651
0.0543282
0.0541912
0.0456239
0.0299369
0.0270481
0.0034216
-0.00829966
-0.00140505
0.00587785
0.0109619
0.0128578
0.0117278
0.00987014
0.0101477
0.0138492
0.0196038
0.0239896
0.0238269
0.0173281
0.00520052
0.00820903
-0.00897114
-0.0158988
-0.00500616
0.00401927
0.00790274
0.00588046
-0.000610362
-0.00794109
-0.0125405
-0.0128786
-0.0100688
-0.00703793
-0.00647085
-0.0101426
-0.0178236
-0.00872678
-0.0168615
-0.0190328
-0.00552379
0.0038415
0.00539287
-0.00103614
-0.0126573
-0.0246845
-0.0331614
-0.0364625
-0.0355399
-0.0329025
-0.0309072
-0.0313267
-0.0342338
-0.0200205
-0.0199401
-0.0182835
-0.00399137
0.00446423
0.00341475
-0.00663386
-0.021879
-0.0369387
-0.047675
-0.0525153
-0.0523095
-0.0492856
-0.0456352
-0.0431432
-0.0420031
-0.0252932
-0.0193969
-0.0154233
-0.0018439
0.00514891
0.00210948
-0.00997968
-0.0268464
-0.0429443
-0.054219
-0.0591675
-0.0586219
-0.0547321
-0.049722
-0.0453547
-0.0419087
-0.0251526
-0.0166701
-0.0119907
6.06282e-05
0.00565297
0.00164626
-0.0108161
-0.0274372
-0.0428628
-0.0532335
-0.0571635
-0.0555469
-0.0506014
-0.0447734
-0.0396867
-0.0362885
-0.0213383
-0.0125112
-0.00856924
0.00165261
0.00617581
0.00213721
-0.00935764
-0.0243072
-0.0377878
-0.0461877
-0.0482771
-0.0450876
-0.0391973
-0.0332524
-0.0290973
-0.0264619
-0.0148547
-0.00694156
-0.00494709
0.00333491
0.00707801
0.00367651
-0.00592059
-0.0181741
-0.0287104
-0.034247
-0.0338662
-0.0288651
-0.022104
-0.0165892
-0.0141758
-0.0140174
-0.00607976
0.000382149
-0.000611818
0.00559054
0.0086901
0.00632605
-0.000744044
-0.00953205
-0.0162762
-0.0182292
-0.0148038
-0.00767446
-0.000121214
0.00453451
0.00449054
0.00112908
0.00504104
0.0095912
0.00474108
0.00866549
0.0111115
0.00995372
0.00575709
0.000900017
-0.00154238
0.000622642
0.0075368
0.0170795
0.0254765
0.029084
0.0261744
0.0186582
0.0182575
0.019881
0.0106384
0.0122065
0.013991
0.014041
0.0127212
0.0118063
0.0136954
0.0200268
0.030512
0.0425471
0.0518579
0.0544794
0.0487456
0.0368773
0.0322357
0.0293944
0.0158856
0.0154667
0.0167701
0.0178712
0.0189901
0.0214357
0.0270234
0.0368835
0.0503753
0.064493
0.0745704
0.0764047
0.068421
0.0524183
0.0442764
0.0383289
0.0219311
0.0201038
0.020144
0.0211953
0.0239762
0.0289389
0.0368633
0.0484554
0.063181
0.0780681
0.0883402
0.089694
0.0804766
0.0630816
0.0545918
0.0365369
0.0158672
0.0127586
0.0135212
0.0178218
0.0248964
0.0334289
0.0433475
0.0554573
0.0696084
0.0831412
0.0915878
0.0910548
0.0800315
0.0603918
0.0509887
0.0287659
0.00776521
0.00619105
0.00874715
0.0139818
0.0209841
0.0286951
0.0374985
0.048432
0.0614563
0.0740388
0.081867
0.0811342
0.0701708
0.0504591
0.0420911
0.0183359
-0.0010707
4.56854e-05
0.00462486
0.0107834
0.0171868
0.0226479
0.0280371
0.0349844
0.0443782
0.0542749
0.060745
0.0601875
0.0507076
0.0331724
0.0288649
0.00615034
-0.00984211
-0.00467786
0.00245299
0.00866772
0.0125712
0.0135867
0.0135966
0.015592
0.020693
0.0275715
0.032711
0.0327787
0.0256388
0.0114927
0.0126499
-0.00393943
-0.015267
-0.00574211
0.00325376
0.00819243
0.00776048
0.00284532
-0.00309838
-0.00639119
-0.0053708
-0.00112835
0.00317867
0.00444507
0.000368968
-0.00942166
-0.00215186
-0.00941361
-0.0158518
-0.00305422
0.0066129
0.00895503
0.00343256
-0.00744139
-0.0188722
-0.026596
-0.0287614
-0.0263163
-0.0221499
-0.0191965
-0.0198527
-0.0248653
-0.01206
-0.0102037
-0.0125757
0.00172178
0.0106784
0.0100328
0.000158723
-0.0151988
-0.0303853
-0.0409371
-0.0449837
-0.0433943
-0.0388441
-0.0341516
-0.0317455
-0.0325215
-0.0161102
-0.00790276
-0.00771127
0.00634862
0.0138455
0.0107977
-0.00174776
-0.0192818
-0.0360052
-0.0474771
-0.0519449
-0.0503062
-0.0451309
-0.0391907
-0.0347737
-0.0328449
-0.0153314
-0.00431189
-0.003233
0.00949965
0.015444
0.0110446
-0.0022502
-0.0198316
-0.03608
-0.0467778
-0.0504164
-0.0480006
-0.0421442
-0.0356331
-0.0306958
-0.0280222
-0.0115385
-0.000351529
0.000111086
0.0110435
0.0157035
0.0109725
-0.00157039
-0.0175614
-0.0317753
-0.0404405
-0.0423215
-0.0386609
-0.0322302
-0.0258881
-0.0217493
-0.0200339
-0.0059182
0.00402325
0.00265363
0.0116149
0.0153016
0.0110225
0.000326851
-0.0128533
-0.0238781
-0.0295668
-0.0290314
-0.0238343
-0.01698
-0.0114331
-0.00913289
-0.00981196
0.00122716
0.00936173
0.00519277
0.0120551
0.0149976
0.0117218
0.00366606
-0.00580879
-0.0128019
-0.0147136
-0.0112037
-0.00421541
0.00295082
0.00722653
0.00688512
0.00278244
0.010115
0.0160806
0.00836978
0.0129614
0.0152722
0.0133416
0.00842728
0.00322557
0.000841035
0.00319436
0.010077
0.0190948
0.0265872
0.0293643
0.0259321
0.0177501
0.0207727
0.0237482
0.0120574
0.0142797
0.0160526
0.0155872
0.0139022
0.0130366
0.015324
0.0220044
0.0323591
0.043529
0.0514394
0.0528038
0.0462996
0.0338388
0.032271
0.0309414
0.0153425
0.0153569
0.0168687
0.0177182
0.0188614
0.0217968
0.0281693
0.0385842
0.051945
0.0649822
0.0733967
0.0736941
0.0646402
0.048266
0.0425486
0.0376035
0.0190635
0.0174676
0.0176768
0.0194072
0.0234379
0.0297892
0.038889
0.0510794
0.0654959
0.0791129
0.0875601
0.0872204
0.0768265
0.0583913
0.0510178
0.0215325
0.00339551
0.00111741
0.00346766
0.00925109
0.0173574
0.0263055
0.0360401
0.0473426
0.0597972
0.070919
0.0767688
0.0741597
0.0621919
0.043004
0.0322081
0.0137687
-0.00437979
-0.00565137
-0.00192697
0.00479947
0.0130381
0.0215227
0.0305612
0.041108
0.05296
0.0635717
0.0691244
0.0664077
0.0544299
0.0350321
0.024181
0.00457179
-0.0123041
-0.0114365
-0.0056155
0.00261426
0.0109587
0.017762
0.0237286
0.0306837
0.0393201
0.0477903
0.0524155
0.0500137
0.0392713
0.021525
0.0133782
-0.00473592
-0.0188447
-0.014479
-0.00628702
0.00244569
0.0088173
0.0116463
0.0126923
0.0148566
0.0196271
0.0257534
0.029626
0.0282081
0.0197291
0.00488837
0.00122093
-0.0109526
-0.0212126
-0.0128076
-0.00257968
0.00489437
0.0071294
0.00419491
-0.000618276
-0.00351581
-0.0025106
0.00143517
0.00510425
0.00530236
-8.91189e-05
-0.0110036
-0.00894018
-0.0120447
-0.0182627
-0.00636801
0.00451471
0.00922495
0.00611005
-0.00300474
-0.0134509
-0.0207405
-0.022694
-0.0201641
-0.0161919
-0.0139628
-0.0158616
-0.0223661
-0.0143883
-0.00831565
-0.0114496
0.00240905
0.0125193
0.0137335
0.00559273
-0.00857375
-0.0231561
-0.0333632
-0.0370411
-0.035051
-0.0303427
-0.0260319
-0.0246918
-0.0271741
-0.014429
-0.0018609
-0.0034504
0.0105002
0.0188226
0.0168434
0.00518358
-0.011878
-0.0283878
-0.0396144
-0.0436068
-0.0413268
-0.0356769
-0.0297385
-0.0260951
-0.0258081
-0.0103514
0.00477133
0.00308425
0.0157518
0.0219604
0.0177215
0.00443264
-0.0132825
-0.029576
-0.0400443
-0.0430944
-0.0398393
-0.0332619
-0.0264082
-0.0217913
-0.0204549
-0.00439163
0.00994489
0.00688428
0.0175979
0.0218859
0.0164561
0.00319387
-0.0133491
-0.0277503
-0.0361266
-0.0372832
-0.0327029
-0.0253959
-0.0184172
-0.0141463
-0.0134238
0.00167712
0.0133579
0.00816466
0.0167349
0.0195293
0.0139027
0.00198659
-0.0120025
-0.0232813
-0.0286303
-0.0273709
-0.0212866
-0.0135747
-0.00726065
-0.00450645
-0.00576441
0.00723137
0.0156653
0.00799283
0.014421
0.0162181
0.0112761
0.00177066
-0.00861024
-0.0158656
-0.017515
-0.0134607
-0.00585962
0.00190626
0.00684561
0.00709317
0.00281176
0.0125837
0.0177946
0.00755099
0.0118491
0.013093
0.00954578
0.00324682
-0.00281524
-0.00548845
-0.00306141
0.00398257
0.0130999
0.0206594
0.023732
0.0208453
0.012847
0.0182608
0.0201608
0.00740379
0.00962028
0.0106398
0.00893864
0.00615084
0.0045892
0.00655656
0.0130443
0.0230515
0.0337109
0.0408393
0.0419447
0.0358006
0.0238729
0.0241742
0.0222777
0.007256
0.00766288
0.00873292
0.00890146
0.00941292
0.0119471
0.0180232
0.0279704
0.0404831
0.0520429
0.0590027
0.0584273
0.0494252
0.0339306
0.0292472
0.0240767
0.00735264
0.00608479
0.00718617
0.00985756
0.0145231
0.0211147
0.029973
0.0412599
0.0540153
0.0653642
0.0714827
0.0694217
0.0583749
0.0406138
0.0328309
-0.00139446
-0.0141019
-0.0149006
-0.0110638
-0.00449899
0.00326816
0.0110015
0.0189775
0.0280981
0.0382075
0.0469678
0.0508546
0.0471392
0.0354182
0.0180026
0.00579079
-0.00858481
-0.0208719
-0.0207993
-0.0155818
-0.00784407
0.000430739
0.00809992
0.0156973
0.0242919
0.0337572
0.0419743
0.0453521
0.0412229
0.0292291
0.0116689
-0.00117547
-0.0156689
-0.0267857
-0.0247449
-0.0171509
-0.00732432
0.00165744
0.00812859
0.0130285
0.0184411
0.0250893
0.0313609
0.0339109
0.0299314
0.0187851
0.00237086
-0.00894403
-0.0213422
-0.0300605
-0.0251152
-0.0151452
-0.00442906
0.00323386
0.00638389
0.00688881
0.00794863
0.0112532
0.0155602
0.0178262
0.014903
0.00573345
-0.00829121
-0.0163147
-0.0230915
-0.0287389
-0.0203907
-0.0086475
0.00122181
0.00547055
0.00360189
-0.00122028
-0.00480431
-0.0047972
-0.00204741
0.000306205
-0.000833442
-0.00712054
-0.0177365
-0.0209436
-0.0195042
-0.022269
-0.0108708
0.00144198
0.0087584
0.00811409
0.000541069
-0.00947734
-0.0170698
-0.0196334
-0.0178671
-0.014913
-0.0137319
-0.0166856
-0.0234044
-0.0209941
-0.0111821
-0.012117
0.00103544
0.012387
0.0159998
0.0102116
-0.00240537
-0.0163713
-0.026547
-0.0304146
-0.028739
-0.0246234
-0.0211437
-0.0208661
-0.0240076
-0.0163044
-0.000556762
-0.00148619
0.0117447
0.0208889
0.0206478
0.0107037
-0.00520263
-0.0211255
-0.0320516
-0.0357871
-0.0333043
-0.0277217
-0.0222575
-0.0194439
-0.0200886
-0.00845219
0.00927598
0.00661275
0.0184535
0.0247972
0.0212685
0.0087702
-0.0083378
-0.024151
-0.0340804
-0.0364178
-0.0324401
-0.0253646
-0.0184172
-0.0141645
-0.0137776
-2.27331e-06
0.0159031
0.0104682
0.020067
0.0236474
0.0178064
0.0043945
-0.0120741
-0.0261059
-0.0337446
-0.0338461
-0.0280546
-0.0197052
-0.0120101
-0.0075074
-0.00750277
0.00673748
0.018388
0.0100573
0.0172011
0.0185473
0.0115315
-0.00129693
-0.0156547
-0.0266926
-0.0312208
-0.0287151
-0.0211757
-0.0120572
-0.00452764
-0.000974893
-0.0025349
0.0106547
0.0172153
0.00663904
0.011504
0.0114045
0.00449431
-0.00642046
-0.017494
-0.0246864
-0.0256389
-0.0204531
-0.0114853
-0.00228592
0.00407864
0.00551471
0.00144887
0.0119653
0.0138499
0.00195606
0.00484775
0.00419447
-0.00144291
-0.00932287
-0.016271
-0.0191348
-0.016369
-0.00865676
0.00130728
0.00992486
0.0142889
0.0127252
0.00551189
0.0116935
0.00981086
-0.00261285
-0.00137995
-0.00186445
-0.00530102
-0.00957006
-0.0121044
-0.010617
-0.00436727
0.00546848
0.0158986
0.0236623
0.0255923
0.0206876
0.0101189
0.0108069
0.00591571
-0.00660617
-0.00659397
-0.00639358
-0.00729907
-0.00786103
-0.00625737
-0.00085887
0.0079836
0.0192418
0.0300679
0.0365034
0.0360194
0.0280305
0.0143895
0.00953121
0.00255605
-0.00992024
-0.0107086
-0.00900934
-0.00600146
-0.00158969
0.0042079
0.0117869
0.0214835
0.0323594
0.0418041
0.0462999
0.0434413
0.0328231
0.0168181
0.00780251
-0.0241985
-0.0323318
-0.0317054
-0.0271548
-0.0209487
-0.014691
-0.00903293
-0.00322116
0.00393006
0.0123319
0.0198969
0.0232439
0.0196655
0.00893686
-0.00632712
-0.0185179
-0.0291036
-0.0369233
-0.0350115
-0.0287076
-0.020914
-0.0137136
-0.00789307
-0.00251901
0.00384065
0.0112645
0.0177371
0.0199772
0.0155356
0.00438185
-0.0109919
-0.0232019
-0.0323054
-0.0394854
-0.0351746
-0.0261802
-0.0160631
-0.00799167
-0.00323642
-0.000384073
0.00293731
0.00775255
0.0124078
0.0137411
0.00925334
-0.00132518
-0.0158095
-0.0267976
-0.0337823
-0.0379854
-0.031324
-0.020029
-0.00879316
-0.00162364
0.000259444
-0.000856823
-0.00143275
0.000371409
0.00338745
0.0044976
0.000965134
-0.00788468
-0.0202995
-0.0289704
-0.031115
-0.0321961
-0.0228662
-0.0099529
0.000874203
0.0054003
0.00302918
-0.00284496
-0.00763292
-0.00875827
-0.00705041
-0.00564176
-0.00747284
-0.0136868
-0.0230892
-0.0282673
-0.023679
-0.0220953
-0.0107109
0.0029639
0.0116522
0.0121747
0.00496143
-0.00549706
-0.013904
-0.0173094
-0.0163608
-0.0141722
-0.0138402
-0.0169842
-0.022835
-0.0236559
-0.0123664
-0.00958336
0.00309814
0.015355
0.0208381
0.0168221
0.00518285
-0.00868712
-0.0192552
-0.0236335
-0.0225198
-0.0190608
-0.0164287
-0.0165735
-0.0192415
-0.0154489
0.000388657
0.00216083
0.014549
0.0243049
0.0257835
0.0175979
0.00283892
-0.0126299
-0.0234884
-0.0272667
-0.0249342
-0.0197352
-0.0148999
-0.0126019
-0.0131306
-0.00533236
0.0114721
0.0101289
0.0208139
0.0272417
0.0247819
0.0135188
-0.002632
-0.0178003
-0.0272086
-0.0290272
-0.0246302
-0.017417
-0.010659
-0.00672278
-0.00645113
0.00411302
0.0181694
0.0125519
0.0206192
0.023545
0.0178447
0.00491017
-0.0109546
-0.0242631
-0.0309932
-0.0300356
-0.0232008
-0.0140651
-0.00592811
-0.00129024
-0.0014424
0.0104062
0.0190534
0.00939885
0.0145933
0.0145249
0.00676042
-0.00634302
-0.020477
-0.0308116
-0.0342015
-0.0302583
-0.0211614
-0.0106634
-0.00204864
0.00217346
0.000619753
0.0121192
0.014151
0.00214515
0.00480031
0.00273518
-0.00558613
-0.0173358
-0.0285223
-0.035145
-0.0349624
-0.028246
-0.0175443
-0.00663487
0.00124539
0.00378941
8.06928e-05
0.00931359
0.00546613
-0.00693167
-0.00624393
-0.00902694
-0.0163161
-0.0253269
-0.032663
-0.0352328
-0.0316262
-0.0226745
-0.0112033
-0.000933897
0.00497867
0.00473668
-0.00162269
0.0033983
-0.00445026
-0.0157892
-0.0163152
-0.0186555
-0.0236337
-0.0290221
-0.032157
-0.0308432
-0.0243001
-0.0138699
-0.00243643
0.00633686
0.00949247
0.00593196
-0.0032212
-0.0036888
-0.0133634
-0.0231571
-0.0241848
-0.0251867
-0.0271851
-0.0286831
-0.0278587
-0.0234601
-0.0147202
-0.00363331
0.00705002
0.0137735
0.0139609
0.00720044
-0.00451919
-0.0103803
-0.0200442
-0.0286873
-0.0293074
-0.0276439
-0.0250013
-0.021488
-0.0168625
-0.0104928
-0.00190344
0.00796028
0.0166189
0.0207371
0.017957
0.00827601
-0.00575366
-0.0156784
-0.0407995
-0.0478535
-0.0463066
-0.0417422
-0.0364777
-0.0317967
-0.0278766
-0.023493
-0.0173139
-0.00928031
-0.00143525
0.0026504
-2.65416e-05
-0.00984989
-0.023982
-0.0343436
-0.0417117
-0.0488949
-0.04541
-0.0386256
-0.031457
-0.0257264
-0.0218019
-0.018314
-0.0135391
-0.0071419
-0.00112071
0.00120958
-0.00271817
-0.0129651
-0.0269995
-0.0354883
-0.0401335
-0.0462774
-0.0402734
-0.0307947
-0.0215788
-0.0153494
-0.0127599
-0.0119004
-0.0101148
-0.00634503
-0.00219878
-0.000873846
-0.00486953
-0.0145313
-0.0275318
-0.0340994
-0.0362559
-0.0395309
-0.0309775
-0.0192881
-0.00906706
-0.00376141
-0.00394549
-0.00686731
-0.00879708
-0.00788278
-0.00536514
-0.00437246
-0.00751054
-0.0154608
-0.0263766
-0.0309167
-0.0292599
-0.0285674
-0.0177244
-0.00454398
0.00553513
0.00866056
0.00470088
-0.00260304
-0.00848607
-0.0103859
-0.0092329
-0.00808489
-0.0097452
-0.0150369
-0.0233314
-0.0254858
-0.019031
-0.0146415
-0.00209173
0.0115767
0.020288
0.0203072
0.0122521
0.000806027
-0.00850892
-0.0126734
-0.0123922
-0.0107303
-0.010575
-0.0132151
-0.0176808
-0.0174288
-0.00655875
-0.000239945
0.0129537
0.0256621
0.0318433
0.0283057
0.0166322
0.00222891
-0.00909128
-0.0142765
-0.0140048
-0.0113595
-0.00924709
-0.00921622
-0.0106202
-0.00758131
0.00580567
0.0114265
0.0238104
0.0341922
0.0369299
0.0299342
0.0157631
0.000202095
-0.0111751
-0.0156713
-0.0142215
-0.00999197
-0.00591069
-0.00371033
-0.00316625
0.00255434
0.0153871
0.0175749
0.0278239
0.0347652
0.0336905
0.0238455
0.00859072
-0.00628565
-0.0158305
-0.0180462
-0.0142791
-0.00787406
-0.00184026
0.0018639
0.00296071
0.0107594
0.0197838
0.0168652
0.0240594
0.0270795
0.0224491
0.0107355
-0.0041636
-0.0168663
-0.0232625
-0.0222019
-0.0154564
-0.00664905
0.00111782
0.00560899
0.00602302
0.0148553
0.0174758
0.0095844
0.0133217
0.0129133
0.00569303
-0.00656364
-0.0198159
-0.0293268
-0.0319637
-0.0274054
-0.0176679
-0.00686552
0.00191879
0.00623365
0.00503897
0.0134689
0.00877531
-0.00229512
-0.00145594
-0.00442869
-0.0127429
-0.0240219
-0.0344742
-0.0401661
-0.0389574
-0.0311676
-0.0193687
-0.00751115
0.00103311
0.00391419
0.000479901
0.00669691
-0.00451344
-0.0160603
-0.0172886
-0.0212894
-0.0289138
-0.0377528
-0.0445034
-0.0462163
-0.0415758
-0.0314274
-0.0185969
-0.00708118
-0.000241084
1.18557e-05
-0.00598116
-0.00385102
-0.0188599
-0.0288657
-0.031137
-0.034637
-0.0400538
-0.0454096
-0.0481888
-0.04632
-0.0390983
-0.0276488
-0.0150042
-0.00508276
-0.00103098
-0.00403108
-0.0125617
-0.0155084
-0.0307363
-0.0388512
-0.0410224
-0.0428627
-0.045153
-0.046681
-0.0458171
-0.0412287
-0.0324847
-0.0209405
-0.0095496
-0.00207428
-0.00124941
-0.00743358
-0.0182188
-0.0256328
-0.0378631
-0.0451778
-0.0459714
-0.0447806
-0.0426782
-0.0398685
-0.0359413
-0.0299918
-0.0215614
-0.0115258
-0.00237937
0.00231987
0.000133814
-0.00886934
-0.0218217
-0.0318867
-0.0488398
-0.0586567
-0.0564115
-0.0516875
-0.0468103
-0.0427835
-0.0394378
-0.0353992
-0.0291737
-0.0205468
-0.0116218
-0.00629827
-0.0081212
-0.0179275
-0.0325701
-0.0399963
-0.0445957
-0.0555959
-0.0508402
-0.0438103
-0.0373083
-0.032714
-0.0300269
-0.0275888
-0.0234193
-0.0167929
-0.0101544
-0.00697005
-0.0101547
-0.0202074
-0.0341231
-0.037088
-0.0374449
-0.0477133
-0.0403148
-0.030974
-0.0231724
-0.0188295
-0.0180119
-0.0184547
-0.0173543
-0.0135987
-0.00891761
-0.0067137
-0.00971944
-0.0187549
-0.0311497
-0.030645
-0.0284355
-0.0352442
-0.0253125
-0.0140742
-0.00572961
-0.00269772
-0.00485369
-0.0091129
-0.011762
-0.0110368
-0.00823103
-0.00654186
-0.00864951
-0.0156994
-0.0254807
-0.0225847
-0.0173948
-0.0189774
-0.00673807
0.00587483
0.01403
0.0149338
0.00913256
0.00058749
-0.00603154
-0.00834293
-0.00729686
-0.00586963
-0.00672141
-0.0111442
-0.0175734
-0.0131585
-0.00484239
-0.000871809
0.0130641
0.0263304
0.0335926
0.0318932
0.0223563
0.00978376
-0.000402492
-0.00532295
-0.0057014
-0.00431672
-0.00374705
-0.00539269
-0.00819475
-0.00273779
0.00780363
0.0157931
0.0303763
0.0432636
0.0489065
0.0445105
0.031865
0.0163967
0.00396412
-0.00251173
-0.00357971
-0.00188588
0.000107028
0.000933158
0.00120646
0.00770224
0.0182652
0.027459
0.0412784
0.0525201
0.0558406
0.0489931
0.0344225
0.0179059
0.00506329
-0.00124156
-0.00176764
0.000855551
0.00426839
0.00699317
0.00939856
0.0162964
0.0244233
0.0314054
0.0431368
0.0514585
0.0519359
0.0431599
0.0280016
0.0123269
0.001198
-0.0031169
-0.00167468
0.00272102
0.00766772
0.0115627
0.0144381
0.021586
0.0246244
0.0269345
0.0350696
0.0398968
0.0374324
0.0273321
0.0130918
-0.000107814
-0.00792153
-0.00886687
-0.00437763
0.00248978
0.00903861
0.0133994
0.0152709
0.022032
0.0178871
0.0147174
0.0190387
0.0202564
0.0153994
0.00511229
-0.00713988
-0.0167452
-0.0203364
-0.0172598
-0.00948971
1.23488e-05
0.0077622
0.0116999
0.0114238
0.0167976
0.00467222
-0.00261581
-0.0017139
-0.00331024
-0.00934852
-0.0185482
-0.0278723
-0.0331555
-0.0323236
-0.0253253
-0.0144333
-0.00336887
0.00444168
0.0067531
0.0035907
0.0061895
-0.0127248
-0.0215477
-0.0231033
-0.0260865
-0.0316756
-0.038686
-0.0440585
-0.0450645
-0.0402744
-0.0301799
-0.0174201
-0.00603808
0.000372775
-8.16736e-05
-0.00635896
-0.00793203
-0.0301089
-0.0384623
-0.0411673
-0.0439569
-0.0477591
-0.0514315
-0.0529418
-0.0503396
-0.0426406
-0.0307237
-0.0175469
-0.00729534
-0.00347732
-0.00724045
-0.0163417
-0.0224035
-0.0429841
-0.0506247
-0.0531136
-0.0544036
-0.0555358
-0.0557666
-0.0540327
-0.0490211
-0.0398635
-0.0274595
-0.0152044
-0.00721527
-0.00653111
-0.0133973
-0.0247979
-0.0340063
-0.0482305
-0.0567085
-0.0578703
-0.0564925
-0.0541197
-0.0511688
-0.047017
-0.0405718
-0.031447
-0.0205986
-0.0104243
-0.00487912
-0.00670493
-0.0159185
-0.0293134
-0.0389183
-0.0488342
-0.0635767
-0.0601302
-0.0543226
-0.0486008
-0.043923
-0.0401672
-0.0359421
-0.0294834
-0.0203668
-0.0106388
-0.00430269
-0.0057781
-0.0164674
-0.032852
-0.037151
-0.0397076
-0.0568933
-0.051129
-0.0437879
-0.0375667
-0.0334732
-0.0311311
-0.0289049
-0.0245052
-0.0172693
-0.00955673
-0.00537107
-0.00804507
-0.0185822
-0.0335084
-0.0307916
-0.0278206
-0.0448158
-0.0366604
-0.027759
-0.021203
-0.0181033
-0.0181969
-0.0190622
-0.0179057
-0.0136208
-0.00800688
-0.00470461
-0.0067722
-0.0156497
-0.0282491
-0.0204354
-0.0147844
-0.0278546
-0.0172694
-0.00699419
-0.000556561
0.000707777
-0.00266007
-0.00741656
-0.0101654
-0.00921232
-0.00582997
-0.00320489
-0.00419642
-0.0105708
-0.0197885
-0.00882001
-0.000185164
-0.00707824
0.0057436
0.0171174
0.0230527
0.0219871
0.0149573
0.00581234
-0.0010903
-0.00360099
-0.00253533
-0.000603874
-0.000411838
-0.00380811
-0.00897759
0.00355091
0.0145754
0.0148216
0.0294874
0.0416211
0.0468113
0.0432864
0.0325999
0.0193133
0.00851653
0.00278827
0.00167698
0.00293011
0.00426907
0.00387917
0.00281745
0.0157443
0.0274963
0.033988
0.0496821
0.0620038
0.0662501
0.0605354
0.04691
0.0304469
0.0167952
0.00872573
0.00599745
0.00676658
0.0091035
0.0113045
0.0137145
0.0262957
0.0362661
0.0464587
0.061881
0.0735014
0.0765412
0.0691784
0.0538551
0.0360939
0.021211
0.012284
0.00908027
0.00992805
0.0131677
0.017187
0.0219251
0.0335234
0.0387473
0.0493794
0.0630273
0.0728781
0.0743992
0.0660545
0.0505141
0.0332902
0.019452
0.0115701
0.00945677
0.0113251
0.0155612
0.0205498
0.0260137
0.0359286
0.0344385
0.0419769
0.0524451
0.0596805
0.0595224
0.0508974
0.0366298
0.0217788
0.0108284
0.00575681
0.00636907
0.0102679
0.0156522
0.0206963
0.0250034
0.0323589
0.0227037
0.0254345
0.0321499
0.0364527
0.0348674
0.0268457
0.0150957
0.00401482
-0.0026762
-0.0035058
0.000780474
0.00709269
0.0133958
0.0174302
0.018965
0.023126
0.00482092
0.00294193
0.00604863
0.00788746
0.00568213
-0.00071556
-0.00894602
-0.0153685
-0.0171461
-0.0134228
-0.00554311
0.00314858
0.00950233
0.0112466
0.00884635
0.00895269
-0.016284
-0.0211495
-0.0207815
-0.02036
-0.0220319
-0.0258607
-0.0299352
-0.0315187
-0.0285241
-0.0205896
-0.0098163
-2.15372e-05
0.00503598
0.00342002
-0.00325715
-0.00784918
-0.0358057
-0.042158
-0.0432722
-0.0430256
-0.043181
-0.0439433
-0.0440614
-0.041561
-0.0346966
-0.0238139
-0.0114635
-0.00202316
0.00063641
-0.00464543
-0.015038
-0.0237689
-0.0484545
-0.0562763
-0.0575536
-0.0565228
-0.0548033
-0.0528216
-0.0499704
-0.0445331
-0.0354364
-0.0231519
-0.0107495
-0.00296002
-0.00317352
-0.0115907
-0.0247006
-0.0352191
-0.0503767
-0.0618748
-0.0623605
-0.0598507
-0.0561243
-0.0519246
-0.0469989
-0.0402326
-0.0306859
-0.0189216
-0.00773651
-0.001749
-0.00370724
-0.0138407
-0.0288901
-0.0374191
-0.0374138
-0.0575119
-0.053756
-0.0474945
-0.0410541
-0.0352297
-0.030417
-0.0255644
-0.0192532
-0.0108561
-0.00199216
0.0033727
0.00114996
-0.0102071
-0.0270495
-0.0268756
-0.0270365
-0.0504452
-0.0448487
-0.0381331
-0.0324968
-0.0283155
-0.0250839
-0.0215794
-0.0160488
-0.00826423
-0.000690319
0.00254907
-0.00134148
-0.0129687
-0.0283711
-0.0200676
-0.0138932
-0.0372876
-0.0295442
-0.0218232
-0.0164778
-0.0135381
-0.012814
-0.011935
-0.00894688
-0.00355785
0.00199117
0.00414364
0.00053656
-0.0096599
-0.022686
-0.00878223
0.000875705
-0.0186812
-0.00877919
-0.000214508
0.00441124
0.00504866
0.00274496
8.23439e-05
-0.000201069
0.00240187
0.00586368
0.00710497
0.00419436
-0.003735
-0.0133176
0.00395133
0.0165983
0.00389072
0.0158008
0.0249555
0.0285664
0.0265487
0.0205154
0.0139109
0.0099508
0.0095303
0.0108308
0.0112091
0.00920737
0.00411813
-0.00131689
0.0175103
0.0323861
0.0274539
0.0410385
0.0506071
0.0531728
0.0485426
0.0388158
0.0282131
0.0204927
0.0169357
0.0160564
0.0156479
0.0147043
0.0126903
0.011572
0.0307205
0.0457347
0.0479026
0.0625141
0.0722277
0.073878
0.0671064
0.0543175
0.040334
0.0294117
0.0230305
0.0201939
0.019172
0.0193406
0.0202689
0.0230736
0.0416515
0.0539021
0.0611312
0.0757056
0.0850677
0.0859465
0.077786
0.0631979
0.0472098
0.03412
0.0258382
0.0217321
0.0205342
0.0218762
0.025304
0.0311007
0.0483456
0.0548654
0.0642614
0.07745
0.0857475
0.085928
0.0772597
0.0623241
0.0459393
0.0324474
0.0238053
0.0196088
0.0190204
0.0217027
0.0269131
0.0343712
0.0493025
0.0480053
0.0564782
0.0669187
0.0735027
0.0730757
0.0647325
0.0509681
0.0360443
0.024006
0.0167917
0.0139949
0.0150755
0.0192521
0.0252971
0.0325755
0.0440001
0.0339559
0.0391643
0.0460822
0.0505444
0.0497041
0.0426749
0.03139
0.0195394
0.0106458
0.00636398
0.00664402
0.0102556
0.015721
0.0212445
0.0263111
0.0333108
0.0146202
0.0155765
0.0189073
0.0214353
0.0207304
0.0158615
0.00819349
0.000657031
-0.00383652
-0.00383265
0.000245696
0.00649284
0.0123127
0.0156221
0.0166821
0.0185753
-0.00699975
-0.00980482
-0.00930748
-0.00800225
-0.00784914
-0.00984864
-0.0132278
-0.0158467
-0.0154565
-0.0109569
-0.00320617
0.00472229
0.00943279
0.00908662
0.00520096
0.00201327
-0.0263235
-0.032206
-0.0332815
-0.0322364
-0.030684
-0.0296512
-0.0289033
-0.027013
-0.022431
-0.0141734
-0.00394403
0.00421067
0.00655211
0.00203338
-0.00655018
-0.0134095
-0.0379646
-0.0474825
-0.0489152
-0.0475724
-0.0448014
-0.0414342
-0.0375148
-0.0324513
-0.0246397
-0.0138828
-0.00271811
0.00417063
0.00352827
-0.00458594
-0.0167788
-0.0240709
-0.0384392
-0.053826
-0.0546639
-0.0523195
-0.0481513
-0.0428157
-0.0367879
-0.0295968
-0.0204964
-0.00972742
0.000353958
0.00573377
0.00350471
-0.00653298
-0.0210669
-0.0256722
)
;

boundaryField
{
    patch0_half0
    {
        type            cyclic;
    }
    patch0_half1
    {
        type            cyclic;
    }
    patch1_half0
    {
        type            cyclic;
    }
    patch1_half1
    {
        type            cyclic;
    }
    patch2_half0
    {
        type            cyclic;
    }
    patch2_half1
    {
        type            cyclic;
    }
}


// ************************************************************************* //
