/*--------------------------------*- C++ -*----------------------------------*\
| =========                 |                                                 |
| \\      /  F ield         | OpenFOAM: The Open Source CFD Toolbox           |
|  \\    /   O peration     | Version:  3.0.0                                 |
|   \\  /    A nd           | Web:      www.OpenFOAM.org                      |
|    \\/     M anipulation  |                                                 |
\*---------------------------------------------------------------------------*/
FoamFile
{
    version     2.0;
    format      ascii;
    class       volScalarField;
    location    "3.25";
    object      p;
}
// * * * * * * * * * * * * * * * * * * * * * * * * * * * * * * * * * * * * * //

dimensions      [0 2 -2 0 0 0 0];

internalField   nonuniform List<scalar> 
4096
(
0.00965458
-0.0034101
-0.00722757
-0.00800249
-0.00492833
0.00303693
0.013571
0.0222554
0.0267898
0.0288501
0.0315001
0.0352205
0.0370393
0.0334678
0.0241403
0.0171198
0.0178227
0.00217612
-0.00271786
-0.00755256
-0.0107433
-0.0101819
-0.00614414
2.83222e-06
0.00751774
0.0162877
0.0253858
0.032367
0.0345348
0.0306482
0.0223803
0.0221296
0.0284211
0.0096359
0.00493618
-0.000373722
-0.0045152
-0.00528452
-0.00309179
0.000561643
0.00534846
0.0122543
0.0213523
0.0301947
0.0351523
0.0337498
0.0272858
0.0321945
0.0319282
0.0138548
0.0109606
0.00683069
0.00262397
0.000266449
-0.000313878
9.89686e-05
0.00192566
0.00686498
0.0153921
0.0249232
0.0313091
0.0314258
0.0266011
0.0351171
0.027175
0.0131747
0.0134308
0.0116858
0.00836805
0.00494865
0.0018208
-0.00083736
-0.00190887
0.000708405
0.00766444
0.0164621
0.0228107
0.0235391
0.020103
0.0297082
0.0153497
0.00817095
0.0117609
0.0130199
0.0115209
0.00803165
0.00321616
-0.00192318
-0.00571462
-0.00573453
-0.00141755
0.00551846
0.0108137
0.0115215
0.00917998
0.0175283
0.00037591
0.000112526
0.00669989
0.0110448
0.0118267
0.00894855
0.00310075
-0.00404694
-0.0102618
-0.0131374
-0.0114806
-0.00685071
-0.00302223
-0.0026069
-0.00415626
0.00189978
-0.0136252
-0.00875842
0.000138148
0.0071995
0.0103027
0.00841532
0.00202704
-0.00673399
-0.0149821
-0.0203503
-0.0212772
-0.0189094
-0.0164095
-0.0160399
-0.0172602
-0.0130685
-0.0233431
-0.0161803
-0.00583618
0.00322176
0.00834257
0.0076241
0.00115178
-0.00869265
-0.0182873
-0.0258236
-0.0289589
-0.0285248
-0.0269566
-0.0265662
-0.0268806
-0.0237096
-0.0269666
-0.0205824
-0.00993616
0.000332202
0.00696582
0.0074552
0.00140446
-0.00882482
-0.0194919
-0.0279503
-0.0325993
-0.033647
-0.0326629
-0.0318732
-0.031736
-0.0284581
-0.0256964
-0.0218367
-0.0118976
-0.00116814
0.00638419
0.00805094
0.00301761
-0.0065214
-0.016828
-0.0255163
-0.0308687
-0.0328641
-0.0324177
-0.0315276
-0.0314366
-0.0275413
-0.0219364
-0.0207263
-0.0117686
-0.00179956
0.00596042
0.0087083
0.00536938
-0.00227896
-0.0110552
-0.0185645
-0.0235557
-0.0258858
-0.0261291
-0.0260065
-0.026884
-0.0232365
-0.0179249
-0.018542
-0.0113608
-0.00272372
0.00466549
0.00842725
0.00752745
0.00307583
-0.00269982
-0.0079373
-0.011693
-0.0138405
-0.0149885
-0.0165857
-0.0194009
-0.017858
-0.0143031
-0.0159237
-0.0112674
-0.00499748
0.000928121
0.00513019
0.00684858
0.00639131
0.00478654
0.00309453
0.00176473
0.000414744
-0.00180062
-0.00562752
-0.0107673
-0.0126566
-0.00901763
-0.011842
-0.0105053
-0.00801973
-0.00524898
-0.00231543
0.000612384
0.00353172
0.00676401
0.0101917
0.0128297
0.0132813
0.0106767
0.00520587
-0.00166985
-0.0064036
0.00545931
-0.00214978
-0.00457855
-0.00462104
-0.000873541
0.00726666
0.0173312
0.0244061
0.0264851
0.0256407
0.0253321
0.0265998
0.0271887
0.0241991
0.0172975
0.0104454
0.0144598
-0.00230499
-0.00898301
-0.00940774
-0.00368593
0.00631158
0.0162967
0.0227722
0.0254847
0.0270953
0.0305441
0.036146
0.0404446
0.0395806
0.0317075
0.0225861
0.0171439
0.0023047
-0.00266569
-0.00580135
-0.00704606
-0.00638196
-0.00454793
-0.00133779
0.00450564
0.0137114
0.0249108
0.0344918
0.0387523
0.0357494
0.0270514
0.0226329
0.0274284
0.0116393
0.0069456
0.0030904
0.000676563
0.000205729
0.000769696
0.00199146
0.00526815
0.012322
0.02276
0.0331722
0.0392636
0.0385223
0.0321742
0.0323851
0.0300223
0.01626
0.0135689
0.0105606
0.00771249
0.00574526
0.00413244
0.00282787
0.00358583
0.008559
0.0176618
0.0276087
0.034165
0.0347786
0.0306375
0.0344507
0.0246135
0.0157412
0.015628
0.014259
0.0116967
0.00852039
0.00483658
0.00126791
-0.000283932
0.00237433
0.00933696
0.0176601
0.023539
0.0248023
0.0226831
0.0284172
0.0138305
0.0106129
0.0131931
0.0138639
0.0122206
0.00856322
0.00344537
-0.00191666
-0.00563748
-0.00576374
-0.00157019
0.00431226
0.00897859
0.0105614
0.0102847
0.0165362
0.00044503
0.0025963
0.00762934
0.0103805
0.00995628
0.00623212
-1.44816e-05
-0.00702318
-0.0127327
-0.0152925
-0.0140919
-0.0106725
-0.00736569
-0.00563562
-0.00437378
0.00174064
-0.0122259
-0.00619228
0.000893744
0.00558259
0.00647147
0.00292454
-0.00423891
-0.0128407
-0.0204214
-0.0250779
-0.0262823
-0.0249372
-0.0227876
-0.0209709
-0.0186801
-0.0125991
-0.0217351
-0.0139484
-0.00528919
0.00109599
0.00331959
0.000216567
-0.00754202
-0.0174475
-0.0265934
-0.0326934
-0.0355654
-0.0357581
-0.0345091
-0.0327926
-0.0300148
-0.023645
-0.0268718
-0.0195657
-0.00994447
-0.00215634
0.00142486
-0.000871487
-0.00862997
-0.0191189
-0.0289552
-0.0358542
-0.0396387
-0.0408624
-0.0403774
-0.0390194
-0.036553
-0.0299144
-0.0279835
-0.0227326
-0.0129598
-0.00417896
0.000789036
-0.000199383
-0.0070749
-0.0170584
-0.0266444
-0.0332771
-0.0372362
-0.0390688
-0.0393632
-0.0388201
-0.0375345
-0.0311631
-0.026208
-0.0237505
-0.0147983
-0.00569862
0.000573988
0.00142126
-0.00353026
-0.0116789
-0.019557
-0.0251954
-0.0286835
-0.0307313
-0.0318298
-0.0325859
-0.0332353
-0.028486
-0.0227993
-0.0231425
-0.0162045
-0.00765967
-0.000388029
0.00274081
0.000806646
-0.00421165
-0.00945394
-0.0132927
-0.0158025
-0.0176634
-0.0194351
-0.0217566
-0.0247885
-0.0233549
-0.0186193
-0.0213637
-0.0174009
-0.0106767
-0.00355358
0.00130022
0.00256418
0.00129427
-0.00053273
-0.00168712
-0.00221077
-0.00296545
-0.00497629
-0.00888775
-0.0143964
-0.0172653
-0.0123999
-0.0174573
-0.0169442
-0.0135705
-0.00875761
-0.0047232
-0.00258342
-0.00135314
0.000698455
0.0041648
0.00799191
0.0101765
0.00904979
0.00423527
-0.00315779
-0.00969284
0.00850133
-0.00422163
-0.00942
-0.00889114
-0.00255414
0.00767719
0.0169259
0.0214861
0.0216249
0.0204495
0.0210847
0.024169
0.0274342
0.0272065
0.021682
0.0134657
0.0190018
0.00161348
-0.00733716
-0.00843734
-0.0020511
0.00842059
0.0175951
0.0224849
0.0238766
0.0248602
0.0282403
0.034527
0.0400731
0.0416246
0.0362882
0.0268185
0.0151773
0.00209783
-0.00298614
-0.00465853
-0.00408332
-0.00286702
-0.00207257
-0.000649201
0.0036696
0.0121369
0.023536
0.0340297
0.0400676
0.0383849
0.0300808
0.0219499
0.0246228
0.0118467
0.00682526
0.00424211
0.00364944
0.00417601
0.00439873
0.00443744
0.00660699
0.0130389
0.0234656
0.0345095
0.0415887
0.0417477
0.0357229
0.03121
0.0271076
0.0170035
0.0137711
0.0116978
0.0105012
0.00969412
0.0082395
0.00636567
0.00648186
0.0110599
0.020072
0.0302537
0.037213
0.0382826
0.0343261
0.0331225
0.0229044
0.0171461
0.0164569
0.0155769
0.0140761
0.0117065
0.00827245
0.00457652
0.0029221
0.00564934
0.0126847
0.0211047
0.0270627
0.0284661
0.0264303
0.0277671
0.0143274
0.0132744
0.0150891
0.0155608
0.0140409
0.0103913
0.00517549
-0.000123889
-0.00340424
-0.00273879
0.00192054
0.0081128
0.012792
0.0144278
0.0142785
0.0174374
0.0035281
0.006648
0.0106632
0.0124539
0.0110981
0.00640384
-0.000530108
-0.00752686
-0.0123855
-0.0135968
-0.0111547
-0.00698084
-0.00344799
-0.00157387
-4.84811e-05
0.0044597
-0.00736367
-0.00124053
0.00463407
0.0077304
0.00679017
0.00143417
-0.00698137
-0.015706
-0.0221265
-0.0249038
-0.024203
-0.0216208
-0.0190117
-0.0169926
-0.0142797
-0.00862715
-0.0165921
-0.00899103
-0.00158958
0.00287707
0.00274878
-0.00268158
-0.0120376
-0.0221585
-0.029917
-0.0338342
-0.0343685
-0.0330379
-0.0312949
-0.0294411
-0.0263091
-0.0195665
-0.0229936
-0.0155057
-0.00694774
-0.00105644
9.16038e-05
-0.00465142
-0.0140941
-0.0248386
-0.033324
-0.0379066
-0.039274
-0.039034
-0.0382965
-0.0370806
-0.0342654
-0.0270209
-0.0261321
-0.0200932
-0.0110072
-0.00381367
-0.000972506
-0.00417054
-0.0125991
-0.0228513
-0.0311758
-0.0358341
-0.0377254
-0.0384956
-0.0389321
-0.0388085
-0.0371566
-0.030132
-0.0260585
-0.0225113
-0.0139296
-0.00590753
-0.00118593
-0.00206335
-0.00830956
-0.0168161
-0.0239492
-0.0280845
-0.0301489
-0.0316792
-0.0331947
-0.0343824
-0.0345328
-0.02902
-0.0233651
-0.0229274
-0.0161591
-0.00818055
-0.00177031
0.000269689
-0.00271153
-0.0082649
-0.0134534
-0.0165388
-0.0183531
-0.0200596
-0.022138
-0.0245201
-0.0268554
-0.0245076
-0.0192509
-0.0219213
-0.0179788
-0.0112577
-0.00422109
0.000120057
0.000474682
-0.00174996
-0.00416642
-0.00540521
-0.00576003
-0.00629161
-0.00807367
-0.0114765
-0.016235
-0.0183019
-0.0132073
-0.0188093
-0.0181567
-0.0139899
-0.00858631
-0.00461849
-0.00349719
-0.00372543
-0.00297858
-0.00022366
0.00363193
0.00651904
0.00648744
0.00274228
-0.00408532
-0.0104777
0.011605
-0.00227158
-0.00961082
-0.00973572
-0.00289176
0.00770888
0.0163371
0.0196178
0.018615
0.0168377
0.0173531
0.020896
0.0254458
0.0274057
0.024037
0.0164287
0.0195954
0.00340104
-0.0058608
-0.00719796
-0.00115662
0.00801025
0.0149037
0.017535
0.0177397
0.0186838
0.0225586
0.029265
0.0360098
0.0391258
0.0357617
0.027417
0.0124404
0.000306284
-0.00485305
-0.00535541
-0.00341254
-0.00188527
-0.00210203
-0.00234453
0.000551978
0.00818709
0.0195614
0.03111
0.0384428
0.0382422
0.030641
0.0204195
0.0206284
0.00935853
0.00382222
0.00199917
0.00285804
0.00413724
0.0041305
0.00338757
0.00484735
0.0109813
0.0215345
0.0331679
0.0411552
0.0421888
0.0364215
0.0286916
0.0232619
0.0146272
0.0105215
0.00882201
0.00878297
0.00900348
0.00801338
0.0061824
0.00633433
0.0110802
0.0203105
0.0308512
0.038221
0.0396111
0.0355225
0.0306195
0.0206747
0.0157861
0.013974
0.0130102
0.0121589
0.0105818
0.0078274
0.00476324
0.0038521
0.00733602
0.0149009
0.0235708
0.0295853
0.0309262
0.0284974
0.0264127
0.0147637
0.0137949
0.0142977
0.0141377
0.0125045
0.00897123
0.00412587
-0.000336177
-0.00226787
-0.000125555
0.00554182
0.0120902
0.0166433
0.0180329
0.0174797
0.0180515
0.00682528
0.00934152
0.0119116
0.0125441
0.0102611
0.00488488
-0.00219525
-0.00841952
-0.0115412
-0.0106876
-0.00673536
-0.00202395
0.00135765
0.00298194
0.00424422
0.00717675
-0.0019666
0.00322162
0.00762785
0.00917615
0.00670232
5.07341e-05
-0.00893623
-0.017017
-0.0215383
-0.0219291
-0.0194378
-0.0162254
-0.0137971
-0.0119851
-0.0093097
-0.00442259
-0.0104904
-0.00358711
0.00242558
0.0052521
0.00333401
-0.00367257
-0.0137816
-0.023349
-0.0292111
-0.030775
-0.029575
-0.0277379
-0.0263286
-0.0247308
-0.0213874
-0.0149659
-0.0175253
-0.010079
-0.00260833
0.00183546
0.00129015
-0.00499641
-0.0151861
-0.0254104
-0.0322105
-0.0347716
-0.0347883
-0.0343973
-0.0342797
-0.033473
-0.0304487
-0.0228879
-0.0221139
-0.0152969
-0.0068152
-0.000657685
0.000823223
-0.00370001
-0.0127922
-0.0226622
-0.0296739
-0.032917
-0.0340616
-0.035129
-0.0364526
-0.0368141
-0.0346724
-0.0273021
-0.0234444
-0.0186147
-0.0100966
-0.0026142
0.00116174
-0.000796096
-0.00773282
-0.0161693
-0.0226084
-0.0260489
-0.0279837
-0.03013
-0.032556
-0.0340914
-0.0335007
-0.0272209
-0.0215944
-0.0199583
-0.0127919
-0.00487761
0.000972
0.00203745
-0.00186546
-0.00794861
-0.0131145
-0.016233
-0.0183187
-0.0206298
-0.0232447
-0.0255366
-0.0268388
-0.0231372
-0.0178962
-0.0199715
-0.0153452
-0.00814804
-0.00120813
0.00220899
0.00116875
-0.00231703
-0.00558821
-0.00735097
-0.00807782
-0.0088952
-0.0104152
-0.0130577
-0.0165886
-0.0168965
-0.0124772
-0.0182217
-0.0168174
-0.011596
-0.00566278
-0.0021986
-0.00284257
-0.00486442
-0.00566092
-0.00392269
-0.00048976
0.00266432
0.00363274
0.0012893
-0.00430919
-0.00912092
0.0116363
-0.00175469
-0.00903513
-0.00914541
-0.00250393
0.006986
0.013531
0.0148698
0.0129025
0.0111795
0.0121897
0.0162471
0.0214886
0.0246688
0.0229427
0.0174212
0.0162239
0.00134816
-0.00630023
-0.00722078
-0.00225228
0.00433413
0.00808005
0.00839499
0.00804089
0.00982115
0.0149688
0.0225784
0.0298772
0.0333368
0.0304414
0.0245682
0.0102087
-0.00268304
-0.00813139
-0.00831388
-0.00590349
-0.00439079
-0.0052697
-0.00681978
-0.00474668
0.00231166
0.0135538
0.0256926
0.0342767
0.0356149
0.0288222
0.0191233
0.016521
0.00463819
-0.00156131
-0.003261
-0.0019341
-0.000166474
-0.000264346
-0.0014242
-0.000205595
0.00588358
0.0166125
0.0288018
0.0377449
0.0397184
0.0341496
0.0255696
0.0190688
0.00979345
0.00464742
0.00274847
0.00315845
0.0040227
0.00349882
0.00199044
0.00247894
0.0075976
0.0171997
0.0282201
0.0362353
0.0381052
0.0337939
0.0272391
0.0179942
0.0123351
0.00922252
0.00774361
0.00703548
0.00593802
0.00378967
0.00145784
0.00140271
0.0057142
0.0139211
0.0230535
0.0294289
0.0309927
0.0280421
0.0242018
0.0146056
0.0127331
0.0118732
0.0109096
0.00894387
0.00539464
0.000842314
-0.00286289
-0.00355334
-4.97523e-05
0.00662055
0.0136338
0.0182849
0.0196229
0.0187583
0.0178666
0.00944802
0.0109857
0.012258
0.0118865
0.00882628
0.0029257
-0.00424515
-0.00982309
-0.0114973
-0.00891373
-0.00376014
0.00129017
0.00449444
0.00597722
0.00713767
0.00921033
0.00295164
0.00720541
0.0104525
0.0109426
0.00746908
2.52569e-05
-0.00921216
-0.0166822
-0.0196803
-0.0183029
-0.0147592
-0.0115524
-0.00961921
-0.00800526
-0.00520015
-0.00064217
-0.00432836
0.0019278
0.00700539
0.00892799
0.00607966
-0.00165362
-0.0118477
-0.0208489
-0.0251698
-0.0252585
-0.0234988
-0.0221964
-0.0216493
-0.0203332
-0.0166583
-0.0103594
-0.011352
-0.00392334
0.00294612
0.0068116
0.00564091
-0.00112459
-0.0112357
-0.0206294
-0.0261302
-0.027755
-0.0278733
-0.0285654
-0.0296514
-0.0292338
-0.0256486
-0.0184107
-0.0167056
-0.00920516
-0.000882238
0.00511046
0.00629704
0.00152801
-0.00736454
-0.0164283
-0.022499
-0.0253919
-0.0272114
-0.0297181
-0.0324045
-0.0332376
-0.030583
-0.0232495
-0.0190769
-0.0130481
-0.00417924
0.00351278
0.00719204
0.00499267
-0.00190659
-0.00989794
-0.0158912
-0.0194871
-0.0223794
-0.0259525
-0.0295913
-0.0315171
-0.0304058
-0.0236812
-0.0180997
-0.0151985
-0.00721275
0.00117583
0.0069106
0.00738864
0.00293523
-0.00339523
-0.00868294
-0.0122209
-0.0151371
-0.0184586
-0.0218184
-0.0241716
-0.0247536
-0.0199647
-0.014914
-0.0162406
-0.0105307
-0.00267875
0.00409381
0.00646868
0.00407521
-0.000519752
-0.00447125
-0.00671758
-0.00792309
-0.00911787
-0.0107293
-0.0128533
-0.0153597
-0.0136902
-0.0101143
-0.0159842
-0.0135852
-0.00752304
-0.0014779
0.000920663
-0.00117831
-0.0047947
-0.00671604
-0.00574877
-0.00281279
0.000265092
0.00179405
0.000572587
-0.00375413
-0.00601546
0.00870435
-0.00367345
-0.00905285
-0.00828236
-0.00218114
0.0049362
0.0085587
0.00784449
0.00549916
0.00469248
0.00692566
0.0117158
0.0170845
0.0201734
0.0186347
0.0155918
0.0103274
-0.00456968
-0.00974548
-0.00996668
-0.0065861
-0.00305544
-0.00230668
-0.00338959
-0.00326029
0.00024497
0.00722006
0.0158939
0.0232985
0.0261009
0.022178
0.0190826
0.00786188
-0.00724633
-0.0128945
-0.0136395
-0.0117301
-0.0106043
-0.0118444
-0.0133357
-0.0114757
-0.00456777
0.00653306
0.0187813
0.0280473
0.0303928
0.0242414
0.0173416
0.0123093
-0.00175691
-0.0084868
-0.0106856
-0.0096152
-0.00793797
-0.00801966
-0.0090495
-0.0076837
-0.00145724
0.00936048
0.0218136
0.0314398
0.0342304
0.028882
0.0218094
0.0148477
0.00362763
-0.00241871
-0.00494283
-0.0047681
-0.00383863
-0.00409536
-0.00522997
-0.00438982
0.000970446
0.010761
0.0221489
0.0308973
0.0335184
0.0293305
0.0232936
0.015312
0.00807989
0.00386628
0.00163734
0.000623158
-0.000470991
-0.00244618
-0.0044464
-0.00410237
0.000547841
0.00907127
0.0186851
0.0258148
0.0280591
0.0254988
0.0216047
0.0142424
0.0112841
0.00938363
0.0076633
0.00525665
0.00145575
-0.00323542
-0.00688048
-0.00723237
-0.00325773
0.00387408
0.0113764
0.0166555
0.0187157
0.0183119
0.0173988
0.0115854
0.0124829
0.0129542
0.0119471
0.00840503
0.00209066
-0.00540883
-0.0110833
-0.0124983
-0.00944559
-0.00393539
0.00131091
0.00481902
0.0069185
0.00874694
0.0111153
0.00737123
0.0111836
0.0139019
0.0140387
0.0102482
0.00248664
-0.00697023
-0.0144069
-0.0171786
-0.0155258
-0.0120765
-0.00927557
-0.00753026
-0.00548646
-0.00189318
0.00315561
0.0015723
0.00752092
0.0123974
0.0143613
0.0115205
0.00381689
-0.00626035
-0.0147624
-0.0188877
-0.0190941
-0.018072
-0.0178682
-0.0180281
-0.0165277
-0.0121263
-0.00537412
-0.00492811
0.00245869
0.0093973
0.0136282
0.012948
0.00661699
-0.00288134
-0.0115947
-0.0168166
-0.0189092
-0.0203243
-0.0226335
-0.024808
-0.024472
-0.0203525
-0.0130697
-0.0105804
-0.00275012
0.00586955
0.0125366
0.0144061
0.0103086
0.00223346
-0.00602127
-0.0118345
-0.0153845
-0.0187115
-0.0229569
-0.0268478
-0.027981
-0.0250491
-0.0181558
-0.0137891
-0.00707547
0.00232538
0.0107942
0.0150691
0.0133357
0.00702934
-0.000321545
-0.00610659
-0.0102951
-0.0144638
-0.0194574
-0.0241191
-0.026426
-0.0251998
-0.0192171
-0.0138195
-0.0101416
-0.00136188
0.0077184
0.0136103
0.0138844
0.00934835
0.0031908
-0.00196883
-0.00576716
-0.00935956
-0.0134766
-0.0174718
-0.0201489
-0.0207532
-0.0160323
-0.0114291
-0.012342
-0.0056826
0.00264318
0.00899955
0.0103962
0.00708973
0.00211393
-0.00178521
-0.00392087
-0.00519421
-0.00660899
-0.0084289
-0.0105777
-0.0128865
-0.0101503
-0.00751686
-0.0137182
-0.0104464
-0.0041344
0.00140282
0.00261048
-0.000484122
-0.00459077
-0.00658531
-0.00562698
-0.00282731
7.55769e-05
0.00163953
0.000770766
-0.00308874
-0.00294757
0.00404688
-0.00796345
-0.0107874
-0.00889269
-0.00380929
0.000644787
0.00145225
-0.000591198
-0.00235983
-0.00142522
0.00255851
0.0082257
0.0133651
0.0154264
0.0125885
0.0115916
0.00310113
-0.0127154
-0.0159811
-0.0156666
-0.0141502
-0.0132051
-0.0142512
-0.0153335
-0.0134958
-0.00765565
0.00122381
0.0107264
0.0177026
0.0192008
0.0134574
0.0122173
0.00326467
-0.0140791
-0.019509
-0.0212262
-0.0201267
-0.0194563
-0.0204318
-0.0211882
-0.01867
-0.0114238
-0.000405087
0.0115676
0.0207253
0.0231181
0.0167915
0.0131105
0.00675741
-0.00970193
-0.0163767
-0.0191817
-0.0188395
-0.0175739
-0.0175244
-0.0179987
-0.016072
-0.00957582
0.00117608
0.013459
0.0231957
0.0262687
0.0207914
0.0163468
0.00994927
-0.0033925
-0.00972384
-0.0128541
-0.0133009
-0.0127482
-0.013049
-0.0139001
-0.012768
-0.00734641
0.00234474
0.0137792
0.0230419
0.0263848
0.022403
0.0182864
0.012306
0.00353826
-0.00121283
-0.00405972
-0.00559206
-0.00706886
-0.0093361
-0.011526
-0.0113595
-0.00696014
0.00141224
0.0113178
0.0193852
0.0228228
0.0209867
0.0184374
0.0136545
0.00985804
0.0074211
0.00521848
0.00244256
-0.00172517
-0.00693075
-0.0112337
-0.0122811
-0.0089094
-0.00205695
0.00581754
0.0122421
0.0157984
0.0165657
0.0167141
0.0135001
0.0140551
0.0142205
0.013034
0.00941217
0.00291473
-0.00506742
-0.0115879
-0.0140634
-0.0120142
-0.00714121
-0.00181322
0.00266334
0.0062953
0.00957622
0.0129446
0.0113733
0.0151194
0.0178882
0.0182855
0.0148316
0.00727638
-0.00233403
-0.0104448
-0.0143797
-0.0141211
-0.0118434
-0.00954328
-0.00730609
-0.0039621
0.00105393
0.00719639
0.00712482
0.0130101
0.0182634
0.0209066
0.0188927
0.0118708
0.00210871
-0.00663791
-0.0117973
-0.0135986
-0.0142362
-0.0151298
-0.0153466
-0.0129694
-0.00747333
0.000111027
0.00143105
0.00865337
0.0161322
0.0214225
0.0218284
0.0165893
0.00788336
-0.000641925
-0.00656954
-0.0101934
-0.0134309
-0.0171312
-0.0197585
-0.0190324
-0.0143743
-0.00693567
-0.00419673
0.00344253
0.0125296
0.0203197
0.0233537
0.0204093
0.013353
0.00564656
-0.000441233
-0.00513216
-0.00998525
-0.0154779
-0.0199449
-0.0211102
-0.0182373
-0.0121113
-0.00811116
-0.0015486
0.00816341
0.0175106
0.022631
0.0217243
0.0163209
0.00971767
0.00411618
-0.00055665
-0.00557469
-0.0113323
-0.0164498
-0.0190781
-0.0183774
-0.0139105
-0.00943205
-0.00589268
0.00310517
0.0126543
0.0187417
0.0191416
0.015037
0.00960959
0.00509201
0.00158856
-0.00200815
-0.00627913
-0.0105493
-0.0137095
-0.0151119
-0.0119437
-0.00857741
-0.0097806
-0.00287091
0.00548083
0.0113034
0.0121107
0.00871117
0.0043714
0.0014557
0.00021043
-0.000489378
-0.00169712
-0.00368627
-0.00633884
-0.00949244
-0.00743568
-0.00640082
-0.0132847
-0.0095969
-0.00355553
0.00108075
0.00147722
-0.00159692
-0.00494077
-0.00591472
-0.00413829
-0.000938762
0.00194879
0.00324479
0.00199166
-0.00283978
-0.00179057
-0.000971549
-0.0135413
-0.0144202
-0.0117973
-0.00787703
-0.00569349
-0.00664938
-0.00872649
-0.00893154
-0.00578115
-2.0405e-05
0.00630002
0.0108705
0.0114093
0.0065316
0.00660673
-0.00444871
-0.0206619
-0.0233065
-0.0235097
-0.0230788
-0.0234085
-0.024449
-0.024016
-0.0194942
-0.0113189
-0.00116451
0.00819221
0.0139951
0.0136554
0.00607662
0.00499285
-0.00475232
-0.0228677
-0.0275419
-0.0292613
-0.0290724
-0.0286593
-0.028963
-0.0284983
-0.0248331
-0.0169677
-0.00599035
0.00535395
0.0135964
0.0150298
0.00769871
0.00544282
-0.00147719
-0.0187929
-0.0246335
-0.0274538
-0.027736
-0.0269391
-0.0266742
-0.0263089
-0.0235115
-0.0166333
-0.00609987
0.00553104
0.0145713
0.0170402
0.010891
0.00823166
0.00297176
-0.0110915
-0.0168516
-0.0200544
-0.0210406
-0.0210472
-0.0215541
-0.0221463
-0.0206745
-0.0152332
-0.00585005
0.00521471
0.0143758
0.0177794
0.0136918
0.0112424
0.00767657
-0.00154961
-0.00604661
-0.00901681
-0.0109165
-0.0128748
-0.0156162
-0.0182122
-0.0184812
-0.0146458
-0.00677197
0.00308536
0.0117666
0.0161062
0.0148817
0.0137047
0.0117902
0.00782147
0.00545284
0.00325017
0.000409632
-0.00396048
-0.00967251
-0.0148819
-0.0171516
-0.0150615
-0.00907139
-0.00111032
0.00646136
0.0115957
0.0136045
0.0149105
0.0142729
0.0148095
0.0151013
0.0142343
0.0110419
0.00479814
-0.00349314
-0.011107
-0.0153775
-0.0152977
-0.0117956
-0.00655841
-0.000807515
0.00471045
0.00957238
0.0140535
0.0143526
0.0180604
0.0212098
0.0223786
0.019887
0.013071
0.0035214
-0.00559125
-0.0115368
-0.0136858
-0.013238
-0.0113924
-0.0081396
-0.00301589
0.0034998
0.0107838
0.0118097
0.0174925
0.0233624
0.027148
0.0264925
0.0206008
0.0112926
0.00184613
-0.00515468
-0.00937881
-0.0120087
-0.0136509
-0.0132297
-0.00950034
-0.00291897
0.00542214
0.00725079
0.014048
0.0221416
0.0286786
0.0305371
0.0265996
0.0186402
0.00988229
0.00262936
-0.00296408
-0.00790592
-0.0123316
-0.0146143
-0.0130808
-0.00802749
-0.000587898
0.00207149
0.0090316
0.0184571
0.0272262
0.0314821
0.0297338
0.0235944
0.0161565
0.00949397
0.00366924
-0.00219787
-0.00805295
-0.0122739
-0.0131298
-0.0105818
-0.00549287
-0.00222365
0.00342109
0.0129538
0.0228789
0.0286511
0.0285847
0.024126
0.0182624
0.0129237
0.00811837
0.00295053
-0.00263533
-0.00750596
-0.0102057
-0.0103877
-0.0079278
-0.00492567
-0.00238777
0.00604974
0.0155533
0.0216769
0.022424
0.0191658
0.014857
0.0113649
0.00863871
0.00567593
0.00195427
-0.00207839
-0.00560213
-0.00819383
-0.00754463
-0.00629542
-0.00849208
-0.00222406
0.00568019
0.0110033
0.0117168
0.00911435
0.00616926
0.00477706
0.00484575
0.00514863
0.00459555
0.00262653
-0.000660659
-0.00518224
-0.00535169
-0.0070445
-0.0148751
-0.0113744
-0.00577645
-0.00177358
-0.00148496
-0.00366605
-0.0054698
-0.00490602
-0.00193018
0.00199204
0.00505169
0.00605203
0.00378069
-0.00224757
-0.00258507
-0.00565718
-0.018764
-0.0187328
-0.0160641
-0.0131617
-0.0121979
-0.0133016
-0.0138528
-0.0119079
-0.00663526
0.000291645
0.00648354
0.00981448
0.00840403
0.00148269
0.00155549
-0.0114529
-0.0263141
-0.0290022
-0.0298168
-0.0300556
-0.0302587
-0.0296257
-0.0263566
-0.0194032
-0.00969129
0.000606998
0.00864836
0.0121927
0.00946255
0.000372859
-0.0018291
-0.0151231
-0.0317215
-0.0353804
-0.0364572
-0.0361751
-0.0355935
-0.0350879
-0.0333126
-0.0285058
-0.0201488
-0.00947249
0.000833998
0.00755733
0.00736202
-0.0010904
-0.00433448
-0.0121474
-0.027699
-0.0321802
-0.0342928
-0.0346548
-0.03417
-0.0336081
-0.0322905
-0.0284858
-0.0211684
-0.0110199
-0.000466733
0.00711186
0.00807949
0.001025
-0.00189607
-0.00647838
-0.0189232
-0.0234009
-0.0260167
-0.0271731
-0.0276394
-0.0283007
-0.0284798
-0.0264742
-0.0208989
-0.0119366
-0.001653
0.00661103
0.00917323
0.00464135
0.00224628
0.000635304
-0.00736595
-0.0109533
-0.0134757
-0.0154393
-0.0176854
-0.0206721
-0.0234012
-0.023903
-0.0205852
-0.0133633
-0.00393684
0.00468219
0.00908535
0.00800528
0.0070243
0.00770616
0.00433764
0.00252163
0.000769155
-0.0017131
-0.00587484
-0.0116436
-0.0173721
-0.0207019
-0.0199883
-0.0151179
-0.0074156
0.000820542
0.00688834
0.00956374
0.0112107
0.012987
0.0134947
0.014194
0.0140535
0.0117976
0.00636963
-0.00165759
-0.0100121
-0.0160128
-0.0181085
-0.0162576
-0.0113082
-0.0044702
0.00253252
0.00835813
0.0133274
0.0153922
0.0186262
0.0222605
0.0245332
0.0235037
0.0179768
0.00891894
-0.000988323
-0.0090087
-0.0137741
-0.0152934
-0.0138261
-0.00938153
-0.00264765
0.00482406
0.0125586
0.0147339
0.0197207
0.02617
0.0312798
0.0323132
0.0278883
0.0191779
0.00903134
3.65286e-05
-0.00670251
-0.0111836
-0.0131461
-0.0116433
-0.0065169
0.000668122
0.00921421
0.0117068
0.0176819
0.0262359
0.0339694
0.0373398
0.0347374
0.0274152
0.0182109
0.00945035
0.00196153
-0.00426315
-0.00871156
-0.0099964
-0.0074418
-0.00230711
0.00470797
0.00758979
0.0135569
0.0230447
0.032518
0.0377829
0.0370364
0.0315545
0.0240874
0.0166799
0.00988602
0.0035712
-0.00184769
-0.00507039
-0.00526355
-0.00315933
0.000685735
0.00357464
0.00795311
0.0170538
0.0269576
0.0331277
0.0337007
0.0299679
0.024591
0.0193573
0.0145326
0.00971306
0.00494108
0.0010343
-0.00130035
-0.00230495
-0.00185327
-0.000156756
0.00109843
0.00858174
0.0175849
0.0235463
0.0246732
0.0222849
0.0189776
0.0163313
0.0143287
0.0121908
0.00941296
0.00612944
0.00265175
-0.000990154
-0.00271731
-0.00391415
-0.00728766
-0.00202154
0.00521348
0.0101687
0.0112287
0.00968779
0.00810361
0.00796866
0.00908184
0.0102854
0.0104315
0.00887387
0.00528897
-0.00050925
-0.00312853
-0.0084047
-0.016897
-0.0138726
-0.00856672
-0.00469519
-0.00386252
-0.00491018
-0.005299
-0.00344617
0.000462763
0.00497921
0.00831086
0.00901275
0.00592875
-0.00146064
-0.00411121
-0.00972682
-0.0220876
-0.0216858
-0.0193212
-0.0171758
-0.0164035
-0.0163395
-0.0146522
-0.0100937
-0.00326562
0.00381588
0.00883878
0.0100916
0.00633949
-0.00226148
-0.00300877
-0.0171615
-0.0286151
-0.0310025
-0.0320797
-0.0323538
-0.0315521
-0.0288298
-0.0231329
-0.0145219
-0.00446013
0.00477232
0.0106794
0.0114043
0.00608227
-0.0039201
-0.00755
-0.0250756
-0.0379868
-0.0403967
-0.040353
-0.0394778
-0.0385889
-0.0374485
-0.0346697
-0.0290301
-0.0205249
-0.0105679
-0.00171386
0.00308155
0.00106337
-0.00804448
-0.0134118
-0.0226677
-0.0342335
-0.0372435
-0.03837
-0.0385533
-0.0382383
-0.0373832
-0.0350743
-0.0302304
-0.0225367
-0.0129555
-0.00379711
0.00183921
0.000928134
-0.00676372
-0.0114443
-0.0161937
-0.02522
-0.028347
-0.0302095
-0.0314069
-0.032234
-0.032727
-0.0321286
-0.0292759
-0.0234057
-0.0148938
-0.00564568
0.00119987
0.00233834
-0.00269756
-0.00644936
-0.0071359
-0.0130282
-0.0155984
-0.0175403
-0.019425
-0.0216881
-0.0243872
-0.0266003
-0.0267901
-0.023673
-0.017044
-0.0082789
-0.000307646
0.00343588
0.00203619
0.000187772
0.00244353
-0.000416199
-0.00159875
-0.002748
-0.00466011
-0.00817335
-0.0132908
-0.0187261
-0.0224413
-0.0226979
-0.0188194
-0.0115494
-0.00320374
0.00295992
0.00546056
0.00670928
0.0100294
0.00973293
0.0108648
0.0115999
0.0105715
0.00649363
-0.000559358
-0.008864
-0.0159204
-0.0197276
-0.0192887
-0.0146474
-0.00712926
0.000534672
0.00623619
0.0110725
0.0143178
0.0160986
0.0201449
0.0236247
0.0243345
0.0205671
0.0125531
0.00244147
-0.007099
-0.0139803
-0.0170712
-0.0157752
-0.0103089
-0.00263204
0.00466579
0.0121758
0.0152857
0.0188159
0.0256799
0.0321189
0.0349943
0.0322907
0.0244607
0.0139013
0.00328569
-0.00549712
-0.0113144
-0.0131776
-0.0104769
-0.00435682
0.00254065
0.0105175
0.0139203
0.01868
0.027494
0.0363162
0.0411787
0.0399072
0.0331787
0.0234989
0.0133556
0.00431329
-0.00268479
-0.00662011
-0.00657076
-0.00306862
0.00165852
0.00764309
0.0114021
0.0163128
0.0257201
0.0357344
0.0418456
0.0418934
0.0367612
0.0289441
0.0206251
0.0129545
0.00651555
0.0020143
0.000236826
0.00094943
0.00259589
0.00503996
0.00838158
0.0117523
0.0203902
0.0302014
0.0365522
0.0374786
0.0340291
0.0285996
0.0230034
0.0179173
0.0134427
0.00977856
0.0072312
0.00571279
0.00431171
0.00319452
0.00444065
0.0048672
0.011617
0.0200862
0.0257803
0.0270788
0.025118
0.0221434
0.0196123
0.0177393
0.0160906
0.0142358
0.0119602
0.00903083
0.00500067
0.00182257
-0.00119146
-0.00490738
-0.000352637
0.00629966
0.0110113
0.0123606
0.0114845
0.0105307
0.0107683
0.0121048
0.0136239
0.0142449
0.0131202
0.00962543
0.0034865
-0.000622863
-0.00935516
-0.0173683
-0.0144757
-0.00910431
-0.00506863
-0.00375188
-0.00402173
-0.00363916
-0.00129376
0.00277617
0.00725336
0.0104503
0.0108663
0.00733655
-0.000708592
-0.00509557
-0.0128253
-0.0225686
-0.0216902
-0.0196277
-0.0180029
-0.0169308
-0.015124
-0.0110533
-0.00459289
0.00284534
0.00913599
0.0122839
0.0110133
0.00485441
-0.00470717
-0.00656095
-0.0208516
-0.0276198
-0.0288338
-0.0295726
-0.0295952
-0.0280516
-0.0241252
-0.0173955
-0.0085326
0.000866304
0.00865846
0.0125496
0.0108484
0.00345162
-0.00685116
-0.0114281
-0.0314259
-0.0396826
-0.0406654
-0.0397103
-0.0385718
-0.0376663
-0.0361041
-0.0325351
-0.0263514
-0.0180729
-0.00920381
-0.00205433
0.000753048
-0.00283328
-0.0119422
-0.018833
-0.0292218
-0.0364636
-0.0382146
-0.0388163
-0.0392095
-0.0392131
-0.0379804
-0.0346078
-0.0287408
-0.0207533
-0.0118137
-0.00406151
-0.000306424
-0.00286588
-0.0107856
-0.0169256
-0.0220322
-0.0281639
-0.0303058
-0.0319346
-0.0335169
-0.0346526
-0.0346677
-0.0329077
-0.0289133
-0.0225564
-0.0143608
-0.00607429
-0.000658086
-0.000938258
-0.00643905
-0.0111856
-0.0118272
-0.0168533
-0.0187698
-0.0205609
-0.0225938
-0.0247083
-0.0265868
-0.0276038
-0.0268624
-0.0234674
-0.017112
-0.00891323
-0.0017711
0.000939068
-0.00121943
-0.00333175
-0.000980328
-0.00509747
-0.00589932
-0.00670859
-0.00818167
-0.0107861
-0.0146299
-0.0189288
-0.0221646
-0.0226485
-0.0192447
-0.012273
-0.00416388
0.00135568
0.00273793
0.00407093
0.00730994
0.0044894
0.00589725
0.00736318
0.00750906
0.00503229
-0.000460984
-0.00784744
-0.0149981
-0.0195884
-0.0198674
-0.0153028
-0.00751417
-0.000154072
0.00414974
0.00892498
0.0119167
0.0110196
0.0153467
0.0199195
0.0223261
0.0205065
0.0140186
0.00445747
-0.00576578
-0.0137656
-0.0176444
-0.0161813
-0.010034
-0.00237645
0.00345067
0.0103094
0.0134406
0.0148673
0.0219954
0.0296412
0.0343134
0.0334395
0.0267593
0.0162506
0.00469163
-0.00532171
-0.0117688
-0.0131645
-0.0094382
-0.00306778
0.00249944
0.00920672
0.0132933
0.0166742
0.0256386
0.0354626
0.0417781
0.0418363
0.0357166
0.0256754
0.0144593
0.00433415
-0.00299017
-0.00612291
-0.00476447
-0.000689369
0.00308118
0.00745927
0.0125398
0.0165633
0.0259483
0.0365226
0.0434723
0.044204
0.0391771
0.0307465
0.0213753
0.0128383
0.00635784
0.00285988
0.0025539
0.00418354
0.0053921
0.00638506
0.0110688
0.0139337
0.0224376
0.0323372
0.0388972
0.03997
0.0363331
0.0302519
0.0237342
0.017951
0.0135095
0.010756
0.00960373
0.00915512
0.00778379
0.00593189
0.00778767
0.00813967
0.0148259
0.0230732
0.028561
0.0297432
0.027582
0.0241183
0.0208551
0.0183505
0.0165768
0.0152552
0.0139227
0.0118618
0.00819395
0.0048719
0.00119203
-0.00173178
0.00302974
0.00948199
0.0139316
0.0151979
0.0143151
0.0131506
0.0128585
0.0135302
0.0145791
0.0151242
0.0142408
0.0111164
0.00541252
0.00145411
-0.00955895
-0.0155694
-0.0120481
-0.00644414
-0.00239493
-0.000998195
-0.00100025
-0.000434572
0.00169583
0.00510736
0.00871917
0.0111409
0.0109627
0.00704163
-0.0005708
-0.00517418
-0.0145642
-0.0202934
-0.0186288
-0.0168016
-0.015654
-0.0143638
-0.0112975
-0.00575659
0.00152192
0.00875781
0.0138895
0.0153241
0.0118769
0.00401548
-0.00584428
-0.00854213
-0.0220613
-0.0243117
-0.0238458
-0.0240215
-0.0240905
-0.0226873
-0.0188626
-0.0124662
-0.00432707
0.0041111
0.0109178
0.013762
0.0108276
0.00234693
-0.00787224
-0.0127111
-0.0319501
-0.0365129
-0.0363704
-0.0353805
-0.0347825
-0.0341672
-0.0321224
-0.0277144
-0.0210764
-0.0131656
-0.00542095
0.000169409
0.00135152
-0.00329319
-0.0120514
-0.0187011
-0.0285979
-0.033777
-0.0348469
-0.0358394
-0.0371245
-0.037598
-0.0358918
-0.031438
-0.0246312
-0.0163734
-0.00789209
-0.00114267
0.00131817
-0.00230504
-0.010356
-0.0156653
-0.0204367
-0.0267847
-0.0285653
-0.0307346
-0.0332134
-0.0347016
-0.0341016
-0.0310895
-0.0258708
-0.0188501
-0.0106247
-0.00285039
0.00162253
0.000276376
-0.00583886
-0.00922763
-0.00992579
-0.0175496
-0.0192801
-0.0214605
-0.0240075
-0.0260015
-0.0268976
-0.0264605
-0.0244289
-0.0202713
-0.01365
-0.00562676
0.000852005
0.00241135
-0.00104698
-0.00136516
-0.000158202
-0.00823603
-0.00884875
-0.00963259
-0.0109604
-0.0127624
-0.015194
-0.0179449
-0.0200345
-0.01993
-0.016259
-0.0092149
-0.00153207
0.00273917
0.00211367
0.0051185
0.00622584
-0.000726719
0.000943656
0.00293322
0.0039338
0.00286867
-0.000940908
-0.00690259
-0.013247
-0.0175819
-0.0176913
-0.0128696
-0.00523373
0.000907745
0.00265477
0.00813509
0.00888413
0.00471283
0.00934196
0.0148011
0.018562
0.0184923
0.0136442
0.00508695
-0.00472934
-0.012858
-0.0166609
-0.0147403
-0.00841693
-0.00177167
0.00142385
0.00765393
0.00935192
0.00874124
0.0161291
0.0247845
0.0309754
0.0317897
0.0263723
0.0163304
0.0045696
-0.00583311
-0.0122572
-0.0130001
-0.00870706
-0.00293029
0.000465181
0.00551215
0.00955634
0.0118791
0.0210178
0.0317358
0.0393832
0.040723
0.035266
0.0250697
0.0131704
0.00244416
-0.00501743
-0.00735591
-0.00506089
-0.000941858
0.00150232
0.00398245
0.0103775
0.013802
0.0233364
0.0345551
0.0424032
0.043834
0.0388547
0.0297501
0.019326
0.00992276
0.00326349
0.00046106
0.00130178
0.00361103
0.0044214
0.00416217
0.0106871
0.0133805
0.0221158
0.0324112
0.0393687
0.0405924
0.0365639
0.0295313
0.021779
0.0149495
0.0101167
0.00781056
0.00768985
0.00824182
0.00724358
0.00537528
0.00865009
0.00940597
0.0166585
0.0250961
0.0305859
0.0315657
0.0288592
0.0244795
0.0200232
0.0163794
0.0139175
0.0125909
0.0118467
0.0106337
0.00773442
0.00540546
0.00210799
0.000747741
0.0064548
0.0130526
0.0172564
0.0182048
0.0169805
0.0152568
0.0140435
0.0135587
0.0135514
0.0134517
0.0124481
0.0097566
0.00477636
0.00219965
-0.00937219
-0.0124426
-0.0078369
-0.00214853
0.00155602
0.00278572
0.00295259
0.00362497
0.00531895
0.00765199
0.00984811
0.0109344
0.00982015
0.00548513
-0.00112148
-0.00469161
-0.0147569
-0.0164078
-0.0139262
-0.012399
-0.0118632
-0.0106336
-0.00716585
-0.00125974
0.00589334
0.0125273
0.0168314
0.0171687
0.0126118
0.00391017
-0.00556509
-0.00859868
-0.0205774
-0.0201476
-0.0183868
-0.0182726
-0.0187341
-0.01781
-0.014571
-0.00888834
-0.00168605
0.00594613
0.0124371
0.0153949
0.0125637
0.00400295
-0.00630911
-0.0108027
-0.0259512
-0.0298361
-0.0294924
-0.0294798
-0.030007
-0.0297055
-0.0269013
-0.0215623
-0.0144571
-0.00672598
0.00036351
0.00504782
0.00532414
0.000168018
-0.00828459
-0.0131081
-0.0201471
-0.0271665
-0.0283334
-0.0304875
-0.0330571
-0.0339919
-0.0318234
-0.0265366
-0.0190846
-0.0105305
-0.00204341
0.00447071
0.00652702
0.00251132
-0.00551543
-0.00805922
-0.0110769
-0.0216345
-0.0235361
-0.0266997
-0.0303021
-0.0322097
-0.0312189
-0.0273413
-0.0213015
-0.0135918
-0.00487776
0.0030764
0.00733371
0.00536604
-0.00140058
-0.000760481
-0.00195726
-0.0151185
-0.0167809
-0.0195136
-0.0227388
-0.0248379
-0.0251557
-0.0237006
-0.0205685
-0.0154307
-0.00804867
0.000312233
0.00646294
0.00689356
0.00197886
0.00585767
0.00431398
-0.00918292
-0.00944416
-0.0102145
-0.0116335
-0.0130851
-0.0146175
-0.0161386
-0.0169835
-0.0157721
-0.01121
-0.00378418
0.00336791
0.00595366
0.00310882
0.00918504
0.00623684
-0.00480681
-0.00259346
-0.000137502
0.00130206
0.00105923
-0.00156017
-0.00619817
-0.0113416
-0.0146687
-0.0139133
-0.00865304
-0.0016759
0.00243881
0.00153751
0.00812869
0.00492457
-0.00156158
0.00362053
0.00978937
0.0143813
0.015445
0.0118792
0.00447849
-0.00444077
-0.0118687
-0.0149681
-0.0125457
-0.00665007
-0.00199021
-0.00148348
0.00398341
0.00300735
0.00152063
0.00933586
0.0187476
0.0259559
0.0280022
0.0236897
0.0143627
0.00295364
-0.0072141
-0.0132067
-0.0134473
-0.00924847
-0.00484703
-0.00365574
-0.00041642
0.00280195
0.00491391
0.0143536
0.0257643
0.0344294
0.0368643
0.0321172
0.0220409
0.00985007
-0.00122387
-0.00854317
-0.0105288
-0.00796584
-0.00435294
-0.00320627
-0.00246037
0.00483075
0.00794948
0.0178489
0.0296681
0.0383915
0.0406165
0.0358794
0.026348
0.0150935
0.00488123
-0.00215377
-0.00477627
-0.00347344
-0.000911833
-0.000419868
-0.0012383
0.00682903
0.00937273
0.0185508
0.0293616
0.0369666
0.0386344
0.0344665
0.0266896
0.0178084
0.00984321
0.00426549
0.0018482
0.00214236
0.00328004
0.00269443
0.00157613
0.00626752
0.00735319
0.0153738
0.0242851
0.0301327
0.0312881
0.0282175
0.0231556
0.0176006
0.0127267
0.00926583
0.00746545
0.00680293
0.00602887
0.00383761
0.00311727
0.000700331
0.000792805
0.00753636
0.014463
0.0186916
0.0195744
0.0182996
0.0162806
0.014325
0.0127229
0.011518
0.0104784
0.00897128
0.00616128
0.00200025
0.00109747
-0.00933367
-0.00981516
-0.00443025
0.00102461
0.00431192
0.00560465
0.00630731
0.00740601
0.00889694
0.0103068
0.0111331
0.0108185
0.00865712
0.00409261
-0.00187081
-0.00421045
-0.0134602
-0.0124225
-0.00952188
-0.00838361
-0.00828566
-0.00710808
-0.00351144
0.00220952
0.00868375
0.0145017
0.0183059
0.0185336
0.0139837
0.00537667
-0.00364362
-0.00671798
-0.01617
-0.0165204
-0.0144401
-0.0142151
-0.014681
-0.0136511
-0.0102243
-0.00487443
0.00149478
0.00837959
0.0149207
0.0187492
0.0169917
0.0090288
-0.00145424
-0.00639983
-0.0150814
-0.0216635
-0.0221293
-0.0236352
-0.0252987
-0.0249895
-0.0216043
-0.015609
-0.00808783
-0.000108934
0.00721148
0.012014
0.0122464
0.00697176
-0.00147699
-0.00362521
-0.00643557
-0.0183958
-0.0202451
-0.0237544
-0.0275005
-0.0287963
-0.0265039
-0.021027
-0.0134538
-0.00460927
0.00445478
0.0116065
0.0141159
0.0102026
0.00206527
0.00391115
0.00258612
-0.0140917
-0.0162831
-0.0203583
-0.0249274
-0.0273385
-0.0265201
-0.022714
-0.016576
-0.00841624
0.00110887
0.00985501
0.0145365
0.012412
0.00515753
0.011091
0.00854069
-0.0103454
-0.0118061
-0.0148823
-0.0187095
-0.021223
-0.021721
-0.0202369
-0.0167916
-0.0109388
-0.00261369
0.00639955
0.012532
0.012163
0.00620732
0.014847
0.0093735
-0.00809452
-0.00770845
-0.00830545
-0.00993134
-0.011571
-0.0130755
-0.0142704
-0.0144358
-0.0122418
-0.00668857
0.00115881
0.00772199
0.00882482
0.0042851
0.0133585
0.00541877
-0.0073262
-0.00426875
-0.0013663
0.000147922
-2.00907e-05
-0.00232628
-0.00631639
-0.0105104
-0.0127274
-0.0110102
-0.00551592
0.000550703
0.00253877
-0.000383056
0.00707209
-0.000616435
-0.00696189
-0.00099686
0.00564595
0.0104656
0.0118319
0.00881654
0.00221858
-0.00573906
-0.012201
-0.0145332
-0.0119987
-0.00716065
-0.00456135
-0.00606655
-0.0013199
-0.00526673
-0.0057562
0.00263997
0.0124251
0.0199584
0.0224905
0.018831
0.0101895
-0.000574286
-0.0101955
-0.0158012
-0.0160508
-0.0126547
-0.009851
-0.0102148
-0.00821044
-0.00617141
-0.00321892
0.00660759
0.0183261
0.0274254
0.0304868
0.0263517
0.0166553
0.00459069
-0.0065289
-0.0139523
-0.016146
-0.01406
-0.0113045
-0.0110273
-0.010916
-0.00356001
-1.25048e-05
0.0101157
0.02224
0.0315394
0.0345033
0.0302888
0.0207954
0.00916546
-0.00163658
-0.00926051
-0.0123088
-0.0112877
-0.00896774
-0.00863816
-0.0089736
-8.29682e-05
0.00216517
0.0117281
0.0229606
0.0313002
0.0337777
0.030052
0.0220968
0.0125434
0.00365933
-0.00280816
-0.00576985
-0.0057857
-0.00465177
-0.005055
-0.00474562
0.000746853
0.00165929
0.0102038
0.0196616
0.0263072
0.0282402
0.0257192
0.0204759
0.0142522
0.00840948
0.00396577
0.00143763
0.000412607
-0.000444791
-0.00247636
-0.00163561
-0.00308985
-0.00248455
0.00473053
0.0120525
0.0168635
0.0185451
0.0178809
0.0160502
0.0137678
0.0114379
0.00933606
0.00745775
0.00532983
0.00218084
-0.00182663
-0.00183606
-0.00978427
-0.00921684
-0.00396628
0.00106884
0.00436772
0.00633162
0.00797733
0.00974367
0.0113743
0.0124483
0.0125835
0.0113834
0.008401
0.00341337
-0.00237829
-0.00424698
-0.0109112
-0.00952265
-0.00691286
-0.00594961
-0.00553237
-0.00360225
0.00052649
0.00596403
0.011397
0.0161471
0.0195594
0.02029
0.0166877
0.00888188
-0.000151432
-0.00327867
-0.00967828
-0.0140736
-0.0128085
-0.0121276
-0.0112494
-0.00861527
-0.00413398
0.00119977
0.00671428
0.0125874
0.0192204
0.024139
0.0240539
0.0172198
0.00625574
0.000547983
-0.0025591
-0.0138748
-0.0156426
-0.0183489
-0.0205987
-0.0202098
-0.0166093
-0.0105538
-0.00291791
0.00564541
0.0140991
0.0200625
0.0210528
0.0159519
0.00703722
0.00700105
0.00803434
-0.00932497
-0.0119539
-0.016266
-0.0205638
-0.0221256
-0.0201747
-0.0153544
-0.00834398
0.000613114
0.010613
0.0190784
0.0226202
0.019162
0.0108743
0.0161926
0.0155085
-0.00579314
-0.0080711
-0.0124211
-0.0173796
-0.0202496
-0.0201967
-0.0174503
-0.0122041
-0.00417021
0.00610754
0.0159227
0.0213496
0.0196082
0.0123168
0.0219736
0.0170192
-0.00441114
-0.00534515
-0.00823684
-0.012277
-0.0153504
-0.0167655
-0.0163701
-0.0137557
-0.00800247
0.000908931
0.0105503
0.0169071
0.0163762
0.010328
0.021785
0.012063
-0.00543973
-0.00414457
-0.0042998
-0.00604316
-0.00825415
-0.0106003
-0.012621
-0.0132726
-0.0109631
-0.00494125
0.00305339
0.00913696
0.00940341
0.00477197
0.0152324
0.00279017
-0.00801032
-0.00397076
-0.000671111
0.000650543
-0.00010868
-0.0030663
-0.00748485
-0.0116843
-0.0134855
-0.0113378
-0.00605207
-0.0010299
-0.000161131
-0.00340625
0.00424842
-0.00700488
-0.0105166
-0.00373765
0.00303595
0.00747948
0.00824641
0.00477258
-0.00190056
-0.00944152
-0.0153409
-0.0172977
-0.015165
-0.0115779
-0.0102391
-0.0120501
-0.00752963
-0.0136466
-0.0115596
-0.00259038
0.00702773
0.0140504
0.0160359
0.0121142
0.00361919
-0.00667244
-0.0157195
-0.0211185
-0.0218967
-0.0196975
-0.0180066
-0.0184264
-0.0162727
-0.0150856
-0.0107584
-0.000478514
0.0111612
0.0196453
0.0223709
0.0182224
0.00874914
-0.00295208
-0.0137642
-0.021265
-0.0241058
-0.0230531
-0.0211286
-0.0207081
-0.019451
-0.0123957
-0.00838155
0.0021005
0.0140201
0.0231415
0.0261761
0.0222679
0.0130095
0.00152567
-0.00929578
-0.0172813
-0.0210687
-0.0209111
-0.0192517
-0.0188083
-0.017234
-0.00840464
-0.00646171
0.00341345
0.0147513
0.0235165
0.0266877
0.0235417
0.015826
0.00623176
-0.00293376
-0.00998264
-0.0138065
-0.0144184
-0.0139009
-0.0144794
-0.0122736
-0.00661114
-0.00626473
0.00241345
0.0123078
0.0200009
0.0232317
0.0216431
0.0167097
0.0103498
0.00409588
-0.00092826
-0.00412305
-0.00578159
-0.00728836
-0.00978909
-0.00796743
-0.00825273
-0.00830027
-0.00143373
0.00630854
0.012448
0.0157539
0.0162045
0.0148694
0.0125537
0.00993697
0.00746919
0.00514264
0.0024789
-0.00127297
-0.00595058
-0.00612079
-0.0106128
-0.0109951
-0.00686143
-0.00213734
0.00199578
0.00535343
0.0080418
0.0103117
0.012152
0.0134736
0.0138244
0.0125965
0.00929123
0.00386817
-0.00237099
-0.00513061
-0.00707883
-0.00830783
-0.00679728
-0.00543428
-0.00332153
0.000625514
0.00586594
0.0109672
0.0150747
0.0185939
0.0213329
0.0228084
0.02072
0.0141295
0.0053829
0.0005883
0.0010132
-0.00931118
-0.0101334
-0.00956942
-0.00705495
-0.00157669
0.00573187
0.012532
0.0176052
0.0218925
0.0268252
0.0315022
0.0327283
0.0276215
0.0171429
0.0106283
0.00999543
-0.00581833
-0.00904888
-0.0126075
-0.0149691
-0.0140233
-0.00979415
-0.00342762
0.0041627
0.0127241
0.0215423
0.0284484
0.0305135
0.0260759
0.0169256
0.0174203
0.0199885
-0.000444731
-0.00381212
-0.00805985
-0.0117512
-0.0126086
-0.010512
-0.00644683
-0.000825203
0.00697994
0.0169197
0.0264525
0.0314976
0.0290097
0.0207191
0.0265921
0.0243559
0.00243361
0.000679479
-0.00267795
-0.00661605
-0.00898963
-0.00946898
-0.00841623
-0.0054835
0.000767379
0.0107711
0.0217765
0.0287732
0.0276303
0.020371
0.0298964
0.021654
0.00272128
0.0033226
0.00196793
-0.00107889
-0.00421033
-0.00693719
-0.00892461
-0.00905558
-0.00520618
0.00358257
0.0144483
0.0219551
0.0216893
0.0155578
0.0259393
0.0127715
8.01462e-05
0.00355327
0.005069
0.0039455
0.000971333
-0.0033567
-0.00809472
-0.0114448
-0.0107157
-0.00428137
0.00512323
0.0119998
0.0120722
0.00707353
0.0157683
0.000607745
-0.00452997
0.00182575
0.00650647
0.00784627
0.00563089
0.000225023
-0.00690408
-0.0133065
-0.0158189
-0.0124963
-0.00547381
0.00011812
0.000277585
-0.00357497
0.00224023
-0.0109249
-0.00942992
-0.000667599
0.00691727
0.0107576
0.00960276
0.00354501
-0.00553905
-0.0146261
-0.0200548
-0.0200197
-0.0157985
-0.0117269
-0.0113809
-0.0141205
-0.0108607
-0.0184716
-0.0130031
-0.0026673
0.00710765
0.0130888
0.0130627
0.00680574
-0.00357766
-0.0146445
-0.0223475
-0.0252298
-0.0237491
-0.0210869
-0.0205099
-0.0218693
-0.0200451
-0.0205644
-0.0144047
-0.00344377
0.00757597
0.0150018
0.0160837
0.0101717
-0.000535044
-0.012247
-0.0215038
-0.0265131
-0.027314
-0.0258937
-0.02502
-0.0254618
-0.0234842
-0.0183095
-0.0139559
-0.00300755
0.00805567
0.0162145
0.0183674
0.0134143
0.00356637
-0.0075878
-0.0170359
-0.0230747
-0.0254393
-0.0251817
-0.0244931
-0.0247951
-0.0217496
-0.014616
-0.0128924
-0.00305719
0.0076198
0.0158983
0.0189766
0.015835
0.00814123
-0.00109973
-0.00935332
-0.015275
-0.0184572
-0.0193643
-0.0197265
-0.0209623
-0.017349
-0.0121004
-0.0121081
-0.0038431
0.00553137
0.01331
0.0173523
0.0166855
0.0122606
0.00614755
0.000164331
-0.00460233
-0.00780214
-0.00988853
-0.0121011
-0.0151735
-0.0128529
-0.0111606
-0.0119022
-0.00598857
0.00115421
0.00767124
0.0123573
0.0144462
0.0138986
0.0118084
0.00917862
0.00659006
0.0040104
0.0008613
-0.00344984
-0.00859017
-0.00932435
-0.0091286
-0.0109705
-0.00823435
-0.00459
-0.000545909
0.00391927
0.00822239
0.0116079
0.0140165
0.0155584
0.0159698
0.0146908
0.0110858
0.00528928
-0.00144768
-0.00515367
-1.01573e-05
-0.00455602
-0.00515672
-0.00405741
-0.000572643
0.00615922
0.014343
0.0208433
0.0239868
0.024944
0.0257738
0.0266749
0.0256624
0.0207001
0.0127112
0.00649536
)
;

boundaryField
{
    patch0_half0
    {
        type            cyclic;
    }
    patch0_half1
    {
        type            cyclic;
    }
    patch1_half0
    {
        type            cyclic;
    }
    patch1_half1
    {
        type            cyclic;
    }
    patch2_half0
    {
        type            cyclic;
    }
    patch2_half1
    {
        type            cyclic;
    }
}


// ************************************************************************* //
