/*--------------------------------*- C++ -*----------------------------------*\
| =========                 |                                                 |
| \\      /  F ield         | OpenFOAM: The Open Source CFD Toolbox           |
|  \\    /   O peration     | Version:  3.0.0                                 |
|   \\  /    A nd           | Web:      www.OpenFOAM.org                      |
|    \\/     M anipulation  |                                                 |
\*---------------------------------------------------------------------------*/
FoamFile
{
    version     2.0;
    format      ascii;
    class       volScalarField;
    location    "0.5";
    object      p;
}
// * * * * * * * * * * * * * * * * * * * * * * * * * * * * * * * * * * * * * //

dimensions      [0 2 -2 0 0 0 0];

internalField   nonuniform List<scalar> 
4096
(
-0.00494367
-0.00193022
0.000126923
0.000190588
-0.0015816
-0.00452857
-0.0078699
-0.0110178
-0.0136891
-0.0158243
-0.0173966
-0.0182443
-0.0180629
-0.0165908
-0.0137869
-0.0094205
-0.00820127
-0.00529333
-0.00303878
-0.00246468
-0.00359093
-0.00596743
-0.00894922
-0.0119403
-0.0145624
-0.0166222
-0.0181046
-0.0189234
-0.0188977
-0.0178326
-0.0156288
-0.0119699
-0.0100409
-0.00769059
-0.00547487
-0.00432693
-0.00435764
-0.00531299
-0.0067855
-0.00841001
-0.00999404
-0.0115074
-0.0129708
-0.0143062
-0.0152673
-0.0155263
-0.0147833
-0.0125556
-0.0104303
-0.00905195
-0.00722772
-0.0057522
-0.00478471
-0.00424865
-0.00398694
-0.00390831
-0.00407125
-0.00464808
-0.00578186
-0.00744308
-0.00932421
-0.0109736
-0.0118865
-0.0113889
-0.00933961
-0.00921723
-0.00812873
-0.00668277
-0.00502185
-0.00318791
-0.00124202
0.000627168
0.00207643
0.00268918
0.00215529
0.000448205
-0.00212757
-0.00498402
-0.00745543
-0.0086913
-0.00681186
-0.00802386
-0.0078973
-0.00683827
-0.00490002
-0.00214755
0.00119459
0.00469184
0.0077176
0.00959644
0.00983648
0.00831521
0.00536769
0.00165297
-0.00204807
-0.00476598
-0.0030702
-0.00545478
-0.00632398
-0.00589523
-0.00408625
-0.000915894
0.00332372
0.00802124
0.0123155
0.0153039
0.0163263
0.0151846
0.0122056
0.00808952
0.0036629
-5.58611e-05
0.00142765
-0.00175089
-0.0034331
-0.00370258
-0.00233678
0.000749761
0.00527791
0.0105564
0.0155833
0.0193066
0.0209501
0.020259
0.0175436
0.0135004
0.00893069
0.00483257
0.00599394
0.00253753
0.000392841
-0.000476639
0.000269166
0.00283809
0.00703321
0.0121887
0.017281
0.0212159
0.0231809
0.0228987
0.0206602
0.0171126
0.0129655
0.00915927
0.00982883
0.00663056
0.00444239
0.00317498
0.00323271
0.00494737
0.00825538
0.0126141
0.0170994
0.0206913
0.0226248
0.0226424
0.0210116
0.0182962
0.0150663
0.0121643
0.0121599
0.00969515
0.00785334
0.00640046
0.00576543
0.00639223
0.00838858
0.0114124
0.014739
0.0175189
0.0191088
0.0193039
0.0183478
0.0166977
0.0147507
0.0132277
0.0125255
0.0111143
0.0098859
0.00840849
0.00710384
0.00651923
0.00695449
0.0083164
0.0101425
0.0118133
0.0128506
0.0131302
0.0128616
0.0123924
0.0119356
0.0120731
0.0108678
0.010653
0.0101671
0.00876337
0.0068483
0.00505805
0.00389092
0.00351786
0.00375437
0.00422639
0.00463046
0.00492305
0.00529463
0.00598154
0.00702614
0.00886598
0.00754507
0.00850181
0.00876584
0.00751419
0.0051021
0.00224606
-0.00037529
-0.00234191
-0.00357274
-0.00421134
-0.00440343
-0.00412691
-0.00321406
-0.0015268
0.000840891
0.00419016
0.00322011
0.00517462
0.00613353
0.00513055
0.0024479
-0.00117074
-0.00491957
-0.00817212
-0.0106102
-0.0121686
-0.0128574
-0.0126174
-0.0113134
-0.00890345
-0.00556891
-0.00111359
-0.00123112
0.0014525
0.00306431
0.00260033
0.000312266
-0.00306576
-0.00673859
-0.0101166
-0.0129143
-0.0150597
-0.0164681
-0.0169492
-0.0162148
-0.0141019
-0.0107334
-0.0059584
-0.00792636
-0.0045159
-0.00215317
-0.00182747
-0.00333619
-0.00604856
-0.00916314
-0.0121967
-0.0149399
-0.0173678
-0.0194058
-0.0207698
-0.0210123
-0.0197648
-0.0169339
-0.0123545
-0.0118953
-0.00858689
-0.00606219
-0.00517457
-0.00593673
-0.00798725
-0.0107899
-0.0138461
-0.016791
-0.0193768
-0.0214105
-0.0226653
-0.0228696
-0.0218146
-0.0194317
-0.0155806
-0.0139745
-0.0112707
-0.00890034
-0.00755381
-0.00729953
-0.00793227
-0.00914771
-0.0106997
-0.012459
-0.0143636
-0.0163126
-0.0180909
-0.0193222
-0.0196411
-0.0187547
-0.0163968
-0.0141232
-0.0124351
-0.0105377
-0.00897505
-0.00783527
-0.00705764
-0.00655541
-0.00634811
-0.00657692
-0.00741586
-0.00893346
-0.0109638
-0.0131026
-0.0148358
-0.0156178
-0.0150265
-0.012375
-0.0119295
-0.0107642
-0.00926876
-0.00752829
-0.00556736
-0.00348635
-0.0015458
-0.000151784
0.000267662
-0.000568876
-0.00255582
-0.00533573
-0.0082557
-0.0106095
-0.0117482
-0.00888787
-0.00970611
-0.00941421
-0.00825681
-0.00626567
-0.00349711
-0.000172619
0.00325768
0.00615002
0.00783799
0.00786397
0.00610306
0.00299317
-0.000764273
-0.00435181
-0.00694664
-0.00402537
-0.00594126
-0.00652998
-0.00591192
-0.00403231
-0.000918111
0.00316155
0.00763403
0.0116803
0.0144354
0.0152558
0.0139465
0.0108572
0.00671731
0.00240487
-0.00117937
0.00160493
-0.0010992
-0.00243809
-0.0024609
-0.00100682
0.00198171
0.00626076
0.0112158
0.0159283
0.0194048
0.0208817
0.0200856
0.0173123
0.013263
0.00879188
0.00482299
0.00716537
0.00407371
0.00223237
0.00157572
0.0023748
0.00481486
0.00874431
0.0135866
0.0184082
0.0221659
0.0240452
0.0237334
0.0214882
0.0179501
0.0138732
0.010176
0.0117029
0.00866552
0.00664636
0.00545797
0.00546975
0.00702208
0.0101118
0.0142761
0.0186476
0.0222154
0.0241848
0.0242538
0.0226596
0.0199614
0.0167598
0.0139562
0.0143481
0.0118052
0.00995866
0.00840755
0.00759554
0.00802582
0.00988432
0.0128858
0.0163061
0.0192436
0.0209898
0.0212985
0.0204023
0.0187652
0.0168084
0.0154016
0.0145602
0.0128995
0.0115452
0.00983224
0.00825273
0.00745278
0.00782582
0.00931122
0.0113927
0.0133461
0.0146037
0.0150036
0.0147937
0.0143256
0.0138397
0.0141425
0.0122874
0.0117907
0.0111797
0.00949281
0.00730478
0.00531952
0.00413711
0.00394299
0.00447171
0.00522504
0.00581139
0.00617361
0.0065642
0.00723904
0.00826442
0.0103423
0.00797849
0.0087623
0.00899545
0.00760015
0.00500959
0.00202266
-0.000604477
-0.00245562
-0.00351855
-0.00403015
-0.00418581
-0.00394315
-0.00306155
-0.0013798
0.001019
0.00467248
0.00244801
0.00443455
0.00552887
0.00458666
0.00192063
-0.00170662
-0.00547904
-0.00877989
-0.0113131
-0.013022
-0.0138897
-0.0137957
-0.0125426
-0.0100914
-0.00663709
-0.00183782
-0.00322665
-0.000296196
0.00155829
0.00126996
-0.000863628
-0.00408669
-0.00760765
-0.0108882
-0.0137167
-0.0160593
-0.0178199
-0.0187027
-0.018294
-0.0163385
-0.0129409
-0.0078964
-0.00889551
-0.00485725
-0.00219066
-0.00173272
-0.00320806
-0.00590361
-0.00905235
-0.0121801
-0.0151447
-0.017948
-0.0204579
-0.0222667
-0.0227879
-0.0215536
-0.0184266
-0.0134184
-0.0131554
-0.00926596
-0.00642852
-0.00532858
-0.00594357
-0.00790864
-0.0107284
-0.0139549
-0.0172513
-0.0203391
-0.0229123
-0.0246026
-0.0250244
-0.0239176
-0.0212177
-0.0169823
-0.0153456
-0.0121084
-0.00942752
-0.00790986
-0.0075967
-0.00825938
-0.00958203
-0.0113254
-0.0133737
-0.0156553
-0.018016
-0.0201421
-0.0215803
-0.0218936
-0.0207875
-0.0179951
-0.0155687
-0.0134237
-0.0111942
-0.00948023
-0.0083416
-0.00768248
-0.00737867
-0.00741572
-0.00791858
-0.00905168
-0.0108602
-0.0131418
-0.0154366
-0.0171642
-0.0177582
-0.0168126
-0.0138643
-0.0130032
-0.0114974
-0.00982596
-0.00809592
-0.00630525
-0.0044966
-0.00286577
-0.00176926
-0.00160932
-0.00264608
-0.00481772
-0.00769897
-0.0106136
-0.0128174
-0.0136259
-0.0103949
-0.0107926
-0.0101306
-0.00875911
-0.0067607
-0.00417869
-0.00117314
0.00189085
0.00444908
0.00587576
0.00570632
0.00384463
0.000671668
-0.00308225
-0.00654095
-0.0088412
-0.00548945
-0.00695714
-0.00716152
-0.00629905
-0.00438253
-0.00144314
0.00230605
0.00638763
0.0100783
0.0125709
0.0132281
0.0118313
0.00869948
0.00457075
0.000370769
-0.00297415
0.000286766
-0.00197132
-0.0029547
-0.00273432
-0.00122146
0.00162141
0.00559537
0.0101775
0.0145484
0.0177813
0.0191239
0.0182709
0.0154825
0.0114571
0.00708928
0.00328586
0.00611064
0.00339026
0.001825
0.00136897
0.00222995
0.00456215
0.00824305
0.0127722
0.0173066
0.0208708
0.022666
0.02235
0.0201408
0.0166355
0.0126595
0.00905391
0.010993
0.00817838
0.00632391
0.00526432
0.00532731
0.00681597
0.00973567
0.0136731
0.0178352
0.021276
0.0232235
0.0233514
0.0218455
0.0192247
0.0161043
0.0133442
0.0139849
0.0114899
0.00970036
0.0082079
0.00743811
0.00785755
0.00963358
0.0124981
0.0157795
0.0186388
0.020406
0.0208225
0.0200607
0.0185349
0.0166483
0.0152807
0.0144472
0.0127081
0.0113465
0.00965791
0.00812951
0.00738001
0.00775377
0.00917295
0.0111499
0.0130239
0.0142865
0.014789
0.0147295
0.0143953
0.0139853
0.0143698
0.0122558
0.0116636
0.0110371
0.00941279
0.00730155
0.00542948
0.00431531
0.00409186
0.00449847
0.00510405
0.0056035
0.00599042
0.00649769
0.00731381
0.00844945
0.0106874
0.00783899
0.00863234
0.00892476
0.00762346
0.0052012
0.00236815
-0.000130978
-0.00201149
-0.00326678
-0.00405876
-0.00446133
-0.00433359
-0.00341376
-0.00159093
0.000984695
0.00488895
0.002058
0.00422861
0.00547197
0.00470651
0.00228651
-0.00108914
-0.00470838
-0.00806618
-0.0108937
-0.0130491
-0.0143547
-0.0145405
-0.0133507
-0.0107553
-0.00704536
-0.00193789
-0.00381449
-0.000456314
0.00162156
0.00147361
-0.000529448
-0.0036155
-0.00703162
-0.0103098
-0.013305
-0.0159911
-0.0181942
-0.0194853
-0.0193259
-0.0173992
-0.0137593
-0.00837011
-0.00748464
-0.00283305
8.4168e-05
0.000593522
-0.000981015
-0.00388099
-0.00731589
-0.0107886
-0.0141397
-0.0173374
-0.0201894
-0.022213
-0.0227519
-0.0213012
-0.0177217
-0.012226
-0.0116545
-0.00739273
-0.00439667
-0.00324011
-0.00383962
-0.00580396
-0.00865362
-0.0119937
-0.0155355
-0.0189953
-0.0219884
-0.0240276
-0.0245968
-0.0233927
-0.0203658
-0.0157201
-0.0138624
-0.0104243
-0.00762075
-0.00611676
-0.00589365
-0.00666325
-0.00809049
-0.00995687
-0.0121857
-0.0147208
-0.0173739
-0.0197479
-0.0212945
-0.0215212
-0.0201208
-0.016948
-0.0144529
-0.0122677
-0.0099494
-0.00827439
-0.00728671
-0.00680905
-0.00667191
-0.00685473
-0.00750386
-0.0088054
-0.0107981
-0.0132357
-0.0155901
-0.0172415
-0.0176413
-0.0162171
-0.0134611
-0.0126514
-0.0110206
-0.00937357
-0.00779683
-0.0062119
-0.00460895
-0.00315533
-0.00220654
-0.0021772
-0.00333215
-0.00559931
-0.0085115
-0.0113706
-0.0134467
-0.0137762
-0.0109278
-0.0113508
-0.0105118
-0.00910405
-0.00721415
-0.00482758
-0.00205237
0.000791351
0.00316792
0.00445764
0.00418758
0.00226288
-0.000924968
-0.00464156
-0.00801881
-0.00989357
-0.00699376
-0.00837473
-0.00835073
-0.00738057
-0.00550743
-0.00273332
0.000773758
0.0045945
0.00805921
0.0103895
0.0109489
0.00950181
0.00635857
0.00225492
-0.00188126
-0.00489433
-0.00200481
-0.00404637
-0.00477682
-0.00440116
-0.00287866
-0.000171873
0.00355643
0.00785131
0.0119607
0.0150131
0.0162639
0.0153832
0.012603
0.0086114
0.00431652
0.00073304
0.00338804
0.000967619
-0.000361738
-0.00065729
0.00023402
0.00244437
0.00587838
0.0101052
0.0143689
0.0177585
0.0194913
0.0191942
0.0170342
0.0136113
0.00973169
0.00624172
0.00826322
0.00575884
0.00409095
0.00315982
0.00324317
0.00461036
0.00728443
0.0109212
0.0148197
0.0181115
0.0200409
0.0202525
0.0188693
0.0163724
0.0133851
0.0106938
0.0116277
0.00940115
0.00774208
0.00633479
0.00556534
0.00586337
0.00740296
0.00997894
0.0130067
0.0157314
0.0175215
0.0180702
0.0175014
0.0161548
0.0144371
0.0131347
0.0127205
0.0112101
0.00994591
0.00831513
0.0067843
0.00592835
0.00608957
0.00723331
0.00895978
0.0106902
0.0119656
0.0126161
0.0127734
0.0126583
0.0124516
0.0129391
0.0112752
0.0109225
0.010397
0.00883901
0.0067492
0.00480885
0.00352523
0.00304201
0.0031755
0.00358383
0.00402855
0.00450851
0.00520989
0.0062593
0.00763776
0.0100357
0.00759604
0.00869469
0.00912205
0.00792241
0.00556928
0.00277366
0.000156515
-0.00195521
-0.00351586
-0.00459796
-0.00518426
-0.00508602
-0.00404823
-0.00200965
0.000845733
0.00496194
0.00248195
0.00503088
0.00644048
0.00582765
0.0035717
0.000321132
-0.003289
-0.00679459
-0.00992735
-0.0124663
-0.0141167
-0.0145051
-0.0133274
-0.0105804
-0.00658104
-0.00124164
-0.00263578
0.00125097
0.00354725
0.00350226
0.00152234
-0.00162228
-0.00518554
-0.00870372
-0.012006
-0.0150264
-0.0175291
-0.0190174
-0.0188984
-0.0168232
-0.0128517
-0.00713507
-0.00356702
0.00145225
0.00448593
0.00495535
0.00320334
7.75097e-06
-0.00380906
-0.00771299
-0.0114746
-0.0149939
-0.0180192
-0.0200339
-0.0203833
-0.0185892
-0.0145578
-0.00861972
-0.00728747
-0.00302618
-7.0043e-05
0.000959888
0.000227444
-0.00181374
-0.00467644
-0.00800839
-0.0115849
-0.0151632
-0.018342
-0.0205511
-0.021195
-0.0199121
-0.0166764
-0.0116893
-0.00944936
-0.00625284
-0.00354886
-0.00224371
-0.00224567
-0.00317488
-0.00466937
-0.00653864
-0.00876121
-0.0113329
-0.0140654
-0.0165171
-0.0180684
-0.0181932
-0.0166261
-0.0130261
-0.0106784
-0.00893379
-0.00673466
-0.00529327
-0.00458424
-0.00431944
-0.00429
-0.00448804
-0.00510762
-0.00638561
-0.00838109
-0.0108251
-0.0131352
-0.0146764
-0.0149682
-0.0130365
-0.0109511
-0.0106717
-0.00912782
-0.00768824
-0.00637978
-0.00501404
-0.00353659
-0.00211629
-0.00114301
-0.00107447
-0.00220118
-0.00444438
-0.00729901
-0.0100682
-0.0120915
-0.0118922
-0.0101122
-0.0110034
-0.0101773
-0.0088957
-0.00721054
-0.00501753
-0.00238114
0.000386014
0.00273865
0.00403293
0.00377699
0.00187219
-0.0012694
-0.00491858
-0.00828196
-0.00966096
-0.00799491
-0.00965824
-0.00955482
-0.00860582
-0.00684974
-0.00423093
-0.000882725
0.00280021
0.00616579
0.0084363
0.00896941
0.00752233
0.00440927
0.000353157
-0.00377093
-0.00636795
-0.0045878
-0.00666971
-0.00724374
-0.00680103
-0.00532258
-0.00274839
0.0007868
0.00486507
0.00879703
0.0117238
0.0129145
0.0120282
0.00928467
0.0053426
0.00109668
-0.00217185
-0.000238201
-0.00248127
-0.00361362
-0.00379815
-0.00291961
-0.000851371
0.00233837
0.00627584
0.0102814
0.0134968
0.0151626
0.014887
0.0127999
0.00947618
0.00570875
0.00244935
0.00428993
0.00211101
0.00063999
-0.000181366
-0.000121347
0.00106535
0.00343332
0.00670935
0.0102915
0.0133859
0.0152679
0.0155574
0.0143185
0.0119963
0.0092061
0.00667811
0.00800414
0.00617583
0.00468996
0.00336225
0.00253833
0.00261398
0.00379464
0.00595514
0.00863172
0.0111536
0.0129231
0.0136124
0.0132631
0.0121683
0.0107235
0.00955955
0.0100156
0.00892937
0.00781239
0.00623265
0.00462399
0.00352616
0.00330784
0.0040186
0.00537109
0.00689134
0.00815843
0.0089772
0.00940256
0.00959406
0.00971306
0.0103399
0.00986695
0.00995085
0.00955689
0.00803982
0.00587792
0.00371761
0.00207395
0.00117523
0.000935916
0.00111462
0.0015242
0.00215197
0.00311611
0.00448539
0.00621557
0.00876112
0.00765514
0.00919148
0.00973783
0.00858415
0.00619652
0.00325582
0.000367458
-0.002083
-0.00398191
-0.00531304
-0.00599821
-0.00583748
-0.00461101
-0.00229685
0.000897747
0.00515841
0.00401073
0.00695729
0.0084558
0.00788913
0.00565539
0.00237679
-0.00135712
-0.00500905
-0.00836105
-0.0111308
-0.0129632
-0.0134371
-0.0122247
-0.00932242
-0.00505324
0.000408504
0.000424208
0.00472853
0.00714545
0.00712225
0.00506756
0.00173642
-0.00209255
-0.00599145
-0.00965
-0.0129415
-0.0155805
-0.0170537
-0.0167823
-0.0144402
-0.0101041
-0.00413152
0.00229574
0.00729488
0.0102629
0.0106072
0.00866462
0.00521257
0.00108397
-0.00313856
-0.00716067
-0.0108147
-0.0138052
-0.015628
-0.015681
-0.0135575
-0.00924809
-0.00307248
-0.000690704
0.00321668
0.00593367
0.00667774
0.005685
0.00349562
0.00062856
-0.00258463
-0.00598093
-0.00939025
-0.0124539
-0.0146074
-0.0152157
-0.013882
-0.0106069
-0.00543239
-0.00278895
-0.000163777
0.00225695
0.00322157
0.0029018
0.00178009
0.000250067
-0.00151845
-0.00356608
-0.00594747
-0.00852952
-0.0108656
-0.012309
-0.0123248
-0.0107152
-0.00680917
-0.00483553
-0.00381471
-0.00190771
-0.000827962
-0.000467194
-0.000422629
-0.000451797
-0.000567666
-0.00102209
-0.00211265
-0.00394063
-0.00624047
-0.0084049
-0.00980558
-0.0100637
-0.00771944
-0.00672859
-0.00721946
-0.00592633
-0.00481468
-0.00383457
-0.00268273
-0.00127
0.000211452
0.00132317
0.00155127
0.000571027
-0.00154097
-0.0042548
-0.00688742
-0.0088911
-0.00821997
-0.00806951
-0.00964885
-0.00897733
-0.00793395
-0.00650932
-0.00450245
-0.0019303
0.000850221
0.00327717
0.0046644
0.00449788
0.00268116
-0.000351052
-0.00389047
-0.00724407
-0.0081311
-0.00831655
-0.0104651
-0.0103954
-0.00956635
-0.00797906
-0.00550603
-0.00225556
0.00137454
0.00472142
0.00699256
0.00754044
0.00612949
0.00308936
-0.000882261
-0.00498423
-0.0071152
-0.00702654
-0.00931841
-0.00981287
-0.00938061
-0.00799403
-0.00555213
-0.00216759
0.00176275
0.00556213
0.00839095
0.00953026
0.00864464
0.0059558
0.00210598
-0.00206849
-0.00492692
-0.00415403
-0.00634035
-0.0073144
-0.00743817
-0.00661743
-0.00470812
-0.00175043
0.00191628
0.00568333
0.0087154
0.0102918
0.0100206
0.00801931
0.00482955
0.00121799
-0.00169606
-0.000251231
-0.00215813
-0.00343522
-0.00417563
-0.00418045
-0.00320926
-0.00117595
0.00171697
0.00495653
0.0078168
0.00961186
0.00994939
0.00886358
0.0067526
0.00421661
0.00196848
0.00373827
0.00232005
0.00101912
-0.000245291
-0.00116866
-0.00137357
-0.000612055
0.00108191
0.00335125
0.00562177
0.00732936
0.0081314
0.00801208
0.00721195
0.00610254
0.00516026
0.00681424
0.00619267
0.00522623
0.00367632
0.0019347
0.000517866
-0.000159728
5.05784e-05
0.000982269
0.00226093
0.00350466
0.0044892
0.00520094
0.00573981
0.00623723
0.00702691
0.00830784
0.00884607
0.00855466
0.00703438
0.00472702
0.00225539
0.000175912
-0.00119188
-0.00181645
-0.00184281
-0.00142633
-0.000612436
0.00064779
0.00236561
0.00446707
0.00711345
0.00806135
0.00998155
0.0105687
0.00937641
0.00685076
0.00365748
0.000435918
-0.00236863
-0.00454523
-0.00601406
-0.00667434
-0.00635409
-0.00488893
-0.00229429
0.00120705
0.00550123
0.00645403
0.00965138
0.0111089
0.0104505
0.00808456
0.0046452
0.000767529
-0.00305588
-0.00648451
-0.00926706
-0.0110539
-0.011444
-0.0101262
-0.0070887
-0.00264751
0.00280171
0.00488254
0.00932695
0.0117046
0.0116014
0.00940597
0.00584821
0.00169881
-0.00248097
-0.00640207
-0.00981257
-0.0123993
-0.0136739
-0.0131238
-0.0104851
-0.00588076
0.000207964
0.00890051
0.0135198
0.0162514
0.0164057
0.0143082
0.0107197
0.00646492
0.00215185
-0.00188642
-0.00544059
-0.00819174
-0.0097024
-0.00944716
-0.00710888
-0.00272125
0.0033929
0.00681369
0.0101838
0.0125342
0.0129016
0.0115799
0.00919344
0.00630576
0.00325445
0.000159838
-0.00289247
-0.00558463
-0.00746313
-0.0079047
-0.00650767
-0.00330648
0.00186099
0.00476782
0.00675898
0.0087866
0.00934635
0.00867843
0.00735288
0.00579236
0.00416123
0.0023724
0.000325286
-0.00196004
-0.0040259
-0.0052558
-0.005132
-0.00353255
0.000489256
0.00183672
0.00218281
0.00371176
0.00437945
0.00438407
0.00421981
0.00415273
0.00414417
0.00389741
0.00306252
0.00149034
-0.000565384
-0.0025044
-0.00371667
-0.00392073
-0.00134401
-0.00178425
-0.00292826
-0.00196628
-0.00122916
-0.000581556
0.000373881
0.00174395
0.00330925
0.00458056
0.00499506
0.00420199
0.00227881
-0.000231267
-0.00266986
-0.00458731
-0.00358112
-0.0054408
-0.00758696
-0.00715135
-0.00640342
-0.00525186
-0.00340587
-0.000889563
0.00194379
0.00446766
0.00595927
0.00589559
0.00419337
0.00131483
-0.00204968
-0.00529827
-0.00578121
-0.00821125
-0.0107765
-0.0108208
-0.0101782
-0.00878575
-0.00644622
-0.00326163
0.000360632
0.00371863
0.00600198
0.00656552
0.00519726
0.0022575
-0.00156958
-0.00555524
-0.00724344
-0.00921418
-0.0117288
-0.0122101
-0.0118541
-0.0105924
-0.00827649
-0.0050088
-0.00118015
0.00253316
0.00527632
0.00635824
0.00546559
0.00284597
-0.000871085
-0.00490144
-0.00731116
-0.00802292
-0.0102098
-0.0110713
-0.0111899
-0.0104553
-0.00870077
-0.00595169
-0.00252815
0.00109347
0.00393339
0.00540482
0.00511846
0.00319684
0.000163816
-0.00324897
-0.00574275
-0.00491296
-0.00662918
-0.00774199
-0.0084417
-0.00853831
-0.00778272
-0.00605537
-0.00350141
-0.000560445
0.0020743
0.00376538
0.00412119
0.00316531
0.00126749
-0.00100067
-0.00288871
-0.000754437
-0.00185085
-0.00299393
-0.00422568
-0.00527353
-0.00576094
-0.00539326
-0.00412219
-0.00221466
-0.000175633
0.00146203
0.00234659
0.00242672
0.00190281
0.00111617
0.000444421
0.00337062
0.00311152
0.00225594
0.000699928
-0.00120434
-0.002947
-0.00405879
-0.00429566
-0.00372008
-0.00263184
-0.00139164
-0.00025143
0.000717865
0.00156872
0.00239982
0.00334347
0.00659547
0.00745125
0.00719262
0.0056138
0.00311601
0.000316103
-0.0021727
-0.00393623
-0.00484232
-0.00497206
-0.00447577
-0.00344505
-0.00190285
0.00011435
0.00250618
0.00517669
0.00850226
0.0106175
0.0111413
0.00982414
0.00708426
0.00359443
5.20258e-05
-0.00301743
-0.0053298
-0.00676862
-0.00725296
-0.00667947
-0.00495623
-0.00213189
0.00158026
0.00575924
0.00917488
0.0123924
0.0136803
0.0128105
0.0101908
0.00649242
0.00241874
-0.00148116
-0.00484777
-0.00743128
-0.00893062
-0.00905635
-0.00754979
-0.00440776
4.55913e-05
0.00536655
0.00974238
0.0140177
0.016191
0.0159136
0.0135471
0.00980475
0.00546234
0.00112332
-0.00283476
-0.00613698
-0.00849059
-0.00944333
-0.00857988
-0.00571215
-0.00102929
0.00492475
0.0147699
0.0188272
0.0212116
0.021125
0.0189152
0.0153021
0.0110954
0.00690192
0.00308289
-0.000149226
-0.00252772
-0.00366869
-0.00314047
-0.000702265
0.00353082
0.00933877
0.0136225
0.0165111
0.0184698
0.0184549
0.0168024
0.0141945
0.0112438
0.00830956
0.00551406
0.00290361
0.00066618
-0.000801284
-0.000962616
0.000541331
0.00366497
0.00867131
0.0116107
0.0131838
0.0148254
0.0149954
0.0140049
0.0124751
0.0108601
0.0093101
0.00773795
0.00599113
0.00408898
0.00237935
0.00143677
0.0017458
0.00338875
0.00734813
0.00786632
0.00789877
0.00907767
0.00934548
0.00903465
0.00867476
0.00854498
0.00859149
0.00849119
0.00786781
0.00655578
0.00477689
0.00310107
0.00214294
0.00209782
0.00471176
0.00267957
0.00131123
0.00192255
0.00232265
0.00268143
0.00345622
0.0047667
0.00636941
0.0077352
0.0082801
0.00764597
0.00591975
0.00365796
0.0014675
-0.000215507
0.000924769
-0.00306626
-0.00537292
-0.00520353
-0.00475935
-0.003861
-0.00216134
0.000309547
0.00317022
0.00575002
0.00730529
0.00731365
0.00572559
0.00302729
-9.83655e-05
-0.00308486
-0.00334448
-0.00812369
-0.010812
-0.0110234
-0.0106042
-0.00941311
-0.00718762
-0.00404189
-0.000416791
0.00296006
0.00524719
0.00581372
0.00448752
0.00166596
-0.00196246
-0.00569968
-0.0070861
-0.0112405
-0.0138309
-0.0143724
-0.0141491
-0.0130311
-0.0108153
-0.00760878
-0.00382471
-0.000154744
0.00253575
0.00356769
0.00266815
0.000122821
-0.00343305
-0.00723946
-0.0092915
-0.0116482
-0.0138348
-0.014661
-0.0148359
-0.0142035
-0.0125663
-0.00993492
-0.00660585
-0.0031606
-0.000400746
0.000993515
0.000681198
-0.00117756
-0.00406192
-0.00726111
-0.00938144
-0.00937212
-0.0109959
-0.0120187
-0.0127291
-0.0129212
-0.0123265
-0.0107988
-0.00844915
-0.00570051
-0.00320507
-0.00158972
-0.00123841
-0.00211034
-0.00384528
-0.00589236
-0.00744566
-0.0051783
-0.00611648
-0.00716319
-0.00840132
-0.00956646
-0.0102685
-0.010172
-0.00917198
-0.00748344
-0.00557709
-0.00397573
-0.00303751
-0.00282705
-0.00316202
-0.00372277
-0.0041572
-0.000191373
-0.00027375
-0.00108332
-0.00268355
-0.00474157
-0.00673868
-0.00815451
-0.00867254
-0.00828987
-0.00727152
-0.00598297
-0.00470827
-0.00355812
-0.00250642
-0.00147621
-0.000425862
0.00458894
0.00554758
0.00524266
0.00356151
0.000873206
-0.00219424
-0.00496937
-0.00695981
-0.00796894
-0.00805466
-0.00739291
-0.00613833
-0.00437779
-0.00217932
0.0003385
0.00295831
0.00850298
0.0105837
0.0109565
0.00945978
0.00648398
0.00272558
-0.00105163
-0.00424502
-0.00651882
-0.00775693
-0.00794079
-0.00705714
-0.00509468
-0.00214181
0.00156181
0.00558243
0.011349
0.014371
0.0154089
0.0142678
0.0113459
0.00736312
0.00310323
-0.000809098
-0.003982
-0.00619399
-0.00726312
-0.00699989
-0.00524711
-0.00202537
0.00238267
0.00741175
0.0138575
0.0177146
0.0195755
0.0190589
0.0165151
0.0126563
0.0082689
0.00397726
0.00020294
-0.0027983
-0.00475256
-0.00531997
-0.00417843
-0.00121263
0.00336521
0.00902066
0.0186493
0.0221915
0.0241743
0.0238567
0.0215188
0.0179126
0.0138245
0.0098641
0.00637592
0.00356514
0.00163697
0.000887937
0.00165673
0.00412177
0.00813678
0.0135288
0.0183721
0.0210011
0.0226296
0.0223067
0.0203742
0.017546
0.0144759
0.0115712
0.00897664
0.00672858
0.00494671
0.00392692
0.00410702
0.00577988
0.0088885
0.01365
0.0164113
0.0179278
0.0192463
0.0191187
0.0178733
0.0161473
0.0144169
0.0128629
0.0114059
0.00989238
0.00832096
0.0069703
0.00634963
0.00688831
0.00866121
0.0124278
0.0120739
0.0122335
0.0131037
0.0131005
0.0125566
0.0120193
0.0117821
0.0117961
0.0117394
0.0112399
0.0101315
0.00861791
0.00724169
0.00655101
0.00677342
0.0092458
0.00573719
0.00463609
0.00498383
0.00507476
0.00520317
0.0058328
0.00705377
0.00862527
0.0100023
0.0106013
0.0100764
0.00852802
0.00649775
0.00461621
0.00329302
0.0043445
-0.00155541
-0.00358259
-0.00367783
-0.00351355
-0.00281749
-0.00124528
0.00118781
0.00405068
0.00664547
0.00823416
0.0082903
0.00681211
0.00430108
0.00145143
-0.00116016
-0.00145005
-0.00832762
-0.0108158
-0.011258
-0.0110881
-0.0100614
-0.00792153
-0.00477685
-0.00111012
0.00230112
0.00461992
0.00520243
0.00393376
0.00124239
-0.00216354
-0.00557369
-0.00691961
-0.013075
-0.0155735
-0.0162828
-0.0162541
-0.0152645
-0.0130995
-0.00987112
-0.00602895
-0.00231802
0.00039772
0.0014283
0.000547585
-0.00192021
-0.00531746
-0.00887719
-0.0108148
-0.014784
-0.0169553
-0.0178723
-0.0181745
-0.0176395
-0.0160417
-0.013399
-0.0100274
-0.00655783
-0.00378251
-0.00240199
-0.00272046
-0.00453998
-0.00732068
-0.0103509
-0.0123043
-0.0132788
-0.01491
-0.0159604
-0.0167437
-0.0170157
-0.0164738
-0.0149718
-0.0126242
-0.0098704
-0.00737174
-0.00576677
-0.00542082
-0.00626853
-0.00793455
-0.00987034
-0.0112534
-0.0092033
-0.0101467
-0.0111981
-0.012489
-0.01373
-0.014522
-0.0144979
-0.0135376
-0.0118544
-0.00992882
-0.00830092
-0.00733492
-0.0070881
-0.00736994
-0.00786118
-0.00818494
-0.00366464
-0.00377278
-0.00462308
-0.00628408
-0.00844808
-0.0105688
-0.0120881
-0.012653
-0.0122476
-0.0111484
-0.00975418
-0.00838354
-0.00716281
-0.00606654
-0.00501249
-0.0039709
0.00224319
0.00310999
0.00269851
0.000899416
-0.00193479
-0.00515245
-0.00803513
-0.0100385
-0.0109542
-0.0108532
-0.00996916
-0.0085235
-0.00664554
-0.0044156
-0.00194229
0.000543823
0.00771396
0.00958955
0.00977102
0.00808743
0.00491167
0.000970993
-0.00291138
-0.00607328
-0.00815843
-0.00908072
-0.00890496
-0.00771733
-0.00558359
-0.00260969
0.000976008
0.00475855
0.0123039
0.015013
0.0157923
0.0143921
0.0111995
0.0069805
0.00259388
-0.00126333
-0.00417705
-0.00596189
-0.00654506
-0.00586452
-0.00386754
-0.000612043
0.00363442
0.00836912
0.0162813
0.0196594
0.0211688
0.0203874
0.017664
0.0137326
0.00940144
0.0053216
0.0018811
-0.000674838
-0.00215822
-0.00233794
-0.000982743
0.00197888
0.0063243
0.0116003
0.019917
0.0231156
0.0247459
0.0241763
0.0217078
0.0180684
0.0140555
0.0102907
0.00712806
0.00473949
0.00326267
0.00290231
0.00390452
0.00640187
0.0102473
0.0152392
0.0203411
0.0229467
0.0243534
0.02383
0.0217129
0.0187017
0.0154866
0.0125292
0.0100254
0.00802563
0.00660906
0.00599096
0.00649883
0.0083599
0.0115135
0.0160012
0.0184971
0.0202166
0.0213426
0.0210341
0.0196261
0.017739
0.0158672
0.0142306
0.0127911
0.0114192
0.0101025
0.00906613
0.00874514
0.00951317
0.0114557
0.0149511
0.0139212
0.0145026
0.0151679
0.0149856
0.0143001
0.0136318
0.0132736
0.0131981
0.0131113
0.0126674
0.0117104
0.0104284
0.00931713
0.00888428
0.00938837
0.0115834
0.00703579
0.00645054
0.00657972
0.00647139
0.00646677
0.00698772
0.00813986
0.00965754
0.0110104
0.0116312
0.0111953
0.00981355
0.0080079
0.00639299
0.00541596
0.00617924
-0.00103763
-0.00259214
-0.00295363
-0.00301946
-0.00245373
-0.000937266
0.00149403
0.00437656
0.00700638
0.0086391
0.0087674
0.00741429
0.00508486
0.00247949
0.000209293
-0.000371191
-0.00872591
-0.0108957
-0.011641
-0.0117248
-0.0108211
-0.00869751
-0.00548219
-0.0016916
0.00181742
0.00427991
0.00492299
0.00374921
0.00119181
-0.0020228
-0.0051591
-0.00677081
-0.0144196
-0.0167931
-0.0178023
-0.0180166
-0.0171422
-0.0149384
-0.0115603
-0.0075281
-0.00363147
-0.000767705
0.000352462
-0.000453734
-0.00285047
-0.00613169
-0.00952347
-0.0116714
-0.0169836
-0.019186
-0.0203548
-0.0208606
-0.0203996
-0.0187384
-0.0159231
-0.0123081
-0.00861078
-0.0056725
-0.00420425
-0.00449393
-0.00629124
-0.00903971
-0.0120137
-0.0141086
-0.0161082
-0.0178513
-0.0190807
-0.0200058
-0.0203174
-0.0197024
-0.0180231
-0.0154384
-0.0124569
-0.00978477
-0.00810463
-0.00775318
-0.00863821
-0.0103469
-0.0123176
-0.0137898
-0.0123183
-0.0133942
-0.0145633
-0.0159468
-0.0172234
-0.0179435
-0.017768
-0.0165966
-0.0146927
-0.012592
-0.0108757
-0.00991248
-0.00972756
-0.0101017
-0.0106908
-0.0110928
-0.00664981
-0.0069011
-0.00784686
-0.00959093
-0.0117901
-0.0138821
-0.0152898
-0.0156679
-0.0150351
-0.0137272
-0.0121967
-0.0107893
-0.00962265
-0.00864124
-0.00772905
-0.00680143
-0.000203168
0.000479904
-5.56535e-05
-0.00196006
-0.00486743
-0.00809821
-0.0109098
-0.0127419
-0.0133966
-0.0130196
-0.0119115
-0.0103485
-0.00847848
-0.00636068
-0.00406598
-0.00175898
0.00614473
0.00777275
0.00778211
0.00594845
0.00264761
-0.00136305
-0.00521784
-0.00822231
-0.010023
-0.010594
-0.0100863
-0.00867111
-0.00646466
-0.00357511
-0.00019369
0.00334986
0.0118024
0.0142244
0.0147946
0.0132029
0.00982815
0.005469
0.00104082
-0.00270636
-0.00534128
-0.00672703
-0.00688516
-0.00586425
-0.00369569
-0.000465678
0.00358299
0.008051
0.0166281
0.0196277
0.020824
0.0197935
0.0168962
0.0128955
0.00863543
0.00478698
0.00173766
-0.000339324
-0.0013508
-0.00117251
0.00034634
0.00325264
0.00734751
0.0122571
0.0186955
0.021752
0.0231369
0.0223686
0.0197518
0.016014
0.0119799
0.00830644
0.00536766
0.00331535
0.00222473
0.00221214
0.00344187
0.0060022
0.00976319
0.0144483
0.0195507
0.0222525
0.0235493
0.0229473
0.0207552
0.0176404
0.0143085
0.011276
0.00879693
0.00694917
0.00578994
0.00546896
0.0062213
0.00821925
0.0114065
0.015619
0.0179084
0.0198893
0.0209268
0.02056
0.0191039
0.0171308
0.0151466
0.0134164
0.0119562
0.010671
0.00954339
0.00875274
0.00865428
0.00957846
0.0116211
0.0148093
0.0134953
0.0144596
0.0150235
0.014785
0.0140722
0.013355
0.0129238
0.0127755
0.0126589
0.0122611
0.0114368
0.0103422
0.00942183
0.0091549
0.00980947
0.0116496
0.00674515
0.0065661
0.0065356
0.00633476
0.00630906
0.00682385
0.0079734
0.00948812
0.0108575
0.0115342
0.0112089
0.00998152
0.0083336
0.00688239
0.00607363
0.00642226
-0.00124343
-0.00248079
-0.00310072
-0.0033282
-0.00280073
-0.00124598
0.00126503
0.00426795
0.00701681
0.0087619
0.00902258
0.0078147
0.00562634
0.00315752
0.00103176
-1.88741e-05
-0.00894255
-0.0109636
-0.0120665
-0.0123854
-0.0115329
-0.00933463
-0.00592483
-0.0018959
0.00187015
0.00448992
0.00531936
0.00428806
0.00184476
-0.00127495
-0.00432702
-0.00643538
-0.0147927
-0.0172006
-0.0186217
-0.0191143
-0.0182971
-0.0159777
-0.0123221
-0.00792709
-0.00368412
-0.000552696
0.000758994
6.59073e-05
-0.00226055
-0.0055119
-0.00890521
-0.0115314
-0.017672
-0.0200411
-0.0216034
-0.0223679
-0.0219508
-0.0201201
-0.0169569
-0.0129256
-0.00882697
-0.00558284
-0.00393164
-0.0041462
-0.00595909
-0.00876333
-0.0118318
-0.0143441
-0.0172196
-0.0191786
-0.0207217
-0.021844
-0.0221603
-0.0213485
-0.0193112
-0.0162856
-0.0128885
-0.00992005
-0.00809097
-0.00773408
-0.00871049
-0.0105615
-0.0127048
-0.0145103
-0.0138556
-0.0151294
-0.0165102
-0.0180173
-0.0192618
-0.0197911
-0.0192775
-0.017694
-0.0154002
-0.0130219
-0.0111886
-0.0102662
-0.0102378
-0.0108203
-0.0116311
-0.0122879
-0.00850245
-0.00891364
-0.00999229
-0.0118142
-0.0139827
-0.0159076
-0.0170338
-0.0170508
-0.0160608
-0.0144869
-0.0128409
-0.0114791
-0.010482
-0.00973511
-0.00906511
-0.00834243
-0.00218515
-0.00164761
-0.00228653
-0.00425792
-0.00715772
-0.0102773
-0.0129005
-0.0144202
-0.0147463
-0.01409
-0.0128232
-0.0112543
-0.00951485
-0.00761195
-0.00555994
-0.00344242
0.00424061
0.00570656
0.00561311
0.00369691
0.000357489
-0.00362276
-0.00735118
-0.0101232
-0.0116246
-0.0118941
-0.0111594
-0.0096468
-0.00748589
-0.00475761
-0.00160136
0.0017435
0.0101491
0.0124218
0.0128662
0.0111766
0.0077248
0.00332961
-0.00105989
-0.0046609
-0.0070474
-0.008128
-0.00799886
-0.00678323
-0.00455885
-0.00141571
0.00244288
0.00670311
0.0151447
0.017958
0.0189491
0.0177331
0.0146814
0.0105892
0.00634896
0.00266784
-7.15937e-05
-0.00175252
-0.00237204
-0.0019013
-0.000255137
0.00260076
0.00650985
0.011137
0.0156563
0.0187044
0.019978
0.0191158
0.0163914
0.0125383
0.00841441
0.0047273
0.00188555
3.76419e-05
-0.000786955
-0.000544071
0.000861516
0.00348362
0.00720776
0.0116916
0.0165634
0.019328
0.0206138
0.0200427
0.0178953
0.0147806
0.0114092
0.00834129
0.00587982
0.00412758
0.00312643
0.00297495
0.00384408
0.00586526
0.00899025
0.0129439
0.015155
0.01725
0.0182898
0.0179864
0.0166054
0.0146583
0.0126487
0.0108813
0.00942422
0.00821449
0.00722634
0.00659339
0.00660305
0.00754243
0.00951796
0.0123998
0.011257
0.0123425
0.0128859
0.0127154
0.0121055
0.011461
0.0110612
0.0109221
0.0108353
0.0105169
0.00981875
0.00886415
0.00803003
0.00775792
0.00832798
0.00979635
0.00528059
0.00516962
0.00504453
0.00486635
0.00494462
0.00558216
0.00684061
0.00845773
0.00993107
0.0107301
0.0105452
0.00944907
0.00787296
0.00639706
0.00547852
0.00537827
-0.00178821
-0.00306626
-0.00390313
-0.0042006
-0.00360464
-0.00188832
0.000827465
0.00404844
0.00701303
0.00895783
0.00939991
0.00833265
0.00621056
0.0037088
0.00144764
-0.000125633
-0.00859891
-0.0107932
-0.0122448
-0.0127399
-0.0118947
-0.00948383
-0.00577476
-0.00140172
0.002708
0.00560924
0.00666663
0.0057857
0.00339982
0.000234114
-0.00298043
-0.00566107
-0.0137895
-0.0164808
-0.0183384
-0.0190796
-0.018277
-0.0157437
-0.0117147
-0.00686513
-0.00218239
0.0013057
0.00286273
0.00230049
-2.42638e-06
-0.00333181
-0.00691915
-0.0101253
-0.0163858
-0.0190839
-0.0210907
-0.0221162
-0.0217114
-0.0196414
-0.0160434
-0.011488
-0.00689293
-0.0032716
-0.00139999
-0.0015416
-0.00340225
-0.00634255
-0.00964014
-0.0126897
-0.0160695
-0.0183233
-0.0202369
-0.0215702
-0.0218657
-0.0207881
-0.0182903
-0.0147255
-0.0108322
-0.00751572
-0.00552905
-0.00518808
-0.0063031
-0.00836175
-0.0107649
-0.0130206
-0.0131915
-0.014668
-0.0162967
-0.0179312
-0.0191125
-0.0193725
-0.0184217
-0.0163336
-0.0135898
-0.0109206
-0.00900297
-0.00817995
-0.00837174
-0.00922152
-0.0103043
-0.0113005
-0.00853626
-0.0090464
-0.0102538
-0.0121281
-0.0142142
-0.0159025
-0.0166546
-0.0162438
-0.0148745
-0.0130664
-0.0113812
-0.0101603
-0.00941917
-0.00896068
-0.00854981
-0.00806585
-0.00298355
-0.00247221
-0.00316556
-0.00515243
-0.00798807
-0.0109428
-0.0132677
-0.0144653
-0.0144847
-0.0136285
-0.012322
-0.0108733
-0.00936188
-0.00772074
-0.00589412
-0.00394517
0.00272364
0.00419605
0.00406799
0.00214037
-0.00116362
-0.00504513
-0.00859939
-0.0111387
-0.012397
-0.0124803
-0.0116703
-0.0102102
-0.00820232
-0.00567371
-0.00270491
0.000509702
0.00803276
0.0102973
0.0107245
0.00902931
0.00559239
0.00124034
-0.00306711
-0.00652127
-0.00872666
-0.00963339
-0.0093867
-0.00814295
-0.00598263
-0.00297289
0.000706049
0.00488912
0.012517
0.015321
0.0162477
0.0149542
0.0118054
0.00761591
0.00332867
-0.000302793
-0.0028862
-0.00433632
-0.00471357
-0.00405736
-0.00232877
0.000500815
0.00431008
0.00877484
0.0116254
0.0146831
0.0159832
0.0151578
0.0124468
0.0085518
0.00435874
0.000618421
-0.00222087
-0.00400296
-0.00472152
-0.00437491
-0.00290959
-0.000292887
0.00336681
0.00772145
0.0121442
0.0148609
0.0161988
0.0157695
0.0137611
0.0107504
0.00743689
0.00440442
0.00198627
0.000299489
-0.000630323
-0.000740677
0.000100869
0.00200705
0.00494127
0.00866552
0.0109009
0.0129014
0.0140146
0.0138904
0.0127023
0.0109048
0.00898396
0.00726721
0.00586305
0.00472927
0.00382804
0.00324963
0.00322926
0.00402295
0.00574651
0.00834424
0.00774435
0.00867087
0.00927189
0.00928509
0.00890437
0.00846498
0.00821544
0.00818711
0.00819976
0.0079896
0.00739607
0.00649935
0.0056211
0.00516469
0.00541924
0.00653943
0.00303546
0.00268344
0.00254743
0.00251146
0.0028161
0.00369815
0.00517844
0.0069884
0.00863623
0.0095975
0.00954782
0.00852006
0.00689606
0.00521433
0.00393689
0.00342374
-0.00241922
-0.00402903
-0.00498713
-0.00523264
-0.00445694
-0.00248769
0.000512172
0.00401503
0.00724386
0.00941941
0.0100394
0.00906411
0.00690464
0.00420451
0.00157525
-0.000465621
-0.00755353
-0.0101565
-0.0118525
-0.0124076
-0.0114414
-0.00879888
-0.00475559
-1.2073e-05
0.00444905
0.00764651
0.00891997
0.00814706
0.00573598
0.00239187
-0.00117284
-0.00435509
-0.0113269
-0.0144601
-0.01666
-0.0175552
-0.0167058
-0.0139368
-0.00952832
-0.00423372
0.000873809
0.00470095
0.00647946
0.00601165
0.00367088
0.000172765
-0.00373631
-0.00744767
-0.0130342
-0.0161474
-0.0185219
-0.0197423
-0.0193183
-0.0170052
-0.0129893
-0.00793891
-0.00288325
0.00107707
0.00313193
0.00302642
0.00107785
-0.00204795
-0.00564049
-0.00916403
-0.0124973
-0.0150703
-0.0173027
-0.0188054
-0.019065
-0.0177266
-0.0147916
-0.0107185
-0.00637779
-0.00276695
-0.00067584
-0.000393601
-0.00167657
-0.00396085
-0.00663569
-0.00929938
-0.0100514
-0.0117079
-0.0135498
-0.015282
-0.0163874
-0.0163756
-0.0149988
-0.0124396
-0.00930243
-0.00641787
-0.00449106
-0.00382607
-0.00426757
-0.00538244
-0.00671202
-0.00802577
-0.00634361
-0.00689312
-0.00819521
-0.010088
-0.0120669
-0.0135031
-0.0138859
-0.0130809
-0.0114024
-0.0094619
-0.007843
-0.00684266
-0.00639827
-0.00621848
-0.00601805
-0.00575137
-0.0020622
-0.0014886
-0.00218741
-0.00414004
-0.00686823
-0.00962968
-0.011673
-0.0125809
-0.0123816
-0.0114596
-0.0102419
-0.00902128
-0.00779275
-0.006404
-0.00473942
-0.00292529
0.0022363
0.00381387
0.00372219
0.0018482
-0.00137106
-0.00511863
-0.00850053
-0.0108523
-0.0119657
-0.0120052
-0.0112747
-0.00999716
-0.00821505
-0.00588184
-0.00302539
8.75728e-05
0.00616566
0.00852794
0.00900124
0.00736603
0.00400004
-0.000271332
-0.00447225
-0.00781791
-0.00993048
-0.0107995
-0.0105936
-0.00946418
-0.0074577
-0.00458857
-0.000971167
0.00304281
0.00949679
0.0123864
0.0133609
0.0121105
0.00896483
0.00472869
0.000375291
-0.00330459
-0.00588765
-0.00730027
-0.00762486
-0.00692933
-0.00519333
-0.00238575
0.00139309
0.00576813
0.00724958
0.0102446
0.0116737
0.0110209
0.00847057
0.00468848
0.000546615
-0.00319572
-0.00606012
-0.00788774
-0.00867545
-0.00841959
-0.00706069
-0.00457254
-0.0010674
0.00321062
0.00695677
0.00952577
0.0109816
0.0107544
0.00897386
0.00616006
0.00299143
5.22841e-05
-0.00230881
-0.0039667
-0.0049138
-0.00510181
-0.00441059
-0.00272999
-8.63426e-05
0.00347706
0.00572514
0.00751209
0.00875977
0.00888836
0.00799322
0.00646103
0.00473826
0.00315383
0.00183529
0.000748675
-0.000146142
-0.000786542
-0.000966573
-0.000445371
0.00091469
0.00327098
0.00339347
0.00404268
0.00476356
0.00504365
0.00499138
0.00486881
0.00487612
0.00503831
0.00518491
0.00506517
0.00450754
0.00356003
0.00250878
0.00173616
0.00155345
0.00236854
0.000251968
-0.000432878
-0.0004929
-0.000293705
0.000326802
0.00153741
0.00330979
0.00535745
0.00719392
0.00829242
0.00831315
0.00725528
0.00546401
0.00345434
0.00170518
0.000847102
-0.00311687
-0.00510217
-0.00605467
-0.00613675
-0.0051032
-0.00283402
0.000463738
0.00423602
0.0076951
0.0100488
0.0107737
0.00979772
0.00749897
0.00449808
0.00141507
-0.000985285
-0.00600152
-0.009004
-0.0107767
-0.0112629
-0.0101201
-0.00723039
-0.00290006
0.00213423
0.00685796
0.0102625
0.0116639
0.0109131
0.00839724
0.00480165
0.000836885
-0.00269507
-0.00776684
-0.0112974
-0.0136446
-0.014563
-0.0136178
-0.0106455
-0.00595548
-0.000348608
0.00504713
0.00909356
0.0109976
0.0105495
0.0081198
0.00441428
0.000171032
-0.00386305
-0.00806451
-0.0115333
-0.0140988
-0.0153963
-0.0149266
-0.0124316
-0.0081242
-0.00273702
0.00262203
0.00679075
0.00893569
0.00880902
0.00675008
0.00343605
-0.000432642
-0.00424272
-0.00693665
-0.00978896
-0.0122047
-0.0137928
-0.014014
-0.0124877
-0.00924198
-0.00481403
-0.000170615
0.00360783
0.00572104
0.00590577
0.00445528
0.00197268
-0.000934458
-0.00383996
-0.0047681
-0.00659786
-0.00857078
-0.0103537
-0.0113972
-0.0111817
-0.00948697
-0.00657963
-0.00317311
-0.000177832
0.00168603
0.00216368
0.00148696
0.000149078
-0.00137804
-0.00288026
-0.00209527
-0.00270658
-0.00406469
-0.00595404
-0.00784196
-0.00907332
-0.00916212
-0.00805355
-0.00616343
-0.00417694
-0.00269965
-0.00196015
-0.00180185
-0.00185462
-0.00181473
-0.00167398
0.000600078
0.00119907
0.000514582
-0.00138718
-0.00401201
-0.00659505
-0.00840951
-0.00909078
-0.00875157
-0.00782983
-0.00680962
-0.00587405
-0.00493712
-0.00376636
-0.00222173
-0.000469955
0.0029981
0.00464341
0.00461138
0.00281498
-0.000310079
-0.00393588
-0.00716325
-0.00937518
-0.0104177
-0.0105042
-0.00995505
-0.00893487
-0.00740567
-0.00525354
-0.00247719
0.000614128
0.00495206
0.0073797
0.00792999
0.00638579
0.00310571
-0.00108218
-0.00519851
-0.00847606
-0.0105678
-0.0114951
-0.0114308
-0.0104979
-0.00868795
-0.0059606
-0.00240892
0.00158946
0.00655635
0.00947628
0.0105828
0.00948149
0.00645154
0.00227247
-0.00208733
-0.00582311
-0.0084991
-0.0100274
-0.0104745
-0.00989909
-0.00826764
-0.0055331
-0.00179715
0.00258818
0.00284158
0.0057406
0.00735709
0.00697677
0.00473256
0.00124998
-0.00265435
-0.00626176
-0.00912232
-0.0110786
-0.0121037
-0.0121497
-0.0111075
-0.00890736
-0.00564508
-0.00140359
0.00147702
0.00392549
0.00556699
0.00561352
0.0041248
0.00157942
-0.00139105
-0.00422557
-0.00656844
-0.00829722
-0.00938085
-0.00976435
-0.00931448
-0.00790452
-0.0055363
-0.00207212
8.75921e-05
0.00172773
0.00316771
0.00360994
0.0030757
0.00188414
0.000423802
-0.00100326
-0.00226899
-0.00338985
-0.00439727
-0.0052247
-0.00566379
-0.00547064
-0.00448277
-0.00229955
-0.00144815
-0.00096001
-5.49791e-05
0.000545053
0.000870812
0.00111223
0.00141246
0.00177075
0.00201899
0.00191252
0.00128046
0.000165381
-0.00115245
-0.00228671
-0.00289127
-0.00232038
-0.00292901
-0.00377255
-0.00366263
-0.00316673
-0.00219973
-0.000657934
0.00138517
0.00362784
0.00558096
0.0067249
0.00671026
0.00551925
0.00348316
0.00111994
-0.00105173
-0.00217443
-0.00402015
-0.00615235
-0.00695328
-0.00678191
-0.0054652
-0.00293541
0.000572527
0.00449867
0.008062
0.0104695
0.0111852
0.0101132
0.0076129
0.0043043
0.000841597
-0.00179553
-0.00438988
-0.00753192
-0.00918115
-0.00947268
-0.00812492
-0.00505549
-0.000583765
0.00455712
0.0093578
0.0128075
0.0142088
0.013392
0.0107238
0.00688625
0.00261143
-0.0011007
-0.00383784
-0.00751534
-0.00978343
-0.0105819
-0.00950179
-0.00641097
-0.0016226
0.00406734
0.00952598
0.0136071
0.0155062
0.0150016
0.0124551
0.00856857
0.00408747
-6.90991e-05
-0.0024096
-0.0060448
-0.00858536
-0.00982156
-0.00928143
-0.00670174
-0.00229412
0.00319573
0.00863038
0.0128322
0.0149545
0.014755
0.0125844
0.00912401
0.00506912
0.00118217
-0.000405269
-0.00345437
-0.00590207
-0.0074825
-0.00766752
-0.00605119
-0.00266266
0.00192085
0.00668031
0.0104939
0.0125542
0.0126231
0.0110329
0.00840849
0.0053417
0.00238917
0.00167358
-0.000363335
-0.00240209
-0.00420985
-0.00522704
-0.00489786
-0.00300936
0.000117783
0.00368196
0.00671127
0.00847612
0.0087782
0.00791376
0.00641894
0.00475066
0.00321648
0.00337076
0.00256484
0.0011371
-0.00078181
-0.00263812
-0.00373482
-0.0035974
-0.00223925
-0.000179644
0.00181931
0.00315174
0.00365522
0.00358133
0.00335761
0.00327558
0.00340756
0.00439146
0.00482963
0.00410498
0.00219527
-0.000385113
-0.00283117
-0.00442922
-0.00488222
-0.00440486
-0.00351578
-0.00267651
-0.00201444
-0.00133255
-0.000331604
0.00112162
0.0028977
0.00467006
0.00619367
0.00617452
0.00440919
0.0013426
-0.00216624
-0.00522752
-0.00727993
-0.00824921
-0.00840884
-0.00806893
-0.00732541
-0.00604131
-0.00404009
-0.00133279
0.00183254
0.00433871
0.00666783
0.00729615
0.00583042
0.00262528
-0.00147419
-0.00549757
-0.00870982
-0.010808
-0.0118477
-0.0119942
-0.0113066
-0.00969943
-0.00708948
-0.00358625
0.000524216
0.00379573
0.00664243
0.00791262
0.00701328
0.00419956
0.000221691
-0.00399843
-0.00769822
-0.0104675
-0.0122131
-0.0129573
-0.0126819
-0.0112782
-0.00868147
-0.00502636
-0.000544008
-0.00116324
0.00174738
0.00357635
0.00344769
0.00153233
-0.00152172
-0.004969
-0.00822927
-0.0110162
-0.0132227
-0.0147446
-0.0153897
-0.0148929
-0.0130834
-0.0100293
-0.00567311
-0.00361322
-0.000942082
0.00106975
0.00144046
0.000177482
-0.00222323
-0.00512646
-0.00796303
-0.010392
-0.0123231
-0.013685
-0.0143985
-0.0142827
-0.0131565
-0.0109579
-0.00739749
-0.00525611
-0.00324939
-0.00129721
-0.000398351
-0.000642758
-0.00173785
-0.00324894
-0.00479927
-0.00620599
-0.00747485
-0.00866392
-0.00974203
-0.0105053
-0.0106599
-0.0099395
-0.00778662
-0.0061209
-0.00516723
-0.0036461
-0.00248169
-0.00181219
-0.00151092
-0.00137297
-0.00126722
-0.00124084
-0.00149371
-0.00223479
-0.00350889
-0.0050954
-0.00658777
-0.00752223
-0.00707603
-0.00610236
-0.00643614
-0.00567118
-0.00457059
-0.0032485
-0.00168661
0.000107405
0.00199337
0.00364479
0.00461759
0.00452612
0.00324313
0.00100411
-0.00167458
-0.00415737
-0.00542872
-0.00510058
-0.00674017
-0.00692097
-0.00618759
-0.00455923
-0.00204904
0.00117173
0.00470399
0.00793006
0.010143
0.0107804
0.00964389
0.00699492
0.00344027
-0.000268592
-0.00301006
-0.00312815
-0.00585989
-0.00698876
-0.00682551
-0.00524954
-0.00223114
0.00196924
0.00675232
0.0112402
0.0144929
0.0157985
0.0149133
0.0121317
0.00812158
0.00368396
-5.33846e-05
-0.000380914
-0.00379229
-0.00568053
-0.00614251
-0.00492677
-0.00188702
0.00270658
0.00813697
0.0133527
0.0172518
0.0190312
0.0184367
0.0157944
0.0117964
0.0072198
0.00310878
0.002722
-0.000830448
-0.00315899
-0.00419893
-0.00354154
-0.000935303
0.00341682
0.00878923
0.0140707
0.0181017
0.020071
0.0197514
0.0174923
0.0139628
0.0098535
0.00602784
0.00571283
0.00248582
7.56675e-05
-0.00138414
-0.00142201
0.000355577
0.00386941
0.00848764
0.0131643
0.0168049
0.0186612
0.0185703
0.0168915
0.0142221
0.0111069
0.00819585
0.00783227
0.00542781
0.00332112
0.00159764
0.000807893
0.00146275
0.00366499
0.00696217
0.0104807
0.0132905
0.0147878
0.014873
0.01391
0.0123818
0.0106443
0.00912224
0.00874047
0.00743266
0.00586948
0.00403561
0.00249647
0.00188329
0.00249179
0.00411113
0.0061221
0.0078221
0.00878269
0.00901077
0.00882143
0.00857028
0.00841262
0.00854921
0.00827038
0.00816612
0.00729223
0.00548164
0.00327816
0.00141127
0.000376845
0.000229567
0.000631892
0.00113795
0.00150288
0.00180547
0.00233365
0.00331087
0.00470847
0.00653354
0.00657603
0.00761726
0.00748658
0.00582999
0.00313931
0.000208951
-0.00228947
-0.00404791
-0.00512707
-0.00573046
-0.00594319
-0.0056326
-0.00454251
-0.00256081
0.000143609
0.0034466
0.00405288
0.00604348
0.00664034
0.00528824
0.00239296
-0.00123833
-0.00481281
-0.00781402
-0.0100632
-0.0115613
-0.0122731
-0.0120385
-0.0106429
-0.00803975
-0.00447498
-0.000120442
0.00136577
0.00403122
0.00537308
0.0046552
0.00218668
-0.0012884
-0.00499117
-0.00837265
-0.0111869
-0.0133476
-0.0147247
-0.0150652
-0.0140838
-0.0116735
-0.00804548
-0.00332514
)
;

boundaryField
{
    patch0_half0
    {
        type            cyclic;
    }
    patch0_half1
    {
        type            cyclic;
    }
    patch1_half0
    {
        type            cyclic;
    }
    patch1_half1
    {
        type            cyclic;
    }
    patch2_half0
    {
        type            cyclic;
    }
    patch2_half1
    {
        type            cyclic;
    }
}


// ************************************************************************* //
