/*--------------------------------*- C++ -*----------------------------------*\
| =========                 |                                                 |
| \\      /  F ield         | OpenFOAM: The Open Source CFD Toolbox           |
|  \\    /   O peration     | Version:  3.0.0                                 |
|   \\  /    A nd           | Web:      www.OpenFOAM.org                      |
|    \\/     M anipulation  |                                                 |
\*---------------------------------------------------------------------------*/
FoamFile
{
    version     2.0;
    format      ascii;
    class       volScalarField;
    location    "7.75";
    object      p;
}
// * * * * * * * * * * * * * * * * * * * * * * * * * * * * * * * * * * * * * //

dimensions      [0 2 -2 0 0 0 0];

internalField   nonuniform List<scalar> 
4096
(
-0.014968
-0.0380091
-0.0421925
-0.0410968
-0.0359637
-0.0286805
-0.022525
-0.0189912
-0.016022
-0.0107728
-0.00314113
0.00433757
0.00841831
0.00622086
-0.00245656
-0.00454778
-0.0161615
-0.0414899
-0.0455645
-0.044227
-0.0375611
-0.0267547
-0.0155861
-0.00770174
-0.00323489
0.000833066
0.00624633
0.0112639
0.0129772
0.00863279
-0.00157633
-0.00173777
0.00343077
-0.0233006
-0.0274162
-0.0272168
-0.0223424
-0.0131402
-0.00238987
0.00619986
0.0111404
0.0144487
0.0185517
0.022702
0.0241692
0.0202179
0.0111289
0.0151574
0.0213353
-0.00367148
-0.00660493
-0.00686102
-0.00395452
0.00240498
0.0103999
0.0176269
0.022335
0.0250908
0.0282065
0.0317541
0.0331614
0.0298266
0.0222592
0.0298491
0.0329078
0.0132554
0.0129115
0.0135991
0.0156511
0.0192576
0.0237309
0.027826
0.0306139
0.0319683
0.0334363
0.0356072
0.0365058
0.0336776
0.027821
0.0374871
0.0354124
0.0240221
0.027661
0.0309404
0.0337074
0.0362066
0.0380372
0.0386523
0.0383815
0.0369303
0.0353709
0.0347222
0.0338356
0.0307287
0.0262428
0.0359205
0.0285483
0.0265283
0.0345088
0.0415253
0.0467167
0.0498778
0.0507619
0.0494929
0.0461509
0.0414499
0.0360477
0.0312481
0.02707
0.0224106
0.0183259
0.0259347
0.0159545
0.0213916
0.0326554
0.0430846
0.0511426
0.0560341
0.0573904
0.0554424
0.0507356
0.0440395
0.0359155
0.0274715
0.0196581
0.0126111
0.00767668
0.0120461
0.00363568
0.0117419
0.0238595
0.0357831
0.0455963
0.0519345
0.054249
0.0527345
0.0481051
0.0413803
0.0332728
0.0241742
0.0147468
0.00583575
-0.00042403
0.000675032
-0.00396265
0.00126779
0.0111638
0.0219448
0.0314823
0.0380894
0.0410119
0.040394
0.0370427
0.0322109
0.0270307
0.0209395
0.0135618
0.00498266
-0.00250338
-0.00401267
-0.00726927
-0.00826603
-0.00290405
0.00465117
0.0121731
0.017861
0.0208508
0.0213558
0.0202845
0.0188833
0.0184148
0.0175374
0.0147989
0.00867469
0.000660956
-0.00345031
-0.0104651
-0.0174112
-0.0171242
-0.0133935
-0.00847327
-0.00421774
-0.00141734
0.000369964
0.00213045
0.00491383
0.00923985
0.0136622
0.0155121
0.0122101
0.00416708
-0.00305099
-0.0164279
-0.0271834
-0.0308096
-0.0300696
-0.0271729
-0.0240333
-0.0213317
-0.018338
-0.0139078
-0.0074935
0.000560938
0.00841534
0.0129413
0.0113274
0.00334117
-0.0067217
-0.0249158
-0.0378141
-0.0434174
-0.0440621
-0.0418738
-0.0388626
-0.0358019
-0.0319551
-0.0258212
-0.0173129
-0.0074102
0.00170731
0.00686093
0.00550646
-0.00262472
-0.0141605
-0.032353
-0.0469014
-0.0528979
-0.0536254
-0.0506914
-0.0465838
-0.0424492
-0.0378968
-0.0314844
-0.0227636
-0.0129381
-0.0044428
-2.0561e-05
-0.0018294
-0.0102154
-0.0211672
-0.0205905
-0.037526
-0.0434598
-0.0443168
-0.0417335
-0.0377139
-0.0342888
-0.0314461
-0.0272025
-0.020277
-0.0116374
-0.00369862
0.000872442
-0.000160829
-0.00714419
-0.0135647
0.00144457
-0.0270826
-0.0309795
-0.0309701
-0.0279704
-0.022704
-0.0166399
-0.0103003
-0.00319768
0.00499443
0.0134618
0.0203607
0.0233766
0.0199616
0.0103137
0.0134685
0.00707664
-0.0230985
-0.0268508
-0.0275376
-0.0249675
-0.0189262
-0.0108039
-0.00199868
0.00662177
0.014733
0.0218716
0.0268953
0.0282149
0.0236649
0.0139137
0.0211155
0.023723
-0.00623992
-0.00961554
-0.0109633
-0.00971268
-0.00509609
0.00184765
0.00986746
0.0178451
0.0251474
0.0314453
0.0358611
0.0370139
0.0328878
0.0244098
0.0352442
0.0348539
0.00870046
0.00731812
0.00677426
0.00750202
0.0109117
0.0157546
0.0213782
0.0271232
0.0324046
0.0370012
0.0402524
0.0409039
0.0371269
0.030085
0.0429929
0.0368064
0.0178781
0.0196966
0.0214127
0.0231992
0.0260496
0.0290301
0.0317899
0.0341905
0.0361223
0.037612
0.038498
0.0377689
0.0339129
0.0282103
0.0410389
0.0287857
0.0192402
0.0248098
0.0297278
0.0337778
0.037222
0.0394173
0.0400872
0.0392933
0.0373645
0.0346169
0.0316801
0.0283006
0.0235366
0.0186886
0.0292599
0.0130525
0.0127723
0.021766
0.0299102
0.0365664
0.0414607
0.0440229
0.043864
0.0410886
0.0362336
0.0296225
0.0222727
0.0152558
0.00858579
0.00375021
0.0106398
-0.00470291
0.00136637
0.012329
0.0228199
0.0314809
0.0376581
0.0407718
0.0405296
0.0370634
0.0309375
0.0226263
0.0126564
0.00271671
-0.00607149
-0.0117039
-0.00853912
-0.017819
-0.0106344
0.000459863
0.0114292
0.0206731
0.0271584
0.0302708
0.0299144
0.026311
0.0201804
0.0125981
0.00379073
-0.00578391
-0.0150526
-0.0217146
-0.0211571
-0.0229885
-0.0198617
-0.01091
-0.00119967
0.00721305
0.0130056
0.0154849
0.0146983
0.0111709
0.00601255
0.000823291
-0.00346682
-0.00868374
-0.0156776
-0.0228241
-0.023836
-0.0228195
-0.0258996
-0.0206369
-0.0133317
-0.00650105
-0.00184843
-0.000167729
-0.00116565
-0.00392033
-0.0069933
-0.00860182
-0.00730578
-0.0066314
-0.00990609
-0.0169664
-0.0200122
-0.0226116
-0.0304499
-0.0291939
-0.0244444
-0.0191212
-0.0153751
-0.0140709
-0.0145943
-0.0156027
-0.0155288
-0.0128943
-0.00732628
-0.00250729
-0.00306227
-0.0100057
-0.0163388
-0.0246627
-0.0350108
-0.0368931
-0.0341203
-0.0297881
-0.0263755
-0.0247697
-0.0240955
-0.0227479
-0.0193805
-0.0133402
-0.00550434
0.000532718
0.000594455
-0.00655401
-0.0161041
-0.0273324
-0.0397804
-0.0433639
-0.0417937
-0.0379102
-0.03419
-0.0315911
-0.0292455
-0.0255839
-0.0197222
-0.0118899
-0.00373386
0.00159527
0.000811587
-0.00692529
-0.0177833
-0.0275092
-0.0423854
-0.0467201
-0.0459655
-0.0423292
-0.0379049
-0.0338054
-0.0295527
-0.0240194
-0.016774
-0.00856929
-0.00127243
0.00261016
0.000620836
-0.00767996
-0.0167318
-0.0118585
-0.0319626
-0.0374912
-0.038328
-0.0360543
-0.0319931
-0.0273579
-0.0221904
-0.0158147
-0.00803189
0.000300112
0.00746283
0.0112195
0.0092369
0.00127042
-0.00279305
0.0160733
-0.0120129
-0.013286
-0.0111351
-0.00688026
-0.00144327
0.00394478
0.00914151
0.0149242
0.0218705
0.0293923
0.0356376
0.0380942
0.0340874
0.0240738
0.0293975
0.0286196
-0.00144167
-0.00365148
-0.00364694
-0.00135256
0.00353482
0.00979549
0.0164116
0.022889
0.0291928
0.03526
0.0401949
0.0422531
0.0389189
0.0307927
0.0419449
0.0415854
0.0125873
0.0104758
0.00949195
0.0103122
0.0136812
0.0188605
0.0247905
0.0305316
0.0357736
0.0407399
0.0450031
0.0470864
0.0445636
0.0381883
0.05258
0.0459146
0.0218596
0.0216559
0.0214812
0.0222139
0.0243454
0.0278081
0.0316916
0.0352938
0.0382072
0.0408347
0.0433011
0.0445175
0.0423564
0.0376267
0.0532052
0.0396348
0.0236865
0.0266205
0.0287593
0.0305034
0.0326192
0.0346712
0.036119
0.0367366
0.0363717
0.0354283
0.0347088
0.0338863
0.0313408
0.0278962
0.0424284
0.0233789
0.0171457
0.0237007
0.0290549
0.0330574
0.0360152
0.0374559
0.037038
0.0348514
0.0311759
0.026212
0.0212045
0.0170685
0.0131458
0.0102882
0.0217962
0.000825402
0.00353105
0.0132497
0.0217579
0.0283127
0.0326642
0.0343046
0.0329207
0.0288086
0.0226928
0.0147211
0.00565819
-0.00236886
-0.0085346
-0.011724
-0.00417114
-0.0212698
-0.0132369
-0.00164223
0.00901528
0.017434
0.0229132
0.0249173
0.0229995
0.0177914
0.0101452
0.00104941
-0.00950647
-0.0198595
-0.0280359
-0.0321338
-0.0280537
-0.0358483
-0.028154
-0.0164275
-0.00521386
0.00371912
0.00933364
0.0109283
0.00871936
0.00297193
-0.00551507
-0.0144533
-0.0231499
-0.0318237
-0.0395584
-0.0446507
-0.0422475
-0.0402473
-0.037812
-0.0277821
-0.0174425
-0.00910398
-0.00409005
-0.0031619
-0.00619502
-0.012611
-0.0206417
-0.0281931
-0.0329317
-0.0363063
-0.0406419
-0.0458242
-0.0440299
-0.0383915
-0.0421618
-0.0350943
-0.0263641
-0.0189745
-0.0147261
-0.0144705
-0.017821
-0.0236779
-0.0303013
-0.0350617
-0.0353024
-0.0329263
-0.0332649
-0.0382629
-0.0382053
-0.0359475
-0.0432789
-0.0394678
-0.0323191
-0.0255299
-0.0215591
-0.0213379
-0.0241145
-0.0283156
-0.0320469
-0.0330315
-0.0297458
-0.0241669
-0.0226025
-0.0278741
-0.0317452
-0.0341493
-0.0427211
-0.0415147
-0.0356057
-0.0290232
-0.0247627
-0.0238061
-0.0251061
-0.0267768
-0.0270394
-0.0245331
-0.0190468
-0.013632
-0.0128027
-0.0189926
-0.0269769
-0.0303082
-0.0405037
-0.0409215
-0.0360734
-0.0297116
-0.0248817
-0.0226565
-0.0219662
-0.0209536
-0.0182553
-0.0134998
-0.00769366
-0.00355539
-0.00446466
-0.0119056
-0.0213358
-0.0213719
-0.0349209
-0.0364005
-0.0329
-0.0272954
-0.0220777
-0.018432
-0.0156724
-0.012386
-0.00770748
-0.00190799
0.00357615
0.00640312
0.00406559
-0.00403316
-0.0110661
-0.0014557
-0.021103
-0.0239564
-0.0225508
-0.0187937
-0.014196
-0.00985637
-0.0054974
-0.000358584
0.00604873
0.0131877
0.0194315
0.0224333
0.019728
0.0112586
0.00930583
0.0289227
0.00555717
0.00515666
0.00776763
0.0116936
0.015867
0.0197351
0.0233565
0.0281788
0.0347278
0.0421438
0.0484384
0.0510852
0.0476282
0.038604
0.0423158
0.0445191
0.018928
0.0163619
0.0155322
0.0165412
0.0194692
0.0233895
0.0276766
0.0324756
0.0378507
0.0437624
0.0493229
0.052769
0.0516539
0.0462821
0.0567421
0.0530599
0.0296912
0.0277936
0.0261645
0.0255448
0.0266884
0.029056
0.0320614
0.035412
0.0392087
0.0437584
0.0485792
0.0521401
0.0520832
0.0488608
0.0627306
0.050413
0.0325849
0.033121
0.0327921
0.0323559
0.0326788
0.0334777
0.034318
0.0350477
0.0359085
0.0375242
0.0400519
0.0424374
0.0426212
0.0410618
0.0561463
0.0366547
0.0266473
0.030568
0.0329238
0.0340812
0.0346945
0.0344624
0.0331233
0.030833
0.028092
0.0256977
0.0245174
0.0244265
0.0239328
0.0234577
0.0376345
0.0137739
0.0124074
0.0198653
0.0255274
0.029168
0.0309391
0.0304566
0.0275674
0.0226958
0.016709
0.0103795
0.00475319
0.00105878
-0.00113335
-0.00135014
0.0101275
-0.0134621
-0.00751147
0.00280187
0.0114664
0.0176321
0.020899
0.0207641
0.0171065
0.0104934
0.00213994
-0.0068257
-0.0160097
-0.023518
-0.0281
-0.0289207
-0.0208151
-0.0377231
-0.0282702
-0.0163124
-0.0056985
0.00219435
0.00655047
0.00675831
0.00268145
-0.00498783
-0.014882
-0.0251863
-0.0353491
-0.0445973
-0.0509187
-0.0529637
-0.0472994
-0.052148
-0.0445539
-0.0323662
-0.0211407
-0.0127475
-0.00824317
-0.0083187
-0.0128403
-0.0211412
-0.0319074
-0.0427632
-0.0516434
-0.0588131
-0.0641119
-0.066846
-0.0617851
-0.0550515
-0.0533585
-0.042186
-0.0313543
-0.0233073
-0.0192509
-0.0199219
-0.025064
-0.0337616
-0.04449
-0.0547172
-0.0611667
-0.0636881
-0.0654581
-0.0680777
-0.0624078
-0.0514759
-0.0553658
-0.04605
-0.0358741
-0.0281153
-0.0244156
-0.0254883
-0.0307519
-0.0389233
-0.0482829
-0.0562405
-0.059495
-0.0577252
-0.0562826
-0.0590786
-0.0546915
-0.0469435
-0.0530328
-0.0459863
-0.0362937
-0.0281788
-0.0240889
-0.0247418
-0.0291314
-0.0355395
-0.0420696
-0.0465095
-0.0466724
-0.0430099
-0.040963
-0.0448698
-0.0452112
-0.0413314
-0.047658
-0.0429327
-0.033786
-0.0250642
-0.0200133
-0.0194178
-0.0219552
-0.0255994
-0.0285306
-0.0293215
-0.0273186
-0.0240614
-0.0238112
-0.0295232
-0.0354715
-0.0312014
-0.0391447
-0.0366606
-0.0287572
-0.0200758
-0.0141313
-0.011879
-0.0120372
-0.0126194
-0.0121669
-0.0101107
-0.00698641
-0.00478731
-0.00659073
-0.0139783
-0.0225987
-0.0142305
-0.0262585
-0.0261722
-0.0207847
-0.0135647
-0.00745994
-0.00371816
-0.00152032
0.000568626
0.00357809
0.0075363
0.0113987
0.0131948
0.0105542
0.00271602
-0.00383219
0.0109934
-0.00598606
-0.00729889
-0.00476547
-0.000614245
0.00338659
0.00633714
0.00956581
0.0136834
0.019326
0.0259262
0.0317755
0.0345323
0.0318698
0.0238321
0.0222336
0.0418667
0.0255467
0.0243972
0.0258094
0.0277787
0.0290127
0.0297109
0.0314653
0.035268
0.0417627
0.0497277
0.0568929
0.0607789
0.0592854
0.0528143
0.0533537
0.0545353
0.0359691
0.0314795
0.0284209
0.0270947
0.0274563
0.0288828
0.0312832
0.0348974
0.0400686
0.0464819
0.0531374
0.058376
0.0601058
0.0582303
0.0651957
0.0576199
0.0426335
0.0401794
0.0372065
0.0344847
0.0327065
0.0317749
0.0317815
0.0330796
0.0360719
0.0407548
0.0464262
0.0515972
0.0542979
0.0546766
0.0653487
0.0484707
0.039092
0.0400825
0.0393239
0.0374424
0.0352001
0.0326812
0.0301458
0.0281698
0.0274978
0.0286825
0.0316025
0.0352151
0.0378217
0.0395722
0.0521413
0.028925
0.0261595
0.030963
0.0334551
0.0338003
0.0324092
0.0292555
0.0246376
0.0193806
0.0146395
0.0114643
0.0103916
0.0112313
0.0128371
0.0153553
0.0278732
0.00204184
0.00587996
0.0141546
0.0200824
0.0232079
0.0234026
0.0204235
0.0145383
0.00674927
-0.00139797
-0.00845075
-0.0138733
-0.0166268
-0.0168661
-0.0144584
-0.00358199
-0.0268871
-0.0180942
-0.00731429
0.00141275
0.00704648
0.00894188
0.00660875
0.000255606
-0.00907227
-0.0195833
-0.0294166
-0.0378082
-0.0438458
-0.0464131
-0.0448636
-0.0362411
-0.0505894
-0.0403982
-0.0282194
-0.017816
-0.0105984
-0.00753602
-0.00941018
-0.0159115
-0.0260337
-0.0379882
-0.0494258
-0.0588671
-0.0660753
-0.070008
-0.0697178
-0.0624452
-0.0629443
-0.0558009
-0.0433304
-0.032305
-0.0246611
-0.0214795
-0.0232959
-0.0300122
-0.040525
-0.0531513
-0.0654233
-0.0745063
-0.0801709
-0.083001
-0.0834084
-0.0754856
-0.0633533
-0.0621264
-0.0499636
-0.0389421
-0.0314883
-0.0285773
-0.0308381
-0.0378274
-0.0483391
-0.0607038
-0.072549
-0.0807222
-0.0833011
-0.0834419
-0.0839655
-0.0743218
-0.0575663
-0.0609494
-0.0494686
-0.0383252
-0.0306981
-0.0278734
-0.030238
-0.0369785
-0.0466406
-0.057485
-0.0672917
-0.073166
-0.0734695
-0.0720617
-0.0733208
-0.0643915
-0.0506288
-0.0551157
-0.0449415
-0.0334239
-0.0247777
-0.0211125
-0.0226594
-0.0281528
-0.035789
-0.0437781
-0.0502912
-0.0534662
-0.0527982
-0.0518553
-0.0552354
-0.0515295
-0.0413529
-0.0455869
-0.0377184
-0.0262654
-0.0164948
-0.0114095
-0.0113456
-0.0146606
-0.0193003
-0.0236128
-0.0264352
-0.0272043
-0.0266822
-0.0279421
-0.0335995
-0.0369412
-0.0262572
-0.0323082
-0.027885
-0.0180786
-0.00832375
-0.00210744
-7.83511e-05
-0.000660665
-0.00191678
-0.00253437
-0.00203931
-0.000837129
-0.000388826
-0.00312748
-0.0104523
-0.0182393
-0.00424166
-0.0146758
-0.0147711
-0.00913657
-0.0015197
0.00484939
0.00876109
0.0109625
0.0128343
0.0152868
0.0184443
0.0215057
0.0228507
0.0204079
0.0132863
0.00616287
0.0256757
0.012431
0.0113311
0.0137008
0.0169213
0.0191532
0.0201806
0.0213669
0.0246533
0.0300464
0.0367947
0.0429842
0.0462939
0.0446802
0.0381814
0.0354495
0.0540594
0.0441231
0.0420716
0.0418107
0.0407545
0.0379998
0.0347124
0.0334085
0.0358548
0.0421321
0.0507627
0.0592615
0.0651162
0.0664703
0.0634488
0.062274
0.0593276
0.0472414
0.0406941
0.0351472
0.0312364
0.0289487
0.0279888
0.0286075
0.0312909
0.0363594
0.0433461
0.0511275
0.0580925
0.0624977
0.0639179
0.0679003
0.0559379
0.0488056
0.0460813
0.042144
0.0376702
0.0332386
0.0292906
0.0266212
0.0260926
0.0282568
0.032953
0.0392797
0.0457055
0.0506256
0.0539126
0.0614581
0.0413761
0.0397115
0.0414917
0.0408609
0.0380876
0.0336659
0.0281658
0.0226114
0.0182461
0.0161655
0.0168604
0.0199663
0.0244058
0.0287849
0.0330933
0.0429087
0.0185195
0.0220158
0.0278823
0.0309551
0.0309601
0.0279365
0.022172
0.0146226
0.00681014
0.000378194
-0.00348101
-0.00438568
-0.00282852
0.000223605
0.00488649
0.0155535
-0.00904085
-0.00114392
0.00794259
0.0143659
0.0172594
0.0161193
0.0108638
0.00228062
-0.00798434
-0.0178761
-0.0257238
-0.0304004
-0.032072
-0.0307479
-0.0264092
-0.016305
-0.0361493
-0.0256467
-0.0145666
-0.00575201
-0.000564009
5.22565e-05
-0.00432169
-0.0131137
-0.0246943
-0.0367842
-0.0471478
-0.054506
-0.0586375
-0.0592324
-0.0558825
-0.0469166
-0.0562804
-0.0461388
-0.0341229
-0.024033
-0.0175642
-0.0158905
-0.0196318
-0.0282808
-0.0403457
-0.053601
-0.065506
-0.0740724
-0.078916
-0.0803354
-0.0781856
-0.0695076
-0.0645633
-0.0581282
-0.0457988
-0.0352981
-0.0285918
-0.0267388
-0.0303473
-0.0389379
-0.0510449
-0.0646036
-0.0771393
-0.0860258
-0.0900486
-0.0905216
-0.0890791
-0.078907
-0.0614991
-0.0603958
-0.0478991
-0.0372755
-0.0307902
-0.0292222
-0.033022
-0.0415108
-0.0532035
-0.0661783
-0.0781778
-0.0865461
-0.0893134
-0.0884025
-0.0874346
-0.0748728
-0.0529366
-0.0554344
-0.0427699
-0.0316883
-0.0249597
-0.0233746
-0.0270091
-0.0348527
-0.0453177
-0.0565901
-0.0667134
-0.0735029
-0.0753643
-0.0744341
-0.0748322
-0.0623084
-0.0433224
-0.0464262
-0.0343893
-0.0225988
-0.0147028
-0.0122094
-0.0147648
-0.02102
-0.029166
-0.0375514
-0.0446664
-0.0492179
-0.0506681
-0.0512377
-0.0540211
-0.0463633
-0.0310545
-0.0340905
-0.0244517
-0.0126198
-0.00357213
0.000414457
-0.000504305
-0.0043804
-0.00933578
-0.0139964
-0.0174994
-0.0195519
-0.0207148
-0.0230634
-0.0283085
-0.0282596
-0.0132109
-0.0184615
-0.0134527
-0.00384207
0.00500552
0.00999159
0.0111392
0.0101934
0.00889973
0.00820905
0.00836546
0.00891879
0.0086969
0.00584665
-0.000693045
-0.00644893
0.0100843
5.13329e-05
-0.0016863
0.00230552
0.00848508
0.0138583
0.0174107
0.0198301
0.0221207
0.0249613
0.0283816
0.0316569
0.0334163
0.0319294
0.0262569
0.0194094
0.0399209
0.0306124
0.0289694
0.0302915
0.0316405
0.0312554
0.0296292
0.0289391
0.0311218
0.0365031
0.0438512
0.0509626
0.0554781
0.0555951
0.0512671
0.0475424
0.0620402
0.0558199
0.0538694
0.0521874
0.0481422
0.041237
0.0338961
0.029593
0.0304228
0.0362946
0.0453724
0.0550241
0.0627657
0.0668147
0.066906
0.0670659
0.0587283
0.0501854
0.042704
0.035317
0.0291618
0.024532
0.0215299
0.0207031
0.022695
0.027721
0.0351835
0.0438154
0.0519832
0.0581051
0.0615257
0.0651005
0.0488056
0.0461818
0.0441867
0.0404646
0.0353153
0.0291639
0.0229516
0.018159
0.016115
0.0175237
0.0220115
0.0287073
0.0357104
0.0416907
0.0462808
0.0525002
0.030632
0.033456
0.0366546
0.0372721
0.0348186
0.0293341
0.0217629
0.0139087
0.00764977
0.00437098
0.00452282
0.00757149
0.01225
0.0172703
0.0224412
0.0305421
0.00737049
0.0143488
0.0215028
0.0259134
0.0265344
0.0228503
0.0153545
0.00567101
-0.00398873
-0.0116257
-0.0159275
-0.0167672
-0.0148912
-0.011282
-0.00610588
0.00322051
-0.0175021
-0.00772349
0.00208911
0.00935755
0.012591
0.010796
0.0039854
-0.00651314
-0.0184361
-0.0292158
-0.0370238
-0.0410822
-0.0417353
-0.0395742
-0.0346343
-0.0255462
-0.0394824
-0.0288268
-0.0177359
-0.00881134
-0.00384788
-0.00413116
-0.010041
-0.0205413
-0.0334723
-0.0461239
-0.0561589
-0.0622702
-0.0644907
-0.0634147
-0.0591997
-0.0504288
-0.0534369
-0.0442167
-0.0328022
-0.0232998
-0.0175649
-0.0170854
-0.0223561
-0.0325806
-0.0457499
-0.0592401
-0.0704915
-0.0776081
-0.0801402
-0.0791298
-0.0755977
-0.0663549
-0.0561164
-0.0505043
-0.0390628
-0.0295793
-0.0239836
-0.0234892
-0.0286145
-0.0385942
-0.0515805
-0.0651475
-0.0767932
-0.0842883
-0.0864494
-0.0845862
-0.0812987
-0.0700096
-0.0489573
-0.0476893
-0.0359934
-0.0265448
-0.0214201
-0.0212848
-0.0264593
-0.0360735
-0.0483957
-0.0612597
-0.072419
-0.0796903
-0.0815621
-0.0792689
-0.0763205
-0.0621268
-0.0375754
-0.0389907
-0.0267926
-0.0170071
-0.0118672
-0.0117559
-0.0165878
-0.0252578
-0.0361021
-0.0472675
-0.0568758
-0.0631872
-0.0650432
-0.0637337
-0.0623064
-0.0472741
-0.0257524
-0.0278089
-0.0159187
-0.00554313
0.000358134
0.00119828
-0.00248251
-0.00931072
-0.0176329
-0.0259483
-0.0329221
-0.0375333
-0.0394026
-0.0399607
-0.0411309
-0.0299129
-0.0120059
-0.0147284
-0.0052432
0.00481502
0.0114484
0.0133627
0.0112409
0.00692275
0.00198155
-0.00252456
-0.00596955
-0.00816862
-0.00952801
-0.0114953
-0.0151533
-0.0109486
0.00582862
0.000232579
0.00450154
0.0118039
0.0176876
0.02014
0.0198798
0.0186278
0.0176434
0.017459
0.0180231
0.0188621
0.0190679
0.017231
0.012481
0.010628
0.0264322
0.0157072
0.0117524
0.0123753
0.0152069
0.0182612
0.0209187
0.0235488
0.0266896
0.0305631
0.0349623
0.0391286
0.0419182
0.0419024
0.0381094
0.0339603
0.0508865
0.043346
0.0413497
0.0414394
0.0406355
0.0375109
0.0331936
0.030619
0.0320122
0.0375779
0.0457055
0.0539155
0.0598286
0.0617321
0.059303
0.0566773
0.0622083
0.0565145
0.0557763
0.0537707
0.0475617
0.0373609
0.0268356
0.0203577
0.0200935
0.0256643
0.0349418
0.0452167
0.0541536
0.0599051
0.0616517
0.0654034
0.0517642
0.0432775
0.0363713
0.0284037
0.020867
0.0146355
0.0102368
0.00850839
0.0101885
0.0153676
0.0232712
0.0324009
0.0411582
0.0477619
0.0513327
0.0565826
0.0368522
0.0343646
0.0338215
0.0315879
0.027198
0.0207009
0.0133307
0.00721197
0.00417987
0.00506144
0.00947725
0.0161442
0.0232931
0.0291943
0.033237
0.0395345
0.0175436
0.0206935
0.0254073
0.0281896
0.0274038
0.0222682
0.0138488
0.00461786
-0.00286135
-0.00686506
-0.00694429
-0.00388401
0.000778272
0.00546286
0.00979751
0.0166644
-0.00324913
0.00389194
0.0120476
0.0182481
0.0203856
0.0171245
0.00894883
-0.00192628
-0.0126144
-0.0206614
-0.0248016
-0.0251678
-0.0229605
-0.0195245
-0.0151114
-0.00785139
-0.0225992
-0.0132782
-0.00318459
0.00500887
0.00901647
0.00722243
-0.000350444
-0.0118779
-0.0244542
-0.0351641
-0.0421664
-0.045028
-0.0445858
-0.0420345
-0.0376883
-0.0302543
-0.0372622
-0.0276985
-0.0170433
-0.00809311
-0.00332748
-0.00417094
-0.0110399
-0.0224666
-0.0358793
-0.04801
-0.0567146
-0.0609866
-0.0612911
-0.058907
-0.0545857
-0.0468409
-0.0437345
-0.0357001
-0.0253528
-0.0167081
-0.0117251
-0.012235
-0.0186704
-0.029853
-0.0433328
-0.0561592
-0.0658192
-0.0708025
-0.0710349
-0.0679531
-0.063274
-0.0543857
-0.0404529
-0.0352283
-0.0252598
-0.0170818
-0.0126867
-0.0134272
-0.0197533
-0.0306483
-0.0439204
-0.0568823
-0.0670029
-0.0724367
-0.0724776
-0.0684227
-0.0629857
-0.0515246
-0.0296339
-0.0274056
-0.0174208
-0.00970986
-0.00598277
-0.00711304
-0.0133568
-0.0237251
-0.0363044
-0.0487507
-0.0587505
-0.064417
-0.0647085
-0.0605873
-0.0548558
-0.0400563
-0.0162041
-0.0159209
-0.00562588
0.00205271
0.00543372
0.00423369
-0.00149389
-0.0106819
-0.0216831
-0.0326103
-0.0415667
-0.0469565
-0.0478571
-0.0450697
-0.0406255
-0.0242506
-0.00340752
-0.0041802
0.00573583
0.0134709
0.0170125
0.0162398
0.0116994
0.00457584
-0.00372494
-0.0118485
-0.0185286
-0.022746
-0.0240296
-0.0232065
-0.0214563
-0.00766213
0.0098715
0.00736446
0.0149453
0.0217426
0.0252117
0.0249316
0.0218014
0.0173273
0.0126542
0.00851581
0.0053794
0.0035016
0.00278113
0.00233102
0.00130505
0.00943337
0.0251306
0.0188944
0.0213907
0.0248594
0.0266951
0.0262603
0.0246998
0.0234553
0.0230678
0.0236761
0.0249646
0.0264858
0.0276521
0.0274405
0.0250263
0.0278806
0.0402059
0.0282593
0.02248
0.0187559
0.0170574
0.0171805
0.0188039
0.0217515
0.0260086
0.0312479
0.0369212
0.0422305
0.0462369
0.0477334
0.0455795
0.0459543
0.0553936
0.0466301
0.0448326
0.0439617
0.041618
0.0365113
0.0301464
0.0262008
0.0272272
0.0331462
0.0419964
0.0511272
0.0582266
0.0615605
0.0599375
0.0608068
0.0528431
0.04483
0.0454359
0.0440354
0.0371811
0.0254167
0.0133973
0.00611553
0.0057126
0.0114076
0.0208417
0.0312969
0.0406499
0.0468986
0.0487461
0.0561818
0.0377976
0.0268828
0.0213378
0.0139551
0.00621929
-0.0005295
-0.00545136
-0.00743287
-0.00561622
-1.16383e-05
0.00838548
0.0178724
0.0267137
0.0329133
0.0351667
0.0425081
0.0206742
0.0150722
0.0155735
0.0152596
0.0128204
0.00741062
0.000101749
-0.00645863
-0.00987832
-0.00907392
-0.00444878
0.00243659
0.00956417
0.0147548
0.0169663
0.0236144
0.00317263
0.00341979
0.00868771
0.0134482
0.0151075
0.0115199
0.00338371
-0.00629015
-0.0142243
-0.0182658
-0.0179185
-0.0142916
-0.00939663
-0.00535829
-0.00292264
0.0028042
-0.0125486
-0.00780073
0.000231952
0.00776013
0.0116693
0.00950066
0.00145289
-0.00979555
-0.0206561
-0.0282497
-0.0313007
-0.0304132
-0.0274026
-0.0242305
-0.0214635
-0.016258
-0.0246076
-0.0173043
-0.00785052
0.000753606
0.00552603
0.00388883
-0.00396336
-0.0158579
-0.0282649
-0.0380084
-0.04327
-0.0441358
-0.0421782
-0.0392679
-0.0360302
-0.030686
-0.0312023
-0.0232253
-0.0135667
-0.00514501
-0.000686194
-0.00191961
-0.00943713
-0.0213185
-0.0343576
-0.0452593
-0.0518593
-0.0537154
-0.0519948
-0.0485751
-0.044508
-0.0383863
-0.0305462
-0.0232705
-0.0141255
-0.00636793
-0.00230638
-0.00371572
-0.0110094
-0.0226784
-0.0358925
-0.0475057
-0.0550991
-0.0576747
-0.0558016
-0.051252
-0.0458019
-0.0380107
-0.0224305
-0.0166593
-0.00812497
-0.00117903
0.00220425
0.000534393
-0.00657313
-0.0178971
-0.0310005
-0.04302
-0.0514615
-0.0548578
-0.0530768
-0.0475113
-0.0404006
-0.0298203
-0.00935151
-0.00529959
0.00285116
0.00911717
0.0118425
0.00996147
0.00321358
-0.00737544
-0.0197993
-0.0316149
-0.0404768
-0.0446984
-0.0436143
-0.0380708
-0.0300606
-0.0162738
0.00462761
0.00723209
0.0151572
0.0208473
0.0230502
0.021191
0.0152415
0.00612203
-0.00461319
-0.0150812
-0.0233655
-0.0278939
-0.027821
-0.0235838
-0.0165008
-0.00107134
0.0168636
0.0176887
0.0247334
0.0297317
0.0314799
0.0298516
0.0251904
0.0184006
0.0105947
0.00296848
-0.00323638
-0.00691564
-0.00741236
-0.0050464
-0.000513725
0.0132552
0.0279654
0.0258329
0.0304119
0.0336828
0.0344546
0.03275
0.0293739
0.0253903
0.0214983
0.0180918
0.0155505
0.0142459
0.0143839
0.0155255
0.0171126
0.0268221
0.0387688
0.0320525
0.0320649
0.0313224
0.029438
0.0268744
0.0247942
0.0240988
0.0248313
0.0265203
0.0287501
0.0311241
0.0333346
0.0346634
0.0342733
0.0403144
0.0467222
0.0337162
0.02681
0.0188928
0.0128023
0.0103653
0.0113569
0.0149576
0.0204384
0.0271457
0.0341442
0.0405744
0.0456739
0.0483827
0.0471595
0.0516877
0.0514822
0.0392427
0.0373711
0.0359344
0.0332261
0.0276072
0.0204141
0.0159717
0.0171334
0.0236197
0.0330637
0.0427796
0.0505978
0.0545651
0.0532935
0.0579481
0.0346435
0.0228595
0.0232049
0.022327
0.0163963
0.00531448
-0.00614002
-0.0126179
-0.012097
-0.00567701
0.00401047
0.0144202
0.0236565
0.0295557
0.0304416
0.0397249
0.0176861
0.00360824
-0.00128541
-0.00757931
-0.014412
-0.020497
-0.0249986
-0.026585
-0.0242099
-0.0179186
-0.00890262
0.000922734
0.00968193
0.0150877
0.0155027
0.0235648
0.0016331
-0.00816313
-0.00848889
-0.00751072
-0.00761965
-0.0109169
-0.0170815
-0.0232178
-0.0263546
-0.0250379
-0.0196745
-0.0121461
-0.0048408
-0.000379863
-0.00019048
0.0058596
-0.0111409
-0.0150971
-0.0115766
-0.0059068
-0.00207802
-0.00361
-0.0106704
-0.0199859
-0.027593
-0.0308454
-0.0291912
-0.0241675
-0.0184258
-0.0146887
-0.0140876
-0.0101074
-0.019628
-0.0184338
-0.0122495
-0.0047706
0.000158423
-0.000936305
-0.00848906
-0.0195769
-0.0299156
-0.0362318
-0.0372614
-0.0341234
-0.029483
-0.0260205
-0.0246358
-0.0217147
-0.0234116
-0.0188315
-0.0112022
-0.00331301
0.00122595
-0.000312165
-0.00832722
-0.0203333
-0.0320175
-0.0401156
-0.0428841
-0.0409997
-0.0369166
-0.0332098
-0.0307804
-0.0275565
-0.0222407
-0.0160652
-0.00794756
-0.000549838
0.00322617
0.00120584
-0.00689743
-0.0189345
-0.031293
-0.0405407
-0.0446562
-0.0437978
-0.0399524
-0.0355492
-0.031731
-0.0271936
-0.0158301
-0.00926074
-0.00129628
0.00548389
0.00868532
0.0064836
-0.00137215
-0.0131494
-0.0257658
-0.0359631
-0.041477
-0.0418307
-0.0382878
-0.0329646
-0.0273801
-0.0208303
-0.00484565
0.00143506
0.00895854
0.0151161
0.0179307
0.0158399
0.00853875
-0.0026384
-0.0151448
-0.0260499
-0.032974
-0.0348215
-0.0320027
-0.0260681
-0.0187058
-0.00969781
0.0084325
0.0139371
0.0208595
0.0263649
0.0288512
0.0270377
0.0206198
0.0105821
-0.00109811
-0.0119818
-0.0197902
-0.0230378
-0.0214001
-0.0157308
-0.00743795
0.00380449
0.0209859
0.0251128
0.0311256
0.0357539
0.0377635
0.0362617
0.0310706
0.0229224
0.0132003
0.0036858
-0.00376068
-0.00762855
-0.0071803
-0.00271013
0.00487379
0.0169369
0.0308931
0.0325166
0.0368146
0.039955
0.0410575
0.0396882
0.0359431
0.0304258
0.0239292
0.0174361
0.01211
0.00906821
0.00904341
0.0119716
0.0173234
0.0280643
0.0382978
0.0359525
0.037304
0.037839
0.0371693
0.0353024
0.0327622
0.0301636
0.0278001
0.025731
0.0242284
0.0237092
0.0245402
0.026514
0.0291147
0.0373185
0.0433586
0.0358926
0.0331843
0.0290261
0.0247944
0.0215103
0.0200031
0.0206085
0.0228917
0.0260954
0.0295078
0.0328092
0.0358499
0.0380589
0.0386596
0.0448734
0.0436538
0.0297309
0.022122
0.0113601
0.00227124
-0.00160139
-0.000592686
0.00392463
0.0107701
0.018865
0.0270869
0.0344698
0.0403176
0.0435743
0.0427707
0.0489627
0.0389414
0.0227494
0.0194956
0.0173426
0.0153817
0.0109838
0.00451221
0.000655634
0.00255901
0.00974175
0.0197015
0.0297158
0.0377262
0.0417915
0.0401762
0.0470447
0.0107899
-0.00493926
-0.00733456
-0.00902611
-0.0132675
-0.0215825
-0.0303819
-0.0345227
-0.0321008
-0.0244226
-0.0141312
-0.00370236
0.00510218
0.0101457
0.00971213
0.0180881
-0.00612671
-0.0223638
-0.0281142
-0.0338396
-0.0392028
-0.0436921
-0.0468792
-0.0474283
-0.0440742
-0.0367726
-0.0269203
-0.0166493
-0.00801004
-0.0034486
-0.00462824
0.0018787
-0.017751
-0.0307766
-0.0335925
-0.0333251
-0.0319244
-0.0328843
-0.0371455
-0.0420181
-0.0440837
-0.0415073
-0.0347433
-0.0260984
-0.0183687
-0.0144001
-0.015691
-0.0118408
-0.0233452
-0.0308713
-0.0304671
-0.0264367
-0.0219636
-0.0218341
-0.0274768
-0.0357498
-0.0421937
-0.0437218
-0.0398101
-0.0326147
-0.0255014
-0.0215828
-0.022114
-0.0206236
-0.023102
-0.0252871
-0.0222306
-0.0167187
-0.0122634
-0.0130113
-0.0201347
-0.0306531
-0.0399053
-0.0441954
-0.042349
-0.0361853
-0.0293081
-0.0249566
-0.024206
-0.0235123
-0.0183155
-0.016671
-0.0116249
-0.00577326
-0.00240645
-0.0045781
-0.0128875
-0.0246561
-0.0354843
-0.0416194
-0.0414621
-0.0363776
-0.0297752
-0.0248447
-0.0226536
-0.0209551
-0.0103823
-0.00644574
-0.000145294
0.00569096
0.00825208
0.00533575
-0.00327975
-0.0153021
-0.0269314
-0.0345511
-0.0362423
-0.0327406
-0.0268478
-0.0215046
-0.0178431
-0.0141065
-0.000126825
0.00499752
0.0119891
0.0178888
0.0203572
0.017662
0.00963695
-0.00190937
-0.0138196
-0.0227855
-0.0266114
-0.0252844
-0.0206744
-0.0152158
-0.0101769
-0.00423275
0.0114095
0.0170399
0.0241473
0.030078
0.0328662
0.0310122
0.0242191
0.0137886
0.00221458
-0.00762444
-0.0135006
-0.0145759
-0.0116929
-0.00655728
-0.000445625
0.00722896
0.0225877
0.0279763
0.0344879
0.0400844
0.0431152
0.0422189
0.0370182
0.0283529
0.0180191
0.00829507
0.00127344
-0.001687
-0.000578314
0.00369356
0.0101432
0.0185738
0.0316048
0.0355878
0.0406029
0.0451318
0.0478456
0.0476274
0.0441406
0.0378862
0.0299725
0.0219217
0.0153927
0.0117825
0.0116633
0.0148001
0.0203879
0.0282312
0.0373187
0.0383282
0.0407283
0.0431264
0.0446204
0.0444912
0.0425992
0.039244
0.0348854
0.0301869
0.0260854
0.0235492
0.023289
0.025299
0.0291242
0.0352522
0.0396492
0.0361434
0.0349655
0.0339654
0.0331253
0.0322171
0.0314245
0.0310007
0.030844
0.0307111
0.030617
0.0308863
0.0318737
0.0334577
0.0351998
0.0395913
0.0382784
0.0295023
0.0245832
0.01855
0.0135743
0.0108666
0.0108024
0.0132851
0.0175453
0.0225023
0.0272719
0.0314327
0.0348279
0.0369258
0.0370164
0.0410286
0.0313875
0.0165578
0.00836288
-0.00312809
-0.0131451
-0.0172135
-0.015684
-0.0101435
-0.0019745
0.00743839
0.0167168
0.0247823
0.0309134
0.0340085
0.0327924
0.0380138
0.0196059
0.000714164
-0.00535959
-0.00896655
-0.0100136
-0.011986
-0.0161991
-0.0183074
-0.0150385
-0.00693119
0.00343919
0.0134767
0.0213421
0.0250068
0.0228117
0.0292769
-0.014763
-0.0327599
-0.0395895
-0.0439029
-0.0470692
-0.0516356
-0.0562041
-0.0567713
-0.0516356
-0.0421754
-0.0309569
-0.0203124
-0.0119284
-0.00784903
-0.00954507
-0.00466961
-0.0283745
-0.0460495
-0.054156
-0.0602473
-0.0642121
-0.066746
-0.0679585
-0.0667776
-0.0618634
-0.0531613
-0.0422292
-0.0314249
-0.0229623
-0.0192131
-0.0215467
-0.0187805
-0.0337969
-0.0483891
-0.0546397
-0.0566931
-0.0553355
-0.0546324
-0.0567145
-0.059525
-0.0595826
-0.0548969
-0.0461894
-0.0362228
-0.0280898
-0.0245191
-0.0266669
-0.0263614
-0.0308851
-0.0405873
-0.0439388
-0.0430528
-0.0398491
-0.0391279
-0.043406
-0.050061
-0.0544796
-0.0533624
-0.0465273
-0.0369115
-0.0284699
-0.024303
-0.0253757
-0.0266854
-0.021658
-0.026499
-0.026791
-0.0243304
-0.0217533
-0.0230283
-0.0298716
-0.0395654
-0.0472473
-0.0489804
-0.0438379
-0.0345408
-0.0255622
-0.0203545
-0.0198034
-0.0207861
-0.00929846
-0.0103812
-0.00788788
-0.00447141
-0.00291215
-0.00605084
-0.0146537
-0.0261573
-0.0360106
-0.0401785
-0.0371631
-0.02909
-0.0202903
-0.0143532
-0.0121904
-0.011034
0.0034369
0.00488771
0.009714
0.014095
0.0154994
0.0119272
0.00311318
-0.00873199
-0.0197547
-0.0261456
-0.0259336
-0.020378
-0.0130123
-0.00717417
-0.00384513
9.41461e-05
0.0149973
0.0181759
0.0247305
0.0302246
0.0324672
0.0298886
0.0222877
0.0113292
7.05206e-05
-0.00822078
-0.0110303
-0.00887934
-0.00402699
0.000856245
0.00476611
0.010874
0.0246085
0.0288958
0.0362375
0.0425773
0.0460151
0.0451153
0.0395547
0.0303995
0.0199752
0.0110195
0.00542976
0.0041785
0.00613809
0.00953386
0.0134553
0.0203464
0.0316898
0.0361293
0.0429483
0.0492969
0.0534835
0.054166
0.0508833
0.0442338
0.0356817
0.0271815
0.0206113
0.0170954
0.0166603
0.01846
0.021816
0.0279352
0.035681
0.0386881
0.0435242
0.0486346
0.0525853
0.0541904
0.0529971
0.0492536
0.0437071
0.037452
0.0318086
0.0279149
0.0263035
0.0268174
0.0290389
0.0331884
0.0361484
0.0358547
0.0373403
0.0398191
0.042289
0.0438934
0.0443214
0.0436474
0.0419599
0.0394835
0.0367466
0.0344718
0.033222
0.0330846
0.0338293
0.035669
0.0328804
0.0278058
0.0252201
0.0237849
0.0235342
0.0241448
0.0255186
0.0276395
0.0300872
0.0322409
0.0337454
0.0346624
0.035199
0.0352716
0.0346311
0.0350266
0.0253908
0.0150869
0.00889653
0.0025822
-0.00190674
-0.00333315
-0.00160808
0.00293346
0.00932126
0.0161911
0.0223797
0.027245
0.0304821
0.0315518
0.0299501
0.0306755
0.0128292
-0.00271504
-0.0114784
-0.0218612
-0.0307976
-0.034173
-0.0319147
-0.0254011
-0.0160248
-0.0054051
0.00479493
0.0133102
0.0192774
0.0215637
0.0192431
0.0215636
-0.00257145
-0.0221087
-0.0313109
-0.0371748
-0.038315
-0.0379853
-0.0389637
-0.0383267
-0.0331214
-0.0237921
-0.0129116
-0.0029143
0.00448796
0.00744805
0.00472384
0.00852407
-0.035087
-0.0539986
-0.0653481
-0.0731587
-0.0767862
-0.0783143
-0.0783472
-0.0747653
-0.0664865
-0.0549311
-0.0426103
-0.03166
-0.0236967
-0.0204869
-0.0230895
-0.0231343
-0.0451298
-0.0628709
-0.0736267
-0.0807097
-0.0835566
-0.0841026
-0.0830905
-0.079683
-0.0727736
-0.0624613
-0.0505054
-0.0393888
-0.0314199
-0.028553
-0.0318228
-0.0340582
-0.0427974
-0.0576968
-0.0668305
-0.0714747
-0.0713153
-0.0698643
-0.06991
-0.070175
-0.0675873
-0.0604177
-0.0498396
-0.0389774
-0.0309061
-0.02801
-0.0307897
-0.0342616
-0.0315359
-0.0424347
-0.048572
-0.0508096
-0.0499184
-0.049502
-0.0525377
-0.0571855
-0.05906
-0.0549994
-0.0454515
-0.0341436
-0.0252076
-0.0213465
-0.0229074
-0.026357
-0.0149561
-0.0218256
-0.0243924
-0.0246232
-0.0242621
-0.0263344
-0.0327081
-0.0412489
-0.0471512
-0.0463712
-0.0384166
-0.0269742
-0.0170452
-0.0118305
-0.0117215
-0.0132643
0.0023395
-0.00111045
-0.000100566
0.00156344
0.00168751
-0.00198506
-0.0103089
-0.0212222
-0.0301224
-0.0327487
-0.0276645
-0.0177782
-0.00808441
-0.0021588
-0.000507294
0.00114331
0.0167262
0.0160679
0.0203597
0.0241209
0.0251664
0.0218004
0.013613
0.00242846
-0.00806409
-0.0138007
-0.0127074
-0.0063462
0.00120769
0.00649081
0.00890699
0.0136025
0.026659
0.0283821
0.0352334
0.0411136
0.0439933
0.0424641
0.036157
0.0263777
0.0158641
0.00791658
0.00498813
0.00678866
0.0107385
0.0141224
0.0163522
0.0226508
0.0322612
0.0357448
0.0438282
0.051165
0.0558828
0.0566605
0.0530369
0.0457847
0.0366516
0.0281353
0.0223827
0.0200924
0.0202038
0.0211204
0.0224498
0.0283759
0.03427
0.0381498
0.045667
0.0531156
0.0588005
0.0614238
0.0604494
0.0562095
0.0497253
0.0424915
0.0360969
0.0315539
0.0289096
0.0276373
0.0276676
0.0315264
0.0331784
0.0354342
0.0404775
0.0463865
0.0516877
0.0551891
0.0564079
0.0553026
0.0523582
0.0481315
0.0434376
0.0390886
0.0355681
0.0330051
0.0316074
0.032537
0.0289058
0.0273931
0.0285346
0.0313806
0.0349042
0.0381833
0.0408014
0.0428085
0.0439018
0.0438735
0.0427193
0.040718
0.0382291
0.0354978
0.0328158
0.0310781
0.0210101
0.0144407
0.0111812
0.00990026
0.0104744
0.0125558
0.0159306
0.0204462
0.0254639
0.0300133
0.0332861
0.0349106
0.0348136
0.0329369
0.0294085
0.026307
0.00895502
-0.00267479
-0.00965074
-0.0152841
-0.0186302
-0.0186245
-0.0152502
-0.00886225
-0.00049977
0.0082461
0.0158857
0.0214413
0.0243306
0.0239751
0.0201437
0.0173289
-0.00703889
-0.0228839
-0.0323464
-0.0410021
-0.0475801
-0.0496417
-0.0466009
-0.0392482
-0.0288353
-0.0171673
-0.00615887
0.00268292
0.00826235
0.00943431
0.00560875
0.00393111
-0.0216354
-0.0401262
-0.0516316
-0.0598108
-0.0623404
-0.0611732
-0.0592124
-0.0555288
-0.0480733
-0.0374217
-0.0259366
-0.0159398
-0.00905208
-0.00677694
-0.0098869
-0.00986114
-0.0450981
-0.0638406
-0.0782735
-0.0891618
-0.0944712
-0.094774
-0.0915014
-0.0840751
-0.0725196
-0.058914
-0.0457145
-0.0346928
-0.0272718
-0.0248399
-0.0280923
-0.0326499
-0.0523092
-0.0702062
-0.0828661
-0.0907334
-0.0927661
-0.0910515
-0.0876945
-0.082047
-0.073099
-0.0613131
-0.0487937
-0.037945
-0.0309529
-0.0293678
-0.0337256
-0.0402184
-0.0423866
-0.0578537
-0.0684205
-0.0746234
-0.0756572
-0.0735958
-0.0716691
-0.0695354
-0.064446
-0.0551194
-0.043391
-0.0326051
-0.0255473
-0.0238075
-0.0274813
-0.0332517
-0.0248122
-0.0371129
-0.0443659
-0.0483602
-0.049308
-0.0491789
-0.0507017
-0.0531999
-0.0526756
-0.0461526
-0.0349332
-0.023366
-0.015339
-0.0127629
-0.0152538
-0.019071
-0.00436885
-0.0132924
-0.0165205
-0.018027
-0.0189792
-0.0211957
-0.0263304
-0.0331602
-0.0373138
-0.0345918
-0.0250595
-0.0132646
-0.00418459
-0.000300343
-0.00139618
-0.00203882
0.0138635
0.00839166
0.00924273
0.0104717
0.0103272
0.00723446
0.000307694
-0.00904354
-0.0168217
-0.0184925
-0.0126627
-0.00281719
0.00585429
0.010194
0.0104337
0.013295
0.0262514
0.0242591
0.0289587
0.0331165
0.0349097
0.0329589
0.0266605
0.0172021
0.0076781
0.0021379
0.00297339
0.00850502
0.0145029
0.0178382
0.0184858
0.0237854
0.0320606
0.0333632
0.04096
0.047847
0.0521532
0.0525951
0.0485875
0.040936
0.0317309
0.0239869
0.0202592
0.020507
0.0222556
0.0231203
0.0231128
0.0288748
0.0327353
0.036383
0.0452477
0.0537541
0.0600831
0.0629511
0.0617747
0.0569584
0.0497413
0.0420313
0.0357936
0.0318358
0.0293697
0.0272652
0.0258459
0.0300716
0.030272
0.0342612
0.0422526
0.0506439
0.0577257
0.0622022
0.0634956
0.0617643
0.057627
0.0520305
0.0460613
0.0404947
0.0355066
0.031088
0.0279942
0.0293418
0.0256997
0.0274297
0.0324926
0.0389203
0.0452236
0.0501851
0.0532875
0.054527
0.0540823
0.0521092
0.0488281
0.0444981
0.039415
0.0340506
0.0294257
0.027523
0.0186675
0.015969
0.0167507
0.0197655
0.0239682
0.0283766
0.0326002
0.036569
0.0400121
0.0424187
0.0432489
0.0421228
0.0389525
0.0340498
0.0283451
0.0237595
0.00828632
0.000331518
-0.00343807
-0.0045637
-0.00331143
-0.000335165
0.00436378
0.0105675
0.0175845
0.0242973
0.0295167
0.0323021
0.0320678
0.0286367
0.0225271
0.0165251
-0.0059629
-0.0186791
-0.0263717
-0.0311963
-0.0335547
-0.0322579
-0.0276782
-0.0199341
-0.0101177
0.00015629
0.0091803
0.0156004
0.0184124
0.0169049
0.0109683
0.00479182
-0.0232067
-0.0390495
-0.0493485
-0.0568817
-0.0608425
-0.0611616
-0.0572019
-0.0490642
-0.0378123
-0.0253721
-0.0137771
-0.00470589
0.000492467
0.000631069
-0.00467409
-0.0106283
-0.0327479
-0.0493862
-0.0618192
-0.0712082
-0.0753695
-0.0752532
-0.0720331
-0.0659029
-0.0564388
-0.0445861
-0.0326434
-0.0227277
-0.0162964
-0.0145442
-0.0179595
-0.0215838
-0.0422511
-0.0610398
-0.0759385
-0.0877931
-0.0946088
-0.0957502
-0.0914584
-0.0816026
-0.0669992
-0.0520477
-0.0388139
-0.0284968
-0.0220466
-0.0205037
-0.0244054
-0.0307948
-0.0480917
-0.0674107
-0.0805878
-0.0889904
-0.0912933
-0.0884309
-0.0828347
-0.0745253
-0.0628314
-0.049339
-0.0369953
-0.0271659
-0.0218796
-0.0219764
-0.0276662
-0.0352967
-0.0324827
-0.0499596
-0.0605854
-0.0674146
-0.069644
-0.0679305
-0.0646149
-0.0599324
-0.0517161
-0.0398905
-0.0275852
-0.0179469
-0.0128089
-0.0128712
-0.0178634
-0.0228813
-0.0119778
-0.026904
-0.0339696
-0.0385834
-0.0407696
-0.0412419
-0.0415809
-0.0414857
-0.037799
-0.0285698
-0.0165285
-0.00627289
-0.000440565
2.47944e-05
-0.00398878
-0.00572441
0.0080351
-0.00370578
-0.00631774
-0.00802013
-0.00944292
-0.0114405
-0.0149744
-0.0191767
-0.0205715
-0.0157117
-0.00568986
0.0045168
0.0109282
0.0121576
0.00932587
0.0110532
0.0230354
0.0157765
0.017208
0.0189505
0.019366
0.0175687
0.0128938
0.0062929
0.000834909
0.000386962
0.00589937
0.0136976
0.0193046
0.0206373
0.0187954
0.023262
0.0302789
0.0277768
0.0333101
0.0384673
0.0415802
0.041682
0.0381171
0.0315529
0.0242236
0.0193795
0.0191844
0.0221949
0.0248702
0.0249011
0.0232121
0.0287372
0.0304436
0.0322869
0.0407771
0.0488322
0.0547365
0.0573626
0.0561283
0.0513577
0.0444462
0.0375707
0.0328391
0.0305156
0.0288664
0.026331
0.0237868
0.0283843
0.026403
0.0309203
0.0404353
0.0499518
0.0577057
0.0624372
0.0635505
0.0612464
0.0563231
0.0500254
0.0436569
0.0378997
0.0325079
0.0271482
0.0230475
0.0251911
0.0211144
0.0254221
0.0336381
0.0426255
0.0506761
0.056408
0.0592683
0.0593906
0.0572764
0.0535372
0.0486399
0.0427412
0.0359505
0.0288111
0.0230293
0.0220347
0.0154613
0.0165708
0.0214541
0.0280578
0.0348475
0.0404689
0.0444211
0.0467981
0.0479038
0.0478953
0.0465844
0.0433812
0.0379022
0.0306752
0.0235195
0.0194478
0.00827544
0.00432972
0.0047266
0.00774567
0.0121648
0.0169029
0.0215118
0.0260379
0.0305052
0.0346271
0.0376674
0.0384356
0.0358795
0.0299404
0.022061
0.0154211
-0.00210048
-0.0111618
-0.0153453
-0.0162868
-0.0147101
-0.0113024
-0.00634348
0.000153398
0.00771359
0.0155928
0.0225784
0.027124
0.027748
0.0237679
0.0159503
0.00775514
-0.0162924
-0.0294438
-0.0374916
-0.0418197
-0.0428377
-0.0407759
-0.0357622
-0.0274905
-0.0175481
-0.00681784
0.00306655
0.0104414
0.013678
0.0116483
0.00444771
-0.00447822
-0.0319709
-0.0477705
-0.0584242
-0.0648862
-0.0671567
-0.065824
-0.0609446
-0.0525287
-0.0408332
-0.0284227
-0.0169256
-0.00794584
-0.00308332
-0.00368321
-0.0101545
-0.0193358
-0.0337172
-0.0489583
-0.0608242
-0.0697206
-0.074534
-0.0754491
-0.0726333
-0.0654757
-0.0554728
-0.0432713
-0.0315839
-0.0222066
-0.0163464
-0.0150145
-0.0188011
-0.0246853
-0.0264401
-0.0450028
-0.0544341
-0.0602625
-0.0622518
-0.0605159
-0.0556565
-0.0482665
-0.0396138
-0.0307663
-0.0220421
-0.0143128
-0.00923062
-0.0088552
-0.0137912
-0.0177882
-0.0314903
-0.0533126
-0.0630076
-0.0676399
-0.0665576
-0.0603708
-0.0513934
-0.0414122
-0.0316738
-0.0228121
-0.0147479
-0.00885831
-0.00561833
-0.00733717
-0.0144141
-0.0187806
-0.0130849
-0.0347599
-0.0433995
-0.0479887
-0.0479304
-0.0434649
-0.0364369
-0.0281684
-0.019314
-0.010706
-0.00302557
0.00285969
0.0056836
0.00409995
-0.00211917
-0.00294985
0.00759645
-0.0121947
-0.0188266
-0.0228678
-0.0240253
-0.0222754
-0.0186538
-0.0135028
-0.00662783
0.00122671
0.00879607
0.0147257
0.0177072
0.0165307
0.0114996
0.0143183
0.0249984
0.00970028
0.00631545
0.00406466
0.00270685
0.00227102
0.00239085
0.00355062
0.00688586
0.0122814
0.0184144
0.0236079
0.0263382
0.0255212
0.0218317
0.0276852
0.0348725
0.0258653
0.0275738
0.0286331
0.0287618
0.0278241
0.0257512
0.0234203
0.0225722
0.0238872
0.0265219
0.0291208
0.0302576
0.0289826
0.0262698
0.033771
0.0353112
0.0337766
0.0405254
0.0461388
0.0494259
0.0499038
0.047588
0.04343
0.0391775
0.0361915
0.0342523
0.0325758
0.0304103
0.0273111
0.0245738
0.0317273
0.0282254
0.0330318
0.0437587
0.0534441
0.0602985
0.0633541
0.062374
0.0581608
0.0523074
0.0464707
0.0409368
0.035195
0.0291525
0.0232436
0.0192983
0.0242251
0.0184305
0.0260891
0.038189
0.0499996
0.0593619
0.0647347
0.0656158
0.0625851
0.0570523
0.0507167
0.0442417
0.0369473
0.0286616
0.0203377
0.0144478
0.0160771
0.0100506
0.016229
0.0265303
0.0376541
0.0475412
0.0539519
0.0563558
0.0550974
0.0513679
0.0468407
0.0423497
0.0369204
0.0294487
0.0204866
0.0129143
0.0111402
0.00434184
0.00543257
0.0115101
0.0196847
0.0278117
0.0339634
0.0372672
0.0379501
0.0371178
0.036096
0.0356074
0.0343044
0.0300761
0.0224323
0.0137846
0.00869828
-0.00159231
-0.00620784
-0.00514913
-0.00103926
0.00430322
0.00924319
0.0129579
0.0156381
0.018107
0.0212216
0.0251451
0.0282258
0.0277556
0.0223312
0.0134705
0.00586046
-0.00987983
-0.0189675
-0.0223048
-0.021976
-0.019425
-0.0158916
-0.011995
-0.0075963
-0.00220437
0.00441235
0.0117839
0.0180313
0.0204071
0.0171158
0.00880355
-0.000433191
-0.021115
-0.0331383
-0.0395948
-0.0419354
-0.0411886
-0.0383915
-0.0340256
-0.0283485
-0.0211254
-0.0123864
-0.00314693
0.00470011
0.00866265
0.00687964
-0.000583382
-0.0106617
-0.0325652
-0.0465674
-0.0547161
-0.0582429
-0.0578454
-0.054761
-0.0498758
-0.0433789
-0.0352685
-0.0259956
-0.0164478
-0.00836895
-0.00397876
-0.00504378
-0.0119599
-0.02194
-0.025407
-0.0390957
-0.0469906
-0.0513166
-0.0525425
-0.0517077
-0.0497079
-0.0459725
-0.0399388
-0.0319513
-0.0233038
-0.0155988
-0.0106246
-0.010023
-0.014303
-0.0199979
)
;

boundaryField
{
    patch0_half0
    {
        type            cyclic;
    }
    patch0_half1
    {
        type            cyclic;
    }
    patch1_half0
    {
        type            cyclic;
    }
    patch1_half1
    {
        type            cyclic;
    }
    patch2_half0
    {
        type            cyclic;
    }
    patch2_half1
    {
        type            cyclic;
    }
}


// ************************************************************************* //
