/*--------------------------------*- C++ -*----------------------------------*\
| =========                 |                                                 |
| \\      /  F ield         | OpenFOAM: The Open Source CFD Toolbox           |
|  \\    /   O peration     | Version:  3.0.0                                 |
|   \\  /    A nd           | Web:      www.OpenFOAM.org                      |
|    \\/     M anipulation  |                                                 |
\*---------------------------------------------------------------------------*/
FoamFile
{
    version     2.0;
    format      ascii;
    class       volScalarField;
    location    "200";
    object      nuTilda;
}
// * * * * * * * * * * * * * * * * * * * * * * * * * * * * * * * * * * * * * //

dimensions      [0 2 -1 0 0 0 0];

internalField   nonuniform List<scalar> 
10720
(
0.0967226
0.101393
0.106713
0.112551
0.119211
0.126704
0.135166
0.144401
0.154366
0.164621
0.174675
0.183618
0.190862
0.196226
0.199705
0.201505
0.201839
0.200994
0.199087
0.196311
0.192639
0.188153
0.18289
0.177092
0.171188
0.165455
0.159868
0.154274
0.148568
0.142745
0.136798
0.130694
0.124394
0.117845
0.110854
0.1033
0.0940305
0.0837129
0.0603105
0.0922796
0.0875714
0.082507
0.0764465
0.069452
0.0609745
0.050245
0.0377607
0.0346337
0.0324957
0.0394894
0.0460753
0.0513385
0.0558693
0.0601356
0.064346
0.0685497
0.0727161
0.0767913
0.0807438
0.0845653
0.0882629
0.0918521
0.0953244
0.0984961
0.10115
0.103259
0.104869
0.106034
0.106786
0.107172
0.107279
0.107169
0.106808
0.106105
0.105037
0.103162
0.100982
0.0918628
0.100364
0.0999805
0.0993227
0.0984198
0.0974586
0.0963792
0.095274
0.0942534
0.094285
0.0953496
0.0971223
0.0999787
0.103916
0.10877
0.114562
0.121006
0.127985
0.135232
0.142596
0.149717
0.156464
0.162424
0.167264
0.170555
0.171862
0.171268
0.16917
0.165903
0.161815
0.157191
0.152247
0.147135
0.141969
0.136846
0.131872
0.127145
0.122887
0.119048
0.113795
0.100756
0.100837
0.101051
0.100796
0.100287
0.099471
0.0981851
0.09625
0.0933095
0.0899318
0.0858265
0.0815547
0.0773652
0.0732996
0.0694649
0.0659157
0.0627247
0.0599171
0.057514
0.0555055
0.0538854
0.0526342
0.0517286
0.0511264
0.0508008
0.0507194
0.0508213
0.0510412
0.0513233
0.0516784
0.0527664
0.0551676
0.058404
0.0617902
0.0648912
0.0676747
0.0700335
0.0741298
0.0778017
0.121924
0.121752
0.121371
0.120782
0.1201
0.119218
0.118134
0.116912
0.115485
0.114065
0.112842
0.11191
0.11124
0.11081
0.110473
0.110276
0.110302
0.110609
0.110901
0.110483
0.110613
0.111478
0.112917
0.117767
0.124857
0.132271
0.139077
0.14485
0.149408
0.152697
0.154782
0.15582
0.15602
0.155585
0.154713
0.15345
0.152196
0.149506
0.149803
0.122095
0.122043
0.12205
0.12179
0.121341
0.120665
0.119685
0.118363
0.116723
0.114714
0.112339
0.109663
0.106739
0.10358
0.100276
0.096868
0.0934214
0.089983
0.0866063
0.0833059
0.0801101
0.0770167
0.0740296
0.071059
0.0680555
0.0650819
0.062179
0.0593888
0.056742
0.0542743
0.0519825
0.0503789
0.0502674
0.0512728
0.0529543
0.0551154
0.057685
0.0605885
0.0656253
0.129065
0.128958
0.128749
0.128436
0.128058
0.127572
0.126972
0.126281
0.125464
0.124532
0.123485
0.122326
0.121119
0.119969
0.118791
0.117246
0.115432
0.113464
0.111364
0.109109
0.106824
0.10466
0.102672
0.101355
0.101122
0.102068
0.104115
0.109914
0.117346
0.125271
0.133139
0.140557
0.147281
0.153214
0.158415
0.162914
0.16714
0.169534
0.173051
0.129146
0.129144
0.12913
0.128997
0.128763
0.128404
0.127881
0.127171
0.126263
0.125136
0.123783
0.122218
0.12045
0.118469
0.116307
0.113975
0.111502
0.108915
0.106248
0.103519
0.100756
0.0979649
0.0951449
0.0922129
0.089104
0.0858643
0.0825237
0.0791184
0.0756811
0.0722441
0.0688352
0.0654908
0.0623182
0.0594718
0.0569185
0.0556306
0.0559661
0.0567285
0.0594331
0.132674
0.1326
0.132459
0.132257
0.132014
0.131702
0.13132
0.130877
0.130355
0.129756
0.129079
0.128311
0.127446
0.126482
0.125411
0.124216
0.122853
0.121294
0.119499
0.11746
0.115154
0.112615
0.109859
0.107118
0.104974
0.103323
0.101902
0.10054
0.100419
0.101754
0.10721
0.114903
0.123981
0.133881
0.144182
0.154611
0.16528
0.175553
0.185192
0.132729
0.132724
0.132717
0.132626
0.132477
0.132243
0.131908
0.131461
0.130894
0.130199
0.12937
0.128411
0.127319
0.126083
0.124714
0.123208
0.121572
0.119812
0.117945
0.115973
0.11391
0.111759
0.10951
0.107097
0.104463
0.101631
0.0986156
0.0954373
0.0921175
0.0886795
0.0851471
0.0815473
0.0779022
0.0742504
0.0706084
0.0670453
0.0638652
0.0605991
0.0591555
0.134735
0.134681
0.134587
0.134451
0.134283
0.134069
0.133809
0.133505
0.133148
0.132738
0.132274
0.131745
0.131149
0.130478
0.129721
0.128867
0.127898
0.126793
0.125518
0.124049
0.12234
0.120367
0.118095
0.115557
0.112923
0.110315
0.107701
0.105359
0.103448
0.101619
0.100277
0.100364
0.104421
0.111751
0.121906
0.134663
0.149793
0.167875
0.186504
0.134769
0.134767
0.134761
0.134699
0.134599
0.134437
0.134204
0.133896
0.133512
0.133048
0.132497
0.131864
0.131146
0.130333
0.129431
0.128433
0.127339
0.126148
0.124865
0.123488
0.12202
0.120455
0.118783
0.11695
0.114905
0.112653
0.110194
0.107532
0.104674
0.10163
0.0984108
0.095035
0.0915175
0.0878744
0.0841192
0.080211
0.0761642
0.0716663
0.0648259
0.13605
0.136012
0.135943
0.135843
0.135722
0.135567
0.135378
0.13516
0.134903
0.134609
0.134276
0.133896
0.133468
0.132985
0.132438
0.131821
0.131118
0.130317
0.129396
0.128335
0.127102
0.125673
0.124013
0.122105
0.119977
0.117662
0.115158
0.112533
0.10989
0.107165
0.104773
0.102648
0.100877
0.100691
0.104997
0.113952
0.128002
0.149793
0.177567
0.136075
0.136072
0.136066
0.136021
0.135949
0.13583
0.135658
0.135433
0.135157
0.134826
0.134438
0.133995
0.133495
0.132933
0.13231
0.13162
0.13086
0.130031
0.129132
0.128159
0.12711
0.12598
0.124755
0.123397
0.12186
0.12014
0.118229
0.116121
0.113808
0.111289
0.108562
0.10563
0.1025
0.0991753
0.0956575
0.0919111
0.087831
0.0834194
0.0746159
0.136953
0.136924
0.136873
0.136799
0.136707
0.136591
0.13645
0.136285
0.136093
0.135872
0.135623
0.135339
0.135018
0.134656
0.134245
0.133781
0.133252
0.132649
0.131957
0.131163
0.130243
0.129183
0.12796
0.126555
0.124973
0.123208
0.121227
0.119013
0.116572
0.113911
0.111134
0.108283
0.105501
0.103046
0.101292
0.102134
0.109561
0.12783
0.160647
0.13697
0.136967
0.136961
0.136925
0.136872
0.136782
0.13665
0.136478
0.13627
0.136023
0.135736
0.135412
0.135049
0.134643
0.134195
0.133699
0.133154
0.132557
0.131908
0.131202
0.130437
0.129607
0.1287
0.127687
0.126535
0.125234
0.123773
0.122141
0.120325
0.118314
0.116098
0.113671
0.111024
0.108152
0.105042
0.101663
0.0978529
0.0938149
0.0849651
0.137607
0.137585
0.137545
0.137488
0.137417
0.137326
0.137215
0.137088
0.136939
0.136769
0.136577
0.136359
0.136114
0.135837
0.135522
0.135167
0.134763
0.134304
0.133775
0.133167
0.132464
0.131653
0.130717
0.129647
0.128447
0.127104
0.125584
0.123864
0.121915
0.119709
0.117228
0.114484
0.111535
0.108412
0.10542
0.102664
0.101677
0.110165
0.140408
0.137619
0.137615
0.137608
0.137579
0.137539
0.137468
0.137363
0.137228
0.137066
0.136875
0.136654
0.136408
0.136135
0.135832
0.135498
0.135131
0.134728
0.134287
0.133805
0.13328
0.132709
0.132086
0.131402
0.130635
0.129759
0.128767
0.127646
0.126386
0.124972
0.123389
0.121625
0.119664
0.117494
0.115098
0.112455
0.109532
0.10614
0.102557
0.0943994
0.1381
0.138083
0.138052
0.138006
0.137949
0.137876
0.137788
0.137686
0.137568
0.137433
0.137281
0.137108
0.136914
0.136696
0.136448
0.136168
0.135849
0.135487
0.135072
0.134597
0.134049
0.133419
0.132693
0.131862
0.13093
0.129888
0.128709
0.127371
0.125843
0.124097
0.122095
0.1198
0.117185
0.114215
0.110979
0.107342
0.103984
0.101907
0.12261
0.138109
0.138104
0.138096
0.138072
0.13804
0.137984
0.137898
0.137789
0.137658
0.137507
0.137333
0.137141
0.136929
0.136696
0.136441
0.136161
0.135855
0.13552
0.135155
0.134756
0.134321
0.133844
0.133319
0.132728
0.132052
0.131284
0.130414
0.129433
0.128326
0.127081
0.125683
0.124115
0.122361
0.120401
0.118208
0.115748
0.112829
0.109736
0.102534
0.138484
0.13847
0.138445
0.138407
0.138361
0.138301
0.138229
0.138146
0.138049
0.13794
0.137817
0.137677
0.137521
0.137346
0.137148
0.136925
0.136671
0.136382
0.136053
0.135675
0.135238
0.134736
0.13416
0.133503
0.132766
0.13194
0.131008
0.12995
0.128742
0.127358
0.125761
0.123913
0.121769
0.119257
0.116331
0.112806
0.108971
0.103019
0.11184
0.13849
0.138485
0.138476
0.138454
0.138429
0.138383
0.138313
0.138222
0.138115
0.137992
0.137852
0.137698
0.13753
0.137346
0.137147
0.136929
0.136691
0.136432
0.13615
0.13584
0.135502
0.135131
0.134721
0.134258
0.133728
0.133125
0.132441
0.131668
0.130794
0.129807
0.128694
0.12744
0.126028
0.124437
0.122639
0.120602
0.118142
0.115531
0.109356
0.13879
0.138779
0.138758
0.138726
0.138687
0.138637
0.138576
0.138507
0.138426
0.138335
0.138234
0.13812
0.137992
0.137848
0.137686
0.137505
0.137299
0.137064
0.136796
0.136491
0.13614
0.135736
0.135273
0.134746
0.134155
0.133493
0.132744
0.131894
0.130925
0.129814
0.128533
0.127045
0.125307
0.123254
0.120816
0.117754
0.114214
0.108097
0.10802
0.138795
0.138788
0.138779
0.138759
0.138738
0.1387
0.138641
0.138565
0.138476
0.138374
0.138259
0.138134
0.137998
0.13785
0.137691
0.137518
0.137331
0.137126
0.136903
0.13666
0.136393
0.1361
0.135774
0.135406
0.134985
0.134505
0.133961
0.133344
0.132646
0.131856
0.130963
0.129954
0.128813
0.127523
0.126054
0.124379
0.122331
0.120158
0.114976
0.139039
0.13903
0.139012
0.138985
0.138951
0.138907
0.138855
0.138796
0.138729
0.138652
0.138566
0.138471
0.138365
0.138246
0.138112
0.137961
0.137792
0.1376
0.137379
0.137128
0.136841
0.136512
0.136135
0.135706
0.135227
0.13469
0.134082
0.133391
0.132604
0.131701
0.13066
0.129453
0.128041
0.126366
0.124364
0.121823
0.118805
0.11351
0.108692
0.139043
0.139036
0.139025
0.139007
0.138989
0.138957
0.138907
0.138843
0.138768
0.138682
0.138586
0.138482
0.13837
0.13825
0.13812
0.137981
0.137831
0.137667
0.137488
0.137294
0.137081
0.136846
0.136584
0.136287
0.135948
0.135562
0.135123
0.134626
0.134063
0.133425
0.132702
0.131883
0.130956
0.129904
0.128702
0.127325
0.125629
0.123831
0.119548
0.139246
0.139237
0.139221
0.139197
0.139167
0.139129
0.139084
0.139033
0.138974
0.13891
0.138837
0.138756
0.138666
0.138567
0.138455
0.138328
0.138186
0.138026
0.137844
0.137635
0.137396
0.137125
0.136815
0.136463
0.136069
0.135628
0.13513
0.134564
0.133917
0.133176
0.132323
0.131332
0.130175
0.128803
0.127159
0.125071
0.122525
0.118389
0.111874
0.139249
0.139241
0.13923
0.139212
0.139197
0.13917
0.139127
0.139072
0.139008
0.138935
0.138853
0.138766
0.138672
0.138573
0.138467
0.138352
0.138229
0.138097
0.137953
0.137795
0.137622
0.137431
0.137219
0.136978
0.136701
0.136387
0.13603
0.135625
0.135165
0.134645
0.134055
0.133387
0.132627
0.131764
0.130775
0.12964
0.128236
0.126747
0.123239
0.139419
0.139411
0.139396
0.139374
0.139347
0.139313
0.139273
0.139228
0.139178
0.139122
0.13906
0.138991
0.138914
0.138829
0.138735
0.138628
0.138508
0.138372
0.13822
0.138045
0.137845
0.137618
0.13736
0.137068
0.136742
0.136377
0.135964
0.135496
0.134961
0.134348
0.133641
0.132822
0.131864
0.13073
0.129372
0.12766
0.125494
0.122379
0.115877
0.139421
0.139413
0.139401
0.139384
0.139371
0.139348
0.139311
0.139263
0.139207
0.139145
0.139075
0.139001
0.138922
0.138838
0.13875
0.138655
0.138554
0.138444
0.138327
0.138198
0.138056
0.137899
0.137725
0.137527
0.1373
0.137041
0.136748
0.136416
0.136038
0.13561
0.135124
0.134574
0.133948
0.133235
0.132417
0.131476
0.130311
0.129072
0.126212
0.139565
0.139558
0.139543
0.139523
0.139498
0.139467
0.139432
0.139393
0.139348
0.139299
0.139246
0.139187
0.139121
0.139048
0.138966
0.138877
0.138775
0.138659
0.138529
0.138382
0.138214
0.138022
0.137804
0.13756
0.137287
0.136982
0.136638
0.136247
0.135801
0.13529
0.134701
0.134018
0.13322
0.132275
0.131143
0.129733
0.127891
0.125512
0.119763
0.139567
0.13956
0.139547
0.13953
0.139519
0.139499
0.139467
0.139425
0.139376
0.139322
0.139262
0.139198
0.139131
0.139059
0.138985
0.138906
0.138821
0.13873
0.138632
0.138526
0.138409
0.138279
0.138135
0.137971
0.137783
0.137569
0.137325
0.13705
0.136738
0.136383
0.13598
0.135523
0.135004
0.134412
0.133731
0.132948
0.131977
0.130941
0.12861
0.139691
0.139684
0.139669
0.13965
0.139627
0.139599
0.139567
0.139532
0.139493
0.13945
0.139403
0.139352
0.139296
0.139233
0.139163
0.139085
0.138998
0.1389
0.138788
0.138661
0.138519
0.138357
0.138172
0.137965
0.137735
0.137479
0.137189
0.13686
0.136485
0.136056
0.135562
0.134989
0.134319
0.133528
0.132577
0.131406
0.129845
0.127965
0.123156
0.139693
0.139685
0.139673
0.139655
0.139645
0.139628
0.1396
0.139563
0.139521
0.139473
0.13942
0.139365
0.139307
0.139246
0.139182
0.139115
0.139045
0.138968
0.138886
0.138797
0.1387
0.138592
0.138472
0.138334
0.138177
0.137999
0.137796
0.137566
0.137305
0.13701
0.136674
0.136292
0.135859
0.135364
0.134795
0.134139
0.133326
0.132455
0.130553
0.139799
0.139791
0.139776
0.139758
0.139737
0.139711
0.139683
0.139651
0.139617
0.13958
0.139539
0.139494
0.139445
0.139391
0.139331
0.139263
0.139188
0.139104
0.139008
0.138899
0.138776
0.138637
0.138481
0.138304
0.138108
0.137891
0.137646
0.137367
0.13705
0.136687
0.13627
0.135786
0.135221
0.134554
0.133752
0.132771
0.13145
0.129915
0.125984
0.139801
0.139794
0.139781
0.139764
0.139755
0.13974
0.139715
0.139683
0.139645
0.139603
0.139556
0.139508
0.139457
0.139405
0.13935
0.139293
0.139232
0.139168
0.139099
0.139024
0.138942
0.138852
0.138751
0.138636
0.138503
0.138354
0.138184
0.13799
0.137771
0.137523
0.137242
0.136922
0.136557
0.136142
0.135664
0.135112
0.134428
0.133692
0.132135
0.139893
0.139884
0.139869
0.139852
0.139832
0.139809
0.139783
0.139755
0.139725
0.139692
0.139657
0.139618
0.139575
0.139528
0.139476
0.139418
0.139352
0.139279
0.139197
0.139103
0.138996
0.138876
0.138742
0.138591
0.138424
0.138237
0.138028
0.137791
0.137521
0.137212
0.136857
0.136446
0.135967
0.135402
0.134722
0.133894
0.132778
0.131496
0.128301
0.139895
0.139889
0.139876
0.139858
0.13985
0.139837
0.139816
0.139786
0.139753
0.139715
0.139674
0.139631
0.139587
0.139541
0.139494
0.139445
0.139393
0.139338
0.13928
0.139217
0.139147
0.139071
0.138985
0.138888
0.138776
0.138649
0.138506
0.138343
0.138159
0.137949
0.137711
0.137442
0.137134
0.136783
0.136379
0.135913
0.135337
0.134712
0.133433
0.139974
0.139965
0.13995
0.139933
0.139915
0.139893
0.139871
0.139847
0.13982
0.139791
0.139761
0.139727
0.13969
0.139649
0.139603
0.139554
0.139497
0.139432
0.13936
0.139279
0.139188
0.139083
0.138966
0.138836
0.138693
0.138532
0.138352
0.138149
0.137918
0.137653
0.13735
0.136999
0.136591
0.136109
0.135531
0.134828
0.133883
0.132798
0.130195
0.139978
0.139972
0.139959
0.139941
0.139934
0.139923
0.139904
0.139878
0.139847
0.139813
0.139776
0.139738
0.139699
0.139659
0.139618
0.139576
0.139531
0.139484
0.139434
0.13938
0.139322
0.139256
0.139184
0.139101
0.139007
0.138899
0.138777
0.138639
0.138483
0.138305
0.138103
0.137875
0.137614
0.137317
0.136974
0.136578
0.136091
0.135558
0.134504
0.140046
0.140036
0.140021
0.140005
0.139988
0.139968
0.139948
0.139927
0.139904
0.139879
0.139853
0.139824
0.139792
0.139757
0.139717
0.139673
0.139624
0.139568
0.139505
0.139433
0.139353
0.139263
0.139161
0.139048
0.138924
0.138786
0.13863
0.138455
0.138255
0.138028
0.137767
0.137466
0.137116
0.136703
0.136209
0.135609
0.134809
0.133884
0.131751
0.14005
0.140046
0.140033
0.140015
0.140008
0.139998
0.139981
0.139958
0.13993
0.139899
0.139866
0.139832
0.139797
0.139762
0.139725
0.139689
0.139651
0.13961
0.139567
0.139521
0.139471
0.139416
0.139354
0.139283
0.139202
0.139111
0.139007
0.138889
0.138756
0.138606
0.138434
0.138239
0.138017
0.137764
0.137473
0.137135
0.136721
0.136265
0.135394
0.140109
0.140098
0.140083
0.140068
0.140052
0.140035
0.140017
0.139999
0.13998
0.139959
0.139936
0.139911
0.139884
0.139853
0.139819
0.139779
0.139736
0.139687
0.139633
0.13957
0.139499
0.13942
0.139332
0.139233
0.139124
0.139005
0.138871
0.138718
0.138545
0.138349
0.138124
0.137864
0.137562
0.137207
0.136783
0.136269
0.135588
0.134795
0.133056
0.140114
0.140111
0.140098
0.14008
0.140073
0.140065
0.140049
0.140028
0.140003
0.139975
0.139945
0.139914
0.139883
0.139852
0.13982
0.139788
0.139755
0.13972
0.139683
0.139643
0.1396
0.139553
0.139501
0.13944
0.13937
0.139292
0.139204
0.139103
0.138989
0.13886
0.138714
0.138548
0.138358
0.138142
0.137893
0.137605
0.137251
0.13686
0.136137
0.140164
0.140153
0.140138
0.140124
0.140109
0.140095
0.14008
0.140065
0.140049
0.140031
0.140012
0.139991
0.139966
0.139939
0.139909
0.139875
0.139836
0.139793
0.139745
0.13969
0.139628
0.139558
0.139481
0.139395
0.139301
0.139196
0.139079
0.138947
0.138797
0.138626
0.138431
0.138206
0.137944
0.137638
0.137272
0.13683
0.136248
0.135563
0.134169
0.140171
0.140169
0.140156
0.140138
0.140132
0.140125
0.140111
0.140091
0.140068
0.140042
0.140015
0.139987
0.139959
0.139932
0.139904
0.139875
0.139846
0.139816
0.139785
0.139751
0.139713
0.139673
0.139628
0.139576
0.139516
0.139448
0.139373
0.139287
0.139189
0.139078
0.138953
0.138811
0.138649
0.138463
0.138249
0.138003
0.137701
0.137364
0.136761
0.140213
0.140201
0.140187
0.140174
0.140161
0.140149
0.140137
0.140125
0.140112
0.140097
0.140081
0.140062
0.140041
0.140017
0.13999
0.13996
0.139926
0.139888
0.139844
0.139797
0.139743
0.139681
0.139612
0.139537
0.139455
0.139364
0.139261
0.139146
0.139015
0.138866
0.138696
0.138501
0.138274
0.138009
0.137692
0.137309
0.136813
0.136214
0.135103
0.140221
0.14022
0.140208
0.140189
0.140184
0.140178
0.140166
0.140147
0.140125
0.140101
0.140077
0.140052
0.140026
0.140002
0.139978
0.139953
0.139928
0.139901
0.139874
0.139845
0.139813
0.139778
0.139739
0.139695
0.139644
0.139585
0.139519
0.139446
0.139362
0.139267
0.139159
0.139036
0.138898
0.138738
0.138554
0.138342
0.138084
0.137794
0.137289
0.140256
0.140244
0.140231
0.140219
0.140208
0.140199
0.14019
0.140181
0.14017
0.140158
0.140143
0.140127
0.140108
0.140087
0.140063
0.140036
0.140007
0.139973
0.139935
0.139892
0.139844
0.13979
0.139729
0.139663
0.139591
0.139511
0.139421
0.13932
0.139206
0.139076
0.138928
0.138757
0.13856
0.138329
0.138054
0.137723
0.137297
0.136771
0.135881
0.140265
0.140267
0.140255
0.140236
0.140231
0.140226
0.140214
0.140197
0.140177
0.140154
0.140131
0.140109
0.140087
0.140065
0.140044
0.140022
0.140001
0.139978
0.139954
0.139929
0.139902
0.139871
0.139837
0.139799
0.139755
0.139705
0.139648
0.139583
0.139512
0.139431
0.139337
0.139231
0.139112
0.138975
0.138817
0.138634
0.138412
0.138162
0.137738
0.140295
0.140283
0.14027
0.14026
0.140252
0.140245
0.140239
0.140232
0.140223
0.140213
0.1402
0.140185
0.140169
0.140151
0.14013
0.140106
0.14008
0.140051
0.140017
0.139978
0.139935
0.139888
0.139835
0.139776
0.139712
0.139642
0.139563
0.139474
0.139374
0.13926
0.139131
0.138982
0.138809
0.138608
0.138369
0.13808
0.137716
0.137253
0.13653
0.140305
0.140308
0.140297
0.140278
0.140273
0.140269
0.140258
0.140242
0.140222
0.140202
0.140181
0.140161
0.140142
0.140122
0.140103
0.140084
0.140066
0.140046
0.140025
0.140003
0.13998
0.139954
0.139925
0.139891
0.139853
0.13981
0.139761
0.139706
0.139643
0.139573
0.139494
0.139402
0.139298
0.13918
0.139045
0.138887
0.138695
0.138479
0.138121
0.140329
0.140318
0.140306
0.140297
0.140292
0.140288
0.140285
0.140279
0.140271
0.140262
0.140252
0.140239
0.140225
0.140209
0.140191
0.140171
0.140147
0.140121
0.140091
0.140058
0.140019
0.139976
0.13993
0.139878
0.139821
0.139759
0.139689
0.139611
0.139523
0.139423
0.139309
0.139178
0.139028
0.138852
0.138644
0.138391
0.138086
0.137677
0.137078
0.14034
0.140345
0.140335
0.140315
0.140312
0.140308
0.140298
0.140282
0.140263
0.140244
0.140226
0.140208
0.14019
0.140174
0.140158
0.140141
0.140124
0.140107
0.14009
0.14007
0.14005
0.140028
0.140003
0.139974
0.13994
0.139903
0.139861
0.139814
0.13976
0.139699
0.139631
0.139554
0.139464
0.139361
0.139244
0.139108
0.138943
0.138755
0.138451
0.14036
0.140349
0.140338
0.140332
0.14033
0.140329
0.140326
0.140322
0.140315
0.140308
0.140299
0.140289
0.140277
0.140263
0.140248
0.14023
0.14021
0.140186
0.140159
0.14013
0.140096
0.140058
0.140015
0.13997
0.13992
0.139865
0.139803
0.139734
0.139656
0.139568
0.139467
0.139352
0.13922
0.139066
0.138885
0.138662
0.138416
0.138056
0.137551
0.140371
0.140379
0.140369
0.140349
0.140346
0.140343
0.140333
0.140317
0.1403
0.140283
0.140266
0.140251
0.140235
0.140221
0.140207
0.140192
0.140178
0.140163
0.140148
0.140132
0.140114
0.140094
0.140073
0.140049
0.14002
0.139988
0.139952
0.139913
0.139868
0.139816
0.139757
0.13969
0.139614
0.139526
0.139423
0.139305
0.139163
0.138999
0.13874
0.140388
0.140378
0.140368
0.140365
0.140366
0.140366
0.140364
0.140361
0.140357
0.140351
0.140344
0.140336
0.140326
0.140314
0.1403
0.140285
0.140267
0.140247
0.140223
0.140196
0.140166
0.140133
0.140095
0.140053
0.14001
0.139961
0.139906
0.139845
0.139776
0.139698
0.139609
0.139507
0.139391
0.139257
0.139104
0.138911
0.138711
0.138395
0.137966
0.140399
0.140409
0.1404
0.140379
0.140378
0.140376
0.140365
0.140349
0.140333
0.140318
0.140303
0.14029
0.140277
0.140264
0.140251
0.140239
0.140227
0.140214
0.1402
0.140187
0.140172
0.140156
0.140138
0.140118
0.140095
0.140069
0.14004
0.140007
0.13997
0.139928
0.139878
0.139821
0.139755
0.13968
0.139591
0.139487
0.139363
0.13922
0.138996
0.140414
0.140404
0.140395
0.140397
0.1404
0.1404
0.140399
0.140397
0.140395
0.140391
0.140386
0.140379
0.140371
0.140362
0.14035
0.140336
0.14032
0.140303
0.140282
0.140258
0.140231
0.140201
0.140168
0.140131
0.140091
0.140048
0.14
0.139945
0.139884
0.139815
0.139736
0.139648
0.139549
0.139436
0.13931
0.139149
0.138979
0.1387
0.138332
0.140424
0.140435
0.140428
0.140407
0.140406
0.140404
0.140394
0.140378
0.140363
0.14035
0.140337
0.140326
0.140314
0.140303
0.140292
0.140282
0.140272
0.140261
0.14025
0.140239
0.140227
0.140215
0.140201
0.140186
0.14017
0.140151
0.140129
0.140104
0.140074
0.14004
0.139999
0.139951
0.139894
0.139829
0.139753
0.139662
0.139552
0.139426
0.13923
0.140437
0.140427
0.140421
0.140427
0.14043
0.14043
0.140431
0.140432
0.14043
0.140429
0.140425
0.14042
0.140413
0.140406
0.140396
0.140384
0.140371
0.140355
0.140338
0.140317
0.140292
0.140265
0.140236
0.140204
0.140168
0.140129
0.140086
0.140037
0.139983
0.139922
0.139855
0.139782
0.1397
0.139607
0.139501
0.139367
0.139223
0.138979
0.138659
0.140446
0.140458
0.140451
0.140432
0.140432
0.14043
0.140419
0.140404
0.140391
0.140379
0.140369
0.140359
0.140349
0.14034
0.140331
0.140323
0.140314
0.140306
0.140298
0.14029
0.140281
0.140274
0.140267
0.140259
0.140249
0.140238
0.140223
0.140204
0.140181
0.140153
0.14012
0.140081
0.140033
0.139976
0.139909
0.139831
0.139734
0.139622
0.139449
0.140458
0.140448
0.140445
0.140455
0.140457
0.140457
0.14046
0.140462
0.140462
0.140462
0.14046
0.140456
0.140452
0.140446
0.140438
0.14043
0.14042
0.140407
0.140392
0.140376
0.140355
0.140331
0.140305
0.140276
0.140244
0.140208
0.140169
0.140126
0.140079
0.140028
0.139973
0.139912
0.139844
0.139765
0.139676
0.139564
0.139441
0.139237
0.138958
0.140465
0.140474
0.140469
0.140454
0.140454
0.140452
0.140441
0.140427
0.140416
0.140407
0.140398
0.14039
0.140382
0.140375
0.140368
0.140362
0.140356
0.14035
0.140346
0.140341
0.140337
0.140335
0.140335
0.140334
0.140329
0.140322
0.140313
0.1403
0.140284
0.140264
0.140239
0.140208
0.14017
0.140122
0.140064
0.139995
0.139911
0.13981
0.139666
0.140475
0.140467
0.140466
0.140475
0.140477
0.140478
0.140481
0.140483
0.140484
0.140485
0.140484
0.140483
0.140481
0.140479
0.140475
0.14047
0.140464
0.140457
0.140446
0.140435
0.140423
0.140406
0.140386
0.140364
0.140339
0.140309
0.140275
0.140237
0.140195
0.140149
0.140098
0.140043
0.139982
0.139914
0.139836
0.139741
0.139635
0.139468
0.139229
0.140479
0.140483
0.14048
0.14047
0.140469
0.140467
0.140459
0.140447
0.140439
0.140432
0.140424
0.140418
0.140412
0.140407
0.140403
0.1404
0.140396
0.140394
0.140392
0.140391
0.140391
0.140391
0.140392
0.140393
0.140391
0.140386
0.14038
0.140373
0.140364
0.140352
0.140337
0.140318
0.140293
0.140261
0.140216
0.140156
0.140084
0.139992
0.139881
0.140485
0.140481
0.140482
0.140487
0.140489
0.14049
0.140493
0.140495
0.140497
0.140498
0.140499
0.140499
0.140499
0.140498
0.140497
0.140495
0.140492
0.140489
0.140484
0.140478
0.140471
0.140463
0.140452
0.140439
0.140423
0.140404
0.14038
0.140351
0.140317
0.140277
0.140232
0.14018
0.140123
0.140059
0.139987
0.139902
0.139807
0.139671
0.139471
0.140487
0.140489
0.140487
0.14048
0.140478
0.140475
0.14047
0.140463
0.140456
0.140452
0.140447
0.140442
0.140439
0.140436
0.140434
0.140432
0.140431
0.14043
0.140429
0.140428
0.140428
0.140428
0.140428
0.140427
0.140426
0.140424
0.14042
0.140415
0.14041
0.140404
0.140396
0.140385
0.140371
0.140353
0.140329
0.140293
0.140242
0.140163
0.140078
0.140491
0.140489
0.14049
0.140494
0.140496
0.140498
0.140501
0.140503
0.140505
0.140507
0.140509
0.14051
0.140511
0.140511
0.140511
0.140511
0.140509
0.140508
0.140506
0.140503
0.140499
0.140495
0.14049
0.140483
0.140474
0.140464
0.140451
0.140434
0.140413
0.140386
0.140352
0.14031
0.140261
0.140202
0.140136
0.140056
0.139968
0.13985
0.139684
0.140491
0.140493
0.14049
0.140485
0.140483
0.14048
0.140476
0.140471
0.140466
0.140463
0.14046
0.140457
0.140455
0.140454
0.140452
0.140451
0.14045
0.14045
0.140449
0.140448
0.140448
0.140448
0.140448
0.140448
0.140447
0.140446
0.140444
0.140442
0.140439
0.140435
0.140431
0.140425
0.140418
0.140408
0.140395
0.140376
0.140352
0.140297
0.140239
0.140494
0.140494
0.140495
0.140498
0.1405
0.140503
0.140506
0.140509
0.140511
0.140513
0.140516
0.140517
0.140519
0.14052
0.140521
0.140522
0.140522
0.140521
0.140521
0.14052
0.140518
0.140516
0.140513
0.140509
0.140505
0.140499
0.140492
0.140483
0.140472
0.140457
0.140437
0.140411
0.140376
0.140331
0.140275
0.140205
0.140123
0.140016
0.139872
0.140494
0.140495
0.140493
0.140488
0.140486
0.140483
0.140479
0.140475
0.140471
0.140469
0.140467
0.140465
0.140464
0.140463
0.140462
0.140462
0.140461
0.140461
0.140461
0.140461
0.140461
0.140461
0.140461
0.140462
0.140461
0.140461
0.14046
0.14046
0.140458
0.140456
0.140454
0.140452
0.140448
0.140442
0.140435
0.140424
0.140413
0.140385
0.140352
0.140496
0.140496
0.140498
0.140501
0.140503
0.140506
0.140509
0.140512
0.140515
0.140518
0.140521
0.140523
0.140525
0.140527
0.140528
0.14053
0.140531
0.140531
0.140532
0.140532
0.140532
0.140531
0.140529
0.140527
0.140525
0.140522
0.140518
0.140513
0.140507
0.140499
0.140489
0.140475
0.140455
0.140427
0.140389
0.140335
0.140267
0.140172
0.140045
0.140496
0.140496
0.140494
0.14049
0.140487
0.140484
0.14048
0.140477
0.140474
0.140472
0.140471
0.14047
0.140469
0.140469
0.140469
0.140468
0.140468
0.140468
0.140468
0.140469
0.140469
0.140469
0.14047
0.14047
0.140471
0.140471
0.140471
0.140471
0.140471
0.140471
0.14047
0.140469
0.140468
0.140465
0.140461
0.140455
0.140449
0.140435
0.14042
0.140497
0.140497
0.140499
0.140502
0.140505
0.140508
0.140512
0.140515
0.140518
0.140521
0.140524
0.140527
0.140529
0.140532
0.140534
0.140536
0.140537
0.140539
0.14054
0.140541
0.140542
0.140542
0.140542
0.140541
0.14054
0.140539
0.140536
0.140533
0.14053
0.140526
0.14052
0.140513
0.140503
0.140489
0.140468
0.140434
0.140387
0.140311
0.140205
0.140496
0.140495
0.140494
0.14049
0.140487
0.140484
0.14048
0.140477
0.140475
0.140474
0.140473
0.140472
0.140472
0.140472
0.140472
0.140472
0.140472
0.140473
0.140473
0.140473
0.140474
0.140475
0.140475
0.140476
0.140477
0.140478
0.140479
0.140479
0.14048
0.140481
0.140481
0.140481
0.140481
0.140481
0.14048
0.140477
0.140474
0.140466
0.14046
0.140497
0.140498
0.140499
0.140503
0.140506
0.140509
0.140513
0.140517
0.14052
0.140524
0.140527
0.14053
0.140533
0.140536
0.140538
0.140541
0.140543
0.140545
0.140547
0.140548
0.14055
0.140551
0.140552
0.140552
0.140552
0.140551
0.140551
0.140549
0.140547
0.140545
0.140542
0.140538
0.140533
0.140526
0.140516
0.140499
0.140472
0.140422
0.140343
0.140495
0.140495
0.140493
0.140489
0.140486
0.140483
0.140479
0.140477
0.140475
0.140474
0.140473
0.140473
0.140473
0.140473
0.140474
0.140474
0.140475
0.140475
0.140476
0.140476
0.140477
0.140478
0.140479
0.14048
0.140481
0.140482
0.140484
0.140485
0.140486
0.140487
0.140489
0.14049
0.14049
0.140491
0.140492
0.140492
0.140491
0.140487
0.140486
0.140496
0.140497
0.140499
0.140503
0.140506
0.14051
0.140514
0.140518
0.140522
0.140525
0.140529
0.140532
0.140535
0.140539
0.140542
0.140544
0.140547
0.14055
0.140552
0.140554
0.140556
0.140558
0.140559
0.140561
0.140562
0.140562
0.140562
0.140562
0.140562
0.14056
0.140559
0.140557
0.140554
0.14055
0.140545
0.140537
0.140526
0.140498
0.14045
0.140494
0.140493
0.140491
0.140488
0.140484
0.140481
0.140478
0.140475
0.140474
0.140473
0.140473
0.140473
0.140473
0.140474
0.140474
0.140475
0.140475
0.140476
0.140477
0.140478
0.140478
0.14048
0.140481
0.140482
0.140484
0.140485
0.140487
0.140488
0.14049
0.140491
0.140493
0.140495
0.140497
0.140499
0.1405
0.140502
0.140504
0.140502
0.140504
0.140494
0.140496
0.140498
0.140502
0.140506
0.14051
0.140514
0.140518
0.140522
0.140526
0.14053
0.140534
0.140537
0.140541
0.140544
0.140547
0.14055
0.140553
0.140556
0.140559
0.140562
0.140564
0.140566
0.140568
0.140569
0.140571
0.140572
0.140572
0.140573
0.140573
0.140573
0.140572
0.140571
0.140569
0.140566
0.140562
0.140559
0.140545
0.140524
0.140493
0.140491
0.140489
0.140486
0.140482
0.140479
0.140475
0.140473
0.140472
0.140471
0.140471
0.140472
0.140472
0.140473
0.140474
0.140474
0.140475
0.140476
0.140477
0.140478
0.140479
0.14048
0.140481
0.140483
0.140484
0.140486
0.140488
0.14049
0.140492
0.140494
0.140496
0.140499
0.140501
0.140504
0.140506
0.140508
0.140512
0.140512
0.140516
0.140492
0.140494
0.140497
0.140501
0.140505
0.140509
0.140513
0.140518
0.140522
0.140526
0.140531
0.140535
0.140538
0.140542
0.140546
0.140549
0.140553
0.140556
0.140559
0.140563
0.140566
0.140569
0.140571
0.140574
0.140576
0.140578
0.140579
0.140581
0.140582
0.140583
0.140584
0.140585
0.140585
0.140584
0.140584
0.140582
0.140581
0.140573
0.140571
0.14049
0.140489
0.140487
0.140483
0.140479
0.140476
0.140472
0.14047
0.140469
0.140469
0.140469
0.14047
0.14047
0.140471
0.140472
0.140473
0.140474
0.140475
0.140476
0.140477
0.140478
0.140479
0.14048
0.140482
0.140484
0.140486
0.140488
0.14049
0.140492
0.140495
0.140497
0.1405
0.140503
0.140506
0.140509
0.140512
0.140516
0.140519
0.140524
0.14049
0.140492
0.140495
0.140499
0.140503
0.140507
0.140512
0.140517
0.140522
0.140526
0.140531
0.140535
0.140539
0.140543
0.140547
0.140551
0.140555
0.140558
0.140562
0.140566
0.140569
0.140572
0.140576
0.140578
0.140581
0.140583
0.140586
0.140588
0.14059
0.140592
0.140594
0.140595
0.140597
0.140597
0.140598
0.140598
0.140599
0.140593
0.140599
0.140488
0.140486
0.140484
0.14048
0.140476
0.140472
0.140469
0.140467
0.140466
0.140466
0.140466
0.140467
0.140468
0.140469
0.14047
0.140471
0.140472
0.140473
0.140474
0.140475
0.140476
0.140477
0.140479
0.14048
0.140482
0.140484
0.140486
0.140489
0.140491
0.140494
0.140497
0.1405
0.140503
0.140507
0.140511
0.140514
0.140519
0.140522
0.140529
0.140487
0.140489
0.140492
0.140497
0.140501
0.140506
0.140511
0.140516
0.140521
0.140525
0.14053
0.140535
0.140539
0.140543
0.140547
0.140552
0.140556
0.14056
0.140564
0.140568
0.140572
0.140575
0.140579
0.140582
0.140585
0.140588
0.140591
0.140594
0.140596
0.140599
0.140602
0.140604
0.140606
0.140608
0.14061
0.140611
0.140614
0.14061
0.140619
0.140484
0.140483
0.14048
0.140476
0.140472
0.140468
0.140465
0.140463
0.140462
0.140462
0.140463
0.140464
0.140464
0.140466
0.140467
0.140468
0.140469
0.14047
0.140471
0.140472
0.140473
0.140474
0.140476
0.140478
0.14048
0.140482
0.140484
0.140486
0.140489
0.140492
0.140495
0.140498
0.140502
0.140505
0.14051
0.140514
0.140519
0.140523
0.140531
0.140483
0.140486
0.140489
0.140494
0.140499
0.140503
0.140509
0.140514
0.140519
0.140524
0.140529
0.140534
0.140538
0.140543
0.140547
0.140552
0.140556
0.140561
0.140565
0.140569
0.140574
0.140578
0.140582
0.140585
0.140589
0.140592
0.140595
0.140599
0.140602
0.140605
0.140608
0.140611
0.140614
0.140617
0.14062
0.140623
0.140627
0.140624
0.140635
0.140481
0.140479
0.140476
0.140472
0.140468
0.140464
0.140461
0.140459
0.140458
0.140458
0.140459
0.14046
0.140461
0.140462
0.140463
0.140464
0.140465
0.140466
0.140467
0.140468
0.140469
0.14047
0.140472
0.140474
0.140476
0.140478
0.14048
0.140483
0.140486
0.140488
0.140492
0.140495
0.140499
0.140503
0.140507
0.140512
0.140518
0.140523
0.140531
0.14048
0.140482
0.140486
0.140491
0.140496
0.140501
0.140506
0.140512
0.140517
0.140522
0.140527
0.140532
0.140537
0.140542
0.140547
0.140551
0.140556
0.140561
0.140565
0.14057
0.140575
0.140579
0.140584
0.140588
0.140591
0.140595
0.140599
0.140602
0.140606
0.14061
0.140614
0.140617
0.140621
0.140625
0.140629
0.140632
0.140637
0.140637
0.140647
0.140477
0.140475
0.140472
0.140468
0.140463
0.140459
0.140456
0.140454
0.140453
0.140453
0.140454
0.140455
0.140456
0.140457
0.140458
0.140459
0.14046
0.140461
0.140462
0.140463
0.140464
0.140466
0.140467
0.140469
0.140471
0.140473
0.140476
0.140478
0.140481
0.140484
0.140487
0.140491
0.140495
0.140499
0.140504
0.140509
0.140515
0.14052
0.140529
0.140475
0.140478
0.140482
0.140487
0.140492
0.140498
0.140504
0.140509
0.140515
0.14052
0.140525
0.140531
0.140536
0.140541
0.140546
0.140551
0.140555
0.14056
0.140565
0.14057
0.140575
0.14058
0.140585
0.140589
0.140593
0.140597
0.140602
0.140606
0.14061
0.140614
0.140618
0.140622
0.140627
0.140631
0.140636
0.14064
0.140646
0.140647
0.140658
0.140473
0.14047
0.140468
0.140463
0.140458
0.140454
0.14045
0.140449
0.140448
0.140448
0.140449
0.14045
0.14045
0.140451
0.140452
0.140453
0.140454
0.140455
0.140456
0.140458
0.140459
0.14046
0.140462
0.140463
0.140466
0.140468
0.14047
0.140473
0.140476
0.140479
0.140482
0.140486
0.14049
0.140494
0.140499
0.140504
0.14051
0.140516
0.140525
0.140471
0.140474
0.140478
0.140484
0.140489
0.140494
0.1405
0.140506
0.140512
0.140517
0.140523
0.140528
0.140533
0.140539
0.140544
0.140549
0.140554
0.140559
0.140565
0.14057
0.140575
0.14058
0.140586
0.14059
0.140595
0.140599
0.140603
0.140608
0.140612
0.140617
0.140622
0.140626
0.140631
0.140636
0.140641
0.140646
0.140653
0.140656
0.140667
0.140468
0.140465
0.140462
0.140458
0.140452
0.140448
0.140445
0.140443
0.140443
0.140443
0.140443
0.140444
0.140444
0.140445
0.140446
0.140447
0.140448
0.140449
0.14045
0.140451
0.140452
0.140454
0.140455
0.140457
0.140459
0.140461
0.140464
0.140467
0.140469
0.140473
0.140476
0.14048
0.140484
0.140488
0.140493
0.140499
0.140505
0.140511
0.14052
0.140466
0.140469
0.140474
0.140479
0.140485
0.140491
0.140497
0.140503
0.140508
0.140514
0.14052
0.140525
0.140531
0.140536
0.140542
0.140547
0.140552
0.140558
0.140563
0.140569
0.140575
0.14058
0.140586
0.140591
0.140595
0.1406
0.140605
0.140609
0.140614
0.140619
0.140624
0.140629
0.140635
0.14064
0.140646
0.140652
0.140659
0.140663
0.140675
0.140463
0.14046
0.140457
0.140452
0.140446
0.140442
0.140439
0.140437
0.140436
0.140436
0.140437
0.140437
0.140438
0.140438
0.140439
0.14044
0.140441
0.140442
0.140443
0.140444
0.140445
0.140447
0.140448
0.14045
0.140452
0.140454
0.140457
0.14046
0.140463
0.140466
0.140469
0.140473
0.140477
0.140482
0.140487
0.140492
0.140498
0.140504
0.140514
0.140461
0.140464
0.140469
0.140475
0.14048
0.140486
0.140493
0.140499
0.140505
0.14051
0.140516
0.140522
0.140527
0.140533
0.140539
0.140544
0.14055
0.140556
0.140562
0.140567
0.140573
0.140579
0.140585
0.14059
0.140595
0.1406
0.140605
0.14061
0.140616
0.140621
0.140626
0.140632
0.140638
0.140644
0.14065
0.140656
0.140664
0.140669
0.140681
0.140457
0.140455
0.140451
0.140446
0.14044
0.140435
0.140433
0.140431
0.14043
0.140429
0.140429
0.14043
0.14043
0.140431
0.140432
0.140432
0.140433
0.140434
0.140435
0.140436
0.140437
0.140439
0.14044
0.140442
0.140444
0.140447
0.140449
0.140452
0.140455
0.140458
0.140462
0.140465
0.14047
0.140474
0.140479
0.140485
0.140491
0.140497
0.140507
0.140455
0.140459
0.140464
0.14047
0.140475
0.140482
0.140488
0.140494
0.1405
0.140506
0.140512
0.140518
0.140524
0.140529
0.140535
0.140541
0.140547
0.140553
0.140559
0.140565
0.140571
0.140578
0.140584
0.140589
0.140595
0.1406
0.140605
0.140611
0.140616
0.140622
0.140628
0.140634
0.14064
0.140646
0.140653
0.14066
0.140668
0.140674
0.140686
0.140451
0.140449
0.140445
0.140439
0.140433
0.140429
0.140426
0.140424
0.140423
0.140422
0.140422
0.140422
0.140422
0.140422
0.140423
0.140424
0.140425
0.140426
0.140427
0.140428
0.140429
0.14043
0.140432
0.140434
0.140436
0.140438
0.140441
0.140444
0.140447
0.14045
0.140453
0.140457
0.140461
0.140466
0.140471
0.140476
0.140483
0.140489
0.140499
0.140449
0.140453
0.140458
0.140464
0.14047
0.140476
0.140483
0.140489
0.140495
0.140501
0.140507
0.140513
0.140519
0.140525
0.140531
0.140537
0.140543
0.140549
0.140556
0.140562
0.140569
0.140575
0.140582
0.140588
0.140593
0.140599
0.140604
0.14061
0.140616
0.140622
0.140628
0.140634
0.140641
0.140648
0.140655
0.140662
0.140671
0.140678
0.14069
0.140445
0.140442
0.140438
0.140432
0.140426
0.140422
0.140419
0.140416
0.140415
0.140414
0.140413
0.140413
0.140413
0.140414
0.140414
0.140415
0.140416
0.140417
0.140418
0.140419
0.14042
0.140421
0.140423
0.140425
0.140427
0.140429
0.140432
0.140434
0.140437
0.140441
0.140444
0.140448
0.140452
0.140457
0.140462
0.140467
0.140474
0.14048
0.140489
0.140442
0.140446
0.140452
0.140458
0.140464
0.140471
0.140477
0.140483
0.14049
0.140496
0.140502
0.140508
0.140514
0.14052
0.140526
0.140532
0.140539
0.140545
0.140552
0.140559
0.140565
0.140572
0.140579
0.140585
0.140591
0.140597
0.140603
0.140609
0.140615
0.140621
0.140628
0.140635
0.140641
0.140649
0.140656
0.140664
0.140673
0.140681
0.140694
0.140439
0.140435
0.140431
0.140425
0.140419
0.140414
0.140411
0.140408
0.140406
0.140405
0.140404
0.140404
0.140404
0.140404
0.140405
0.140406
0.140406
0.140407
0.140408
0.140409
0.14041
0.140412
0.140413
0.140415
0.140417
0.140419
0.140422
0.140425
0.140428
0.140431
0.140434
0.140438
0.140442
0.140447
0.140452
0.140457
0.140463
0.14047
0.140479
0.140435
0.14044
0.140445
0.140452
0.140458
0.140464
0.140471
0.140477
0.140483
0.14049
0.140496
0.140502
0.140508
0.140514
0.140521
0.140527
0.140534
0.14054
0.140547
0.140554
0.140561
0.140568
0.140575
0.140582
0.140588
0.140594
0.140601
0.140607
0.140613
0.14062
0.140627
0.140634
0.140641
0.140649
0.140657
0.140665
0.140674
0.140683
0.140696
0.140431
0.140428
0.140424
0.140417
0.140411
0.140406
0.140403
0.1404
0.140397
0.140395
0.140394
0.140394
0.140394
0.140394
0.140395
0.140395
0.140396
0.140397
0.140398
0.140399
0.1404
0.140401
0.140403
0.140404
0.140406
0.140409
0.140411
0.140414
0.140417
0.14042
0.140423
0.140427
0.140431
0.140435
0.14044
0.140445
0.140452
0.140458
0.140467
0.140428
0.140433
0.140438
0.140445
0.140451
0.140457
0.140464
0.14047
0.140476
0.140483
0.140489
0.140495
0.140501
0.140508
0.140514
0.140521
0.140528
0.140535
0.140542
0.140549
0.140556
0.140564
0.140571
0.140578
0.140585
0.140591
0.140597
0.140604
0.140611
0.140618
0.140625
0.140632
0.14064
0.140648
0.140656
0.140665
0.140675
0.140684
0.140697
0.140424
0.14042
0.140416
0.140409
0.140402
0.140398
0.140394
0.140391
0.140388
0.140385
0.140384
0.140383
0.140383
0.140384
0.140384
0.140385
0.140385
0.140386
0.140387
0.140388
0.140389
0.14039
0.140391
0.140393
0.140395
0.140397
0.140399
0.140402
0.140404
0.140407
0.140411
0.140414
0.140418
0.140422
0.140427
0.140432
0.140438
0.140445
0.140454
0.14042
0.140425
0.140431
0.140437
0.140444
0.14045
0.140456
0.140463
0.140469
0.140475
0.140481
0.140488
0.140494
0.1405
0.140507
0.140514
0.140521
0.140528
0.140535
0.140543
0.140551
0.140558
0.140566
0.140573
0.14058
0.140587
0.140593
0.1406
0.140607
0.140615
0.140622
0.14063
0.140638
0.140646
0.140655
0.140664
0.140674
0.140684
0.140697
0.140416
0.140412
0.140408
0.140401
0.140394
0.140389
0.140385
0.140381
0.140377
0.140375
0.140373
0.140372
0.140372
0.140372
0.140373
0.140373
0.140374
0.140374
0.140375
0.140376
0.140377
0.140378
0.140379
0.14038
0.140382
0.140384
0.140386
0.140388
0.140391
0.140394
0.140397
0.140401
0.140404
0.140409
0.140413
0.140418
0.140424
0.14043
0.140439
0.140412
0.140417
0.140423
0.140429
0.140435
0.140442
0.140448
0.140454
0.140461
0.140467
0.140473
0.140479
0.140486
0.140492
0.140499
0.140506
0.140513
0.14052
0.140528
0.140536
0.140544
0.140552
0.14056
0.140567
0.140574
0.140581
0.140588
0.140595
0.140603
0.14061
0.140618
0.140626
0.140635
0.140643
0.140652
0.140662
0.140673
0.140683
0.140697
0.140407
0.140404
0.140399
0.140391
0.140385
0.14038
0.140375
0.140371
0.140367
0.140364
0.140362
0.140361
0.14036
0.14036
0.14036
0.140361
0.140361
0.140362
0.140362
0.140363
0.140363
0.140364
0.140365
0.140367
0.140368
0.14037
0.140372
0.140374
0.140377
0.14038
0.140383
0.140386
0.14039
0.140394
0.140399
0.140404
0.140409
0.140415
0.140424
0.140403
0.140408
0.140414
0.140421
0.140427
0.140433
0.140439
0.140445
0.140451
0.140458
0.140464
0.14047
0.140476
0.140483
0.14049
0.140497
0.140504
0.140512
0.14052
0.140528
0.140536
0.140544
0.140552
0.14056
0.140568
0.140575
0.140582
0.14059
0.140597
0.140605
0.140613
0.140622
0.14063
0.140639
0.140649
0.140659
0.14067
0.140681
0.140695
0.140398
0.140394
0.14039
0.140382
0.140375
0.14037
0.140365
0.14036
0.140355
0.140352
0.14035
0.140349
0.140348
0.140347
0.140347
0.140347
0.140348
0.140348
0.140348
0.140349
0.140349
0.14035
0.140351
0.140353
0.140354
0.140356
0.140358
0.14036
0.140363
0.140366
0.140369
0.140373
0.140376
0.14038
0.140385
0.14039
0.140395
0.140401
0.140409
0.140394
0.140399
0.140405
0.140411
0.140417
0.140423
0.14043
0.140436
0.140442
0.140448
0.140454
0.14046
0.140466
0.140473
0.14048
0.140487
0.140494
0.140502
0.14051
0.140519
0.140527
0.140536
0.140544
0.140552
0.14056
0.140568
0.140575
0.140583
0.140591
0.140599
0.140608
0.140616
0.140625
0.140635
0.140644
0.140655
0.140666
0.140678
0.140692
0.140389
0.140385
0.14038
0.140372
0.140365
0.14036
0.140354
0.140348
0.140343
0.14034
0.140337
0.140336
0.140335
0.140334
0.140333
0.140333
0.140333
0.140334
0.140334
0.140335
0.140335
0.140336
0.140337
0.140339
0.14034
0.140342
0.140345
0.140347
0.14035
0.140353
0.140356
0.14036
0.140363
0.140367
0.140372
0.140377
0.140382
0.140388
0.140395
0.140384
0.140389
0.140395
0.140401
0.140407
0.140413
0.140419
0.140425
0.140431
0.140437
0.140443
0.140449
0.140455
0.140462
0.140469
0.140476
0.140483
0.140491
0.1405
0.140508
0.140517
0.140526
0.140535
0.140543
0.140551
0.140559
0.140567
0.140575
0.140583
0.140592
0.140601
0.14061
0.140619
0.140628
0.140639
0.140649
0.140661
0.140673
0.140688
0.140379
0.140375
0.140369
0.140361
0.140354
0.140349
0.140342
0.140336
0.140331
0.140327
0.140324
0.140322
0.14032
0.14032
0.140319
0.140319
0.140319
0.14032
0.14032
0.140321
0.140322
0.140323
0.140324
0.140325
0.140327
0.14033
0.140332
0.140335
0.140338
0.140341
0.140344
0.140348
0.140351
0.140355
0.14036
0.140365
0.14037
0.140376
0.140383
0.140373
0.140378
0.140384
0.140391
0.140396
0.140402
0.140408
0.140413
0.140419
0.140425
0.140431
0.140437
0.140443
0.14045
0.140456
0.140464
0.140471
0.140479
0.140488
0.140496
0.140505
0.140515
0.140524
0.140532
0.140541
0.140549
0.140557
0.140565
0.140574
0.140583
0.140592
0.140601
0.140611
0.140621
0.140632
0.140643
0.140655
0.140668
0.140683
0.140368
0.140364
0.140358
0.14035
0.140343
0.140338
0.14033
0.140323
0.140318
0.140314
0.14031
0.140308
0.140306
0.140305
0.140305
0.140305
0.140305
0.140306
0.140307
0.140307
0.140308
0.14031
0.140311
0.140313
0.140315
0.140317
0.14032
0.140323
0.140326
0.140329
0.140332
0.140336
0.140339
0.140344
0.140348
0.140353
0.140358
0.140364
0.140371
0.140362
0.140367
0.140373
0.140379
0.140384
0.14039
0.140395
0.140401
0.140406
0.140412
0.140418
0.140423
0.14043
0.140436
0.140443
0.14045
0.140458
0.140466
0.140474
0.140483
0.140492
0.140501
0.140511
0.14052
0.140528
0.140536
0.140545
0.140554
0.140563
0.140572
0.140581
0.140591
0.140601
0.140612
0.140623
0.140634
0.140647
0.14066
0.140676
0.140357
0.140352
0.140347
0.140338
0.140332
0.140326
0.140317
0.14031
0.140305
0.1403
0.140296
0.140293
0.140291
0.140291
0.140291
0.140291
0.140292
0.140293
0.140294
0.140295
0.140296
0.140297
0.140299
0.1403
0.140302
0.140305
0.140307
0.14031
0.140313
0.140316
0.140319
0.140323
0.140326
0.14033
0.140335
0.140339
0.140345
0.14035
0.140357
0.14035
0.140355
0.140361
0.140367
0.140372
0.140377
0.140382
0.140387
0.140393
0.140398
0.140403
0.140409
0.140415
0.140422
0.140428
0.140435
0.140443
0.14045
0.140459
0.140467
0.140477
0.140486
0.140496
0.140505
0.140513
0.140522
0.140531
0.14054
0.140549
0.140559
0.140568
0.140579
0.140589
0.1406
0.140612
0.140624
0.140637
0.140651
0.140667
0.140345
0.14034
0.140335
0.140326
0.14032
0.140313
0.140304
0.140297
0.140291
0.140285
0.140281
0.140279
0.140277
0.140277
0.140277
0.140278
0.140279
0.14028
0.140281
0.140282
0.140283
0.140284
0.140285
0.140287
0.140289
0.140291
0.140293
0.140295
0.140298
0.140301
0.140304
0.140307
0.140311
0.140315
0.140319
0.140323
0.140328
0.140334
0.140341
0.140337
0.140342
0.140348
0.140353
0.140358
0.140363
0.140368
0.140373
0.140378
0.140383
0.140388
0.140394
0.140399
0.140405
0.140412
0.140419
0.140426
0.140434
0.140442
0.140451
0.14046
0.14047
0.140479
0.140488
0.140497
0.140506
0.140515
0.140524
0.140533
0.140543
0.140553
0.140564
0.140574
0.140586
0.140598
0.14061
0.140624
0.140639
0.140656
0.140332
0.140328
0.140322
0.140313
0.140307
0.1403
0.14029
0.140283
0.140277
0.140271
0.140266
0.140264
0.140264
0.140264
0.140264
0.140264
0.140265
0.140266
0.140266
0.140267
0.140268
0.140269
0.14027
0.140271
0.140273
0.140275
0.140277
0.140279
0.140281
0.140284
0.140286
0.140289
0.140293
0.140296
0.1403
0.140304
0.140309
0.140315
0.140322
0.140324
0.140329
0.140334
0.140339
0.140344
0.140348
0.140353
0.140357
0.140362
0.140367
0.140372
0.140377
0.140382
0.140388
0.140394
0.140401
0.140408
0.140416
0.140425
0.140433
0.140443
0.140453
0.140462
0.140472
0.140481
0.140489
0.140498
0.140507
0.140517
0.140527
0.140537
0.140547
0.140558
0.14057
0.140582
0.140594
0.140609
0.140624
0.140641
0.140319
0.140314
0.140308
0.1403
0.140293
0.140286
0.140276
0.140269
0.140262
0.140256
0.140252
0.14025
0.14025
0.140249
0.140249
0.14025
0.14025
0.14025
0.140251
0.140251
0.140252
0.140252
0.140253
0.140254
0.140255
0.140256
0.140258
0.14026
0.140262
0.140264
0.140267
0.140269
0.140272
0.140276
0.140279
0.140283
0.140288
0.140293
0.1403
0.140309
0.140314
0.140319
0.140324
0.140328
0.140333
0.140337
0.140341
0.140345
0.140349
0.140354
0.140359
0.140364
0.14037
0.140376
0.140383
0.14039
0.140398
0.140406
0.140416
0.140425
0.140435
0.140445
0.140454
0.140463
0.140472
0.140481
0.14049
0.1405
0.14051
0.14052
0.14053
0.140541
0.140552
0.140564
0.140577
0.140591
0.140607
0.140624
0.140305
0.1403
0.140294
0.140286
0.140279
0.140271
0.140262
0.140254
0.140246
0.140241
0.140238
0.140236
0.140235
0.140234
0.140234
0.140233
0.140233
0.140233
0.140233
0.140233
0.140233
0.140233
0.140234
0.140234
0.140235
0.140236
0.140238
0.140239
0.140241
0.140243
0.140245
0.140248
0.14025
0.140253
0.140257
0.14026
0.140265
0.14027
0.140276
0.140294
0.140299
0.140304
0.140308
0.140312
0.140316
0.14032
0.140323
0.140327
0.140331
0.140336
0.14034
0.140345
0.140351
0.140357
0.140364
0.140371
0.140379
0.140387
0.140396
0.140406
0.140416
0.140426
0.140436
0.140445
0.140454
0.140463
0.140473
0.140482
0.140492
0.140503
0.140513
0.140524
0.140536
0.140547
0.14056
0.140574
0.140589
0.140606
0.140289
0.140285
0.140279
0.140271
0.140265
0.140256
0.140247
0.140239
0.140231
0.140226
0.140223
0.14022
0.140219
0.140217
0.140216
0.140215
0.140215
0.140214
0.140214
0.140214
0.140213
0.140213
0.140213
0.140214
0.140214
0.140215
0.140216
0.140217
0.140219
0.14022
0.140222
0.140224
0.140227
0.14023
0.140233
0.140236
0.14024
0.140245
0.140251
0.14028
0.140285
0.140289
0.140293
0.140297
0.140299
0.140302
0.140305
0.140308
0.14031
0.140314
0.140319
0.140325
0.140331
0.140338
0.140344
0.140352
0.14036
0.140368
0.140378
0.140387
0.140397
0.140408
0.140417
0.140427
0.140436
0.140446
0.140455
0.140465
0.140476
0.140486
0.140497
0.140508
0.14052
0.140532
0.140545
0.140559
0.140574
0.140591
0.140276
0.140272
0.140266
0.140258
0.140251
0.140241
0.140232
0.140222
0.140215
0.140211
0.140207
0.140205
0.140203
0.140201
0.140199
0.140198
0.140197
0.140197
0.140196
0.140196
0.140195
0.140195
0.140195
0.140195
0.140195
0.140195
0.140196
0.140197
0.140198
0.140199
0.140201
0.140203
0.140205
0.140207
0.14021
0.140213
0.140216
0.14022
0.140226
0.140268
0.140273
0.140277
0.14028
0.140282
0.140284
0.140285
0.140286
0.140286
0.140285
0.140289
0.140295
0.140303
0.14031
0.140317
0.140325
0.140333
0.140342
0.140351
0.14036
0.14037
0.14038
0.140391
0.1404
0.14041
0.140419
0.140429
0.140438
0.140448
0.140459
0.140469
0.14048
0.140492
0.140504
0.140516
0.140529
0.140543
0.140559
0.140576
0.140264
0.14026
0.140254
0.140245
0.140237
0.140226
0.140216
0.140203
0.140197
0.140194
0.140191
0.140189
0.140187
0.140185
0.140184
0.140183
0.140182
0.140181
0.14018
0.14018
0.140179
0.140179
0.140178
0.140178
0.140178
0.140178
0.140179
0.140179
0.14018
0.140181
0.140182
0.140184
0.140186
0.140188
0.14019
0.140192
0.140195
0.140199
0.140203
0.140255
0.140259
0.140262
0.140265
0.140266
0.140266
0.140266
0.140265
0.140263
0.140258
0.140262
0.14027
0.140278
0.140287
0.140295
0.140304
0.140313
0.140322
0.140332
0.140341
0.140352
0.140362
0.140373
0.140383
0.140392
0.140401
0.140411
0.14042
0.14043
0.14044
0.140451
0.140461
0.140473
0.140484
0.140497
0.14051
0.140524
0.14054
0.140557
0.140251
0.140247
0.14024
0.140231
0.140223
0.14021
0.140199
0.140183
0.140178
0.140176
0.140174
0.140172
0.14017
0.140169
0.140167
0.140166
0.140165
0.140164
0.140163
0.140162
0.140162
0.140161
0.140161
0.14016
0.14016
0.14016
0.14016
0.140161
0.140161
0.140162
0.140163
0.140164
0.140165
0.140167
0.140169
0.140171
0.140173
0.140176
0.14018
0.140241
0.140244
0.140247
0.140248
0.140248
0.140247
0.140245
0.140242
0.140239
0.14023
0.140234
0.140243
0.140253
0.140263
0.140272
0.140282
0.140291
0.140301
0.140311
0.140322
0.140332
0.140343
0.140353
0.140363
0.140373
0.140382
0.140391
0.140401
0.140411
0.140421
0.140431
0.140441
0.140452
0.140464
0.140476
0.140488
0.140502
0.140518
0.140535
0.140237
0.140232
0.140226
0.140216
0.140207
0.140193
0.14018
0.140162
0.140159
0.140157
0.140156
0.140154
0.140152
0.14015
0.140149
0.140147
0.140146
0.140145
0.140144
0.140144
0.140143
0.140142
0.140141
0.140141
0.14014
0.14014
0.14014
0.140139
0.14014
0.14014
0.14014
0.140141
0.140142
0.140143
0.140144
0.140145
0.140147
0.140149
0.140153
0.140225
0.140228
0.14023
0.14023
0.140229
0.140226
0.140223
0.140218
0.140212
0.140201
0.140205
0.140215
0.140226
0.140237
0.140248
0.140259
0.140269
0.140279
0.14029
0.1403
0.140311
0.140322
0.140333
0.140343
0.140352
0.140361
0.140371
0.14038
0.14039
0.140399
0.14041
0.14042
0.14043
0.140441
0.140453
0.140465
0.140479
0.140494
0.14051
0.140221
0.140216
0.14021
0.1402
0.14019
0.140175
0.140161
0.140141
0.140138
0.140137
0.140136
0.140134
0.140133
0.140131
0.140129
0.140127
0.140126
0.140125
0.140124
0.140123
0.140122
0.140121
0.14012
0.140119
0.140118
0.140117
0.140116
0.140115
0.140115
0.140114
0.140114
0.140114
0.140114
0.140114
0.140115
0.140115
0.140117
0.140118
0.14012
0.140207
0.14021
0.140211
0.14021
0.140208
0.140204
0.140199
0.140192
0.140185
0.140171
0.140175
0.140186
0.140199
0.140211
0.140223
0.140234
0.140245
0.140256
0.140267
0.140278
0.140289
0.1403
0.140311
0.140321
0.14033
0.140339
0.140348
0.140358
0.140367
0.140377
0.140386
0.140396
0.140407
0.140417
0.140429
0.140441
0.140454
0.140468
0.140484
0.140203
0.140199
0.140192
0.140183
0.140172
0.140156
0.140142
0.14012
0.140117
0.140116
0.140115
0.140114
0.140112
0.14011
0.140108
0.140106
0.140104
0.140103
0.140102
0.1401
0.140099
0.140097
0.140096
0.140094
0.140092
0.140091
0.140089
0.140088
0.140086
0.140085
0.140084
0.140083
0.140082
0.140081
0.140081
0.14008
0.14008
0.14008
0.140081
0.140187
0.140189
0.14019
0.140188
0.140185
0.14018
0.140174
0.140165
0.140156
0.140141
0.140146
0.140158
0.140171
0.140185
0.140197
0.140209
0.140221
0.140232
0.140243
0.140255
0.140266
0.140277
0.140288
0.140298
0.140307
0.140316
0.140325
0.140334
0.140343
0.140352
0.140362
0.140371
0.140381
0.140392
0.140402
0.140414
0.140426
0.14044
0.140455
0.140184
0.14018
0.140173
0.140164
0.140152
0.140137
0.140121
0.140099
0.140095
0.140095
0.140094
0.140092
0.14009
0.140088
0.140085
0.140083
0.140081
0.140079
0.140077
0.140076
0.140074
0.140072
0.14007
0.140068
0.140065
0.140063
0.140061
0.140059
0.140057
0.140056
0.140054
0.140053
0.140052
0.14005
0.140049
0.140048
0.140047
0.140046
0.140046
0.140166
0.140167
0.140167
0.140165
0.140161
0.140155
0.140147
0.140138
0.140128
0.140112
0.140117
0.140129
0.140144
0.140158
0.140171
0.140183
0.140195
0.140207
0.140218
0.14023
0.140241
0.140252
0.140263
0.140273
0.140282
0.14029
0.140299
0.140308
0.140317
0.140326
0.140335
0.140344
0.140354
0.140364
0.140374
0.140385
0.140397
0.14041
0.140424
0.140163
0.140159
0.140152
0.140143
0.140132
0.140116
0.140101
0.140077
0.140074
0.140073
0.140072
0.14007
0.140068
0.140065
0.140062
0.14006
0.140058
0.140056
0.140054
0.140052
0.140051
0.14005
0.140048
0.140047
0.140046
0.140045
0.140045
0.140044
0.140044
0.140045
0.140045
0.140045
0.140046
0.140046
0.140047
0.140048
0.140049
0.140051
0.140052
0.140142
0.140143
0.140142
0.140139
0.140134
0.140128
0.14012
0.14011
0.1401
0.140085
0.14009
0.140102
0.140117
0.140131
0.140144
0.140157
0.140169
0.14018
0.140192
0.140203
0.140214
0.140225
0.140236
0.140245
0.140254
0.140263
0.140271
0.14028
0.140289
0.140297
0.140306
0.140315
0.140324
0.140334
0.140343
0.140354
0.140365
0.140377
0.140391
0.140139
0.140136
0.14013
0.140121
0.14011
0.140095
0.14008
0.140057
0.140053
0.140052
0.140051
0.140049
0.140047
0.140045
0.140044
0.140044
0.140043
0.140044
0.140044
0.140045
0.140046
0.140048
0.140051
0.140054
0.140059
0.140064
0.14007
0.140077
0.140085
0.140092
0.140101
0.140109
0.140118
0.140127
0.140137
0.140147
0.140158
0.140172
0.140182
0.140115
0.140116
0.140115
0.140111
0.140107
0.1401
0.140092
0.140083
0.140074
0.140059
0.140064
0.140076
0.14009
0.140104
0.140117
0.140129
0.140141
0.140152
0.140164
0.140175
0.140186
0.140197
0.140207
0.140216
0.140225
0.140233
0.140241
0.14025
0.140259
0.140266
0.140275
0.140283
0.140292
0.140301
0.14031
0.14032
0.140331
0.140343
0.140355
0.140114
0.14011
0.140105
0.140097
0.140087
0.140074
0.14006
0.140039
0.140035
0.140034
0.140034
0.140036
0.140038
0.140042
0.140048
0.140054
0.140061
0.140068
0.140076
0.140084
0.140092
0.140102
0.140114
0.140128
0.140145
0.140163
0.140181
0.140201
0.140221
0.140241
0.140262
0.140284
0.140305
0.140327
0.14035
0.140373
0.140399
0.140428
0.140454
0.140086
0.140086
0.140085
0.140082
0.140077
0.140071
0.140064
0.140056
0.140049
0.140037
0.140041
0.140051
0.140065
0.140078
0.14009
0.140101
0.140113
0.140123
0.140134
0.140144
0.140155
0.140165
0.140174
0.140183
0.140191
0.140198
0.140206
0.140213
0.140222
0.140228
0.140236
0.140244
0.140252
0.14026
0.140268
0.140277
0.140286
0.140297
0.140309
0.140085
0.140082
0.140078
0.140071
0.140063
0.140052
0.14004
0.140023
0.14002
0.140023
0.140031
0.140043
0.14006
0.140079
0.140099
0.14012
0.140139
0.140159
0.140177
0.140196
0.140215
0.140235
0.140259
0.140286
0.140315
0.140346
0.140376
0.140407
0.140438
0.140468
0.140498
0.140527
0.140556
0.140585
0.140614
0.140643
0.140674
0.140707
0.140738
0.140054
0.140054
0.140053
0.14005
0.140047
0.140043
0.140038
0.140032
0.140027
0.140018
0.140022
0.140031
0.140043
0.140056
0.140068
0.140079
0.140091
0.140102
0.140113
0.140124
0.140134
0.140145
0.140154
0.140163
0.140171
0.140179
0.140187
0.140194
0.140202
0.140209
0.140217
0.140224
0.140232
0.14024
0.140248
0.140256
0.140265
0.140275
0.140286
0.140053
0.140052
0.140049
0.140044
0.140038
0.140031
0.140023
0.140011
0.140011
0.140025
0.140051
0.140084
0.140122
0.140159
0.140195
0.140227
0.140256
0.140282
0.140307
0.14033
0.140352
0.140376
0.140401
0.140428
0.140457
0.140485
0.140511
0.140536
0.140559
0.14058
0.1406
0.140618
0.140634
0.140649
0.140663
0.140675
0.140686
0.140696
0.140703
0.140019
0.140018
0.140018
0.140017
0.140016
0.140014
0.140012
0.14001
0.140008
0.140004
0.140006
0.14001
0.140017
0.140023
0.140031
0.140038
0.140046
0.140054
0.140062
0.140071
0.140079
0.140088
0.140095
0.140103
0.140109
0.140116
0.140122
0.140128
0.140135
0.14014
0.140146
0.140152
0.140158
0.140165
0.140171
0.140178
0.140185
0.140192
0.140201
0.140018
0.140018
0.140017
0.140015
0.140013
0.14001
0.140007
0.140002
0.140008
0.140031
0.140064
0.1401
0.140133
0.140162
0.140186
0.140205
0.140221
0.140234
0.140245
0.140255
0.140264
0.140272
0.14028
0.140287
0.140293
0.140298
0.140301
0.140302
0.140302
0.1403
0.140297
0.140292
0.140286
0.14028
0.140271
0.140262
0.14025
0.140235
0.140221
0.125132
0.140381
0.170852
0.196535
0.208901
0.209009
0.198535
0.179403
0.155256
0.132082
0.116091
0.108966
0.108148
0.110776
0.114692
0.118674
0.122212
0.125183
0.127624
0.129621
0.131265
0.132645
0.133827
0.134821
0.135648
0.136338
0.13692
0.137415
0.137846
0.138226
0.138565
0.138872
0.139152
0.139404
0.139626
0.139821
0.139996
0.140158
0.140303
0.140419
0.140498
0.140547
0.14058
0.140603
0.140621
0.140642
0.140657
0.140669
0.140678
0.140685
0.140691
0.140696
0.1407
0.140703
0.140704
0.140705
0.140705
0.140704
0.140701
0.140697
0.140692
0.140686
0.140677
0.140666
0.140652
0.140635
0.140617
0.140602
0.140587
0.140568
0.140545
0.140521
0.140494
0.140465
0.140433
0.140399
0.140363
0.140316
0.140293
0.140207
0.11081
0.0846338
0.0676179
0.0617314
0.0631158
0.0696362
0.0790574
0.0886311
0.0972776
0.104725
0.110981
0.11615
0.120375
0.123807
0.126587
0.128844
0.130684
0.132192
0.133435
0.134468
0.135331
0.136058
0.136675
0.137201
0.137653
0.138042
0.138378
0.138673
0.138937
0.139181
0.139414
0.139648
0.139874
0.140077
0.140239
0.140352
0.140419
0.14046
0.140488
0.140506
0.140519
0.140527
0.140533
0.140535
0.140535
0.140533
0.14053
0.140525
0.140518
0.140511
0.140503
0.140494
0.140483
0.140471
0.140458
0.140443
0.140427
0.140413
0.140399
0.140387
0.140375
0.140361
0.140344
0.140325
0.140302
0.140278
0.140253
0.140228
0.140205
0.140181
0.140153
0.14012
0.14008
0.140044
0.140054
0.140194
0.140477
0.140761
0.140707
0.140211
0.152145
0.169067
0.183393
0.206745
0.224272
0.228671
0.219949
0.200428
0.173838
0.145996
0.124047
0.112109
0.108741
0.110325
0.113944
0.117948
0.121603
0.124693
0.127231
0.129303
0.131004
0.132424
0.133635
0.134654
0.135499
0.136192
0.136771
0.137281
0.137725
0.138116
0.138464
0.13878
0.139069
0.139327
0.139557
0.13976
0.139952
0.140124
0.140276
0.1404
0.140486
0.140539
0.140576
0.1406
0.14062
0.140642
0.14066
0.140672
0.140682
0.14069
0.140696
0.140702
0.140706
0.140709
0.140711
0.140712
0.140712
0.140711
0.140709
0.140705
0.1407
0.140694
0.140685
0.140674
0.14066
0.140643
0.140625
0.140609
0.140594
0.140576
0.140553
0.140528
0.140501
0.140471
0.140439
0.140405
0.140369
0.14032
0.140298
0.14021
0.122007
0.0892757
0.0695361
0.0648897
0.068443
0.0759776
0.0849836
0.0936854
0.10143
0.108068
0.113635
0.118237
0.122005
0.125074
0.12757
0.129605
0.131271
0.132641
0.133775
0.134719
0.135512
0.136184
0.136758
0.137252
0.137682
0.138056
0.138386
0.138679
0.138946
0.139196
0.139439
0.13968
0.139907
0.140105
0.140259
0.140364
0.140427
0.140465
0.140492
0.140511
0.140523
0.140531
0.140537
0.140539
0.140539
0.140537
0.140533
0.140529
0.140522
0.140515
0.140507
0.140497
0.140487
0.140474
0.140461
0.140446
0.14043
0.140415
0.140402
0.14039
0.140378
0.140364
0.140347
0.140326
0.140304
0.14028
0.140254
0.140228
0.140205
0.140181
0.140153
0.140119
0.140078
0.140042
0.140057
0.140206
0.140496
0.140776
0.140707
0.140202
0.155074
0.181175
0.196662
0.209345
0.227612
0.240166
0.239777
0.225496
0.199968
0.168565
0.139139
0.119153
0.110597
0.109991
0.112985
0.116943
0.120735
0.123996
0.126684
0.128872
0.130658
0.132139
0.13339
0.134444
0.135308
0.136009
0.136603
0.137128
0.137588
0.137994
0.138355
0.13868
0.138983
0.139262
0.139504
0.139716
0.139915
0.140094
0.140252
0.140383
0.140476
0.140535
0.140575
0.140602
0.140622
0.140644
0.140664
0.140677
0.140688
0.140696
0.140703
0.140709
0.140713
0.140716
0.140719
0.14072
0.14072
0.140719
0.140717
0.140713
0.140708
0.140702
0.140694
0.140683
0.140669
0.140652
0.140633
0.140617
0.140602
0.140583
0.140561
0.140535
0.140508
0.140478
0.140446
0.140411
0.140374
0.140325
0.140303
0.140214
0.120061
0.087985
0.0713321
0.0699764
0.0755614
0.0834769
0.0917408
0.0993912
0.106104
0.111831
0.116629
0.120601
0.123863
0.126532
0.128716
0.130506
0.13198
0.133199
0.134214
0.135065
0.135783
0.136395
0.136923
0.137382
0.137783
0.138137
0.138452
0.138737
0.139
0.13925
0.139496
0.139736
0.139958
0.140145
0.140286
0.14038
0.140438
0.140474
0.140498
0.140516
0.140529
0.140537
0.140542
0.140544
0.140544
0.140542
0.140538
0.140533
0.140527
0.140519
0.140511
0.140501
0.14049
0.140478
0.140464
0.140449
0.140433
0.140418
0.140405
0.140393
0.140381
0.140366
0.140349
0.140328
0.140305
0.140281
0.140255
0.140229
0.140205
0.140181
0.140152
0.140117
0.140076
0.140041
0.140061
0.140219
0.140517
0.140793
0.140706
0.140193
0.1437
0.176031
0.199759
0.214196
0.225331
0.239839
0.249542
0.247097
0.230438
0.201908
0.167747
0.137134
0.117806
0.11082
0.111614
0.115321
0.119361
0.122907
0.125838
0.128219
0.130151
0.131734
0.133056
0.134165
0.135075
0.135791
0.13641
0.136957
0.137438
0.137862
0.138239
0.138587
0.138905
0.139197
0.139453
0.139674
0.139878
0.140063
0.140228
0.140365
0.140467
0.140532
0.140575
0.140604
0.140626
0.140648
0.140668
0.140683
0.140694
0.140703
0.14071
0.140716
0.140721
0.140724
0.140727
0.140728
0.140729
0.140728
0.140726
0.140722
0.140717
0.140711
0.140703
0.140692
0.140678
0.140661
0.140642
0.140626
0.140611
0.140592
0.140569
0.140543
0.140515
0.140485
0.140453
0.140417
0.14038
0.140331
0.140308
0.140217
0.109642
0.0841914
0.0746402
0.0769542
0.0835878
0.0911338
0.0984034
0.104946
0.110633
0.115471
0.119527
0.122896
0.125675
0.127964
0.129848
0.131404
0.132695
0.13377
0.134671
0.135432
0.13608
0.136636
0.137119
0.137543
0.137917
0.138249
0.138548
0.138821
0.139078
0.139326
0.139569
0.139804
0.140015
0.140188
0.140316
0.140399
0.14045
0.140484
0.140507
0.140523
0.140535
0.140543
0.140548
0.140549
0.140549
0.140547
0.140543
0.140537
0.140531
0.140524
0.140515
0.140505
0.140494
0.140481
0.140467
0.140452
0.140436
0.140422
0.140408
0.140396
0.140384
0.140369
0.140351
0.14033
0.140307
0.140282
0.140256
0.140229
0.140206
0.140181
0.140152
0.140116
0.140073
0.140039
0.140066
0.140233
0.140539
0.14081
0.140704
0.140183
0.124769
0.157918
0.188778
0.211529
0.225711
0.235906
0.24774
0.25596
0.253153
0.236145
0.206552
0.170779
0.138723
0.118686
0.111795
0.11308
0.117155
0.121232
0.124585
0.127261
0.129413
0.13116
0.132598
0.133794
0.13478
0.135554
0.136191
0.13676
0.137268
0.137716
0.138121
0.13849
0.138823
0.139127
0.139395
0.139627
0.139837
0.140029
0.1402
0.140344
0.140455
0.140528
0.140575
0.140607
0.14063
0.140652
0.140673
0.140689
0.140701
0.14071
0.140718
0.140724
0.140729
0.140733
0.140736
0.140737
0.140738
0.140737
0.140735
0.140731
0.140727
0.14072
0.140712
0.140702
0.140688
0.14067
0.140651
0.140635
0.14062
0.140601
0.140577
0.140551
0.140523
0.140493
0.14046
0.140424
0.140386
0.140336
0.140313
0.140221
0.097437
0.0825117
0.0804334
0.0851964
0.0918408
0.0985255
0.104681
0.110131
0.114842
0.11885
0.122221
0.125034
0.127371
0.129309
0.130919
0.132259
0.13338
0.134322
0.135118
0.135796
0.136379
0.136884
0.137326
0.137716
0.138063
0.138375
0.138658
0.13892
0.13917
0.139413
0.139651
0.139877
0.140074
0.140233
0.140346
0.140418
0.140464
0.140495
0.140517
0.140532
0.140543
0.14055
0.140554
0.140555
0.140555
0.140552
0.140548
0.140543
0.140536
0.140528
0.14052
0.14051
0.140498
0.140485
0.140471
0.140455
0.140439
0.140425
0.140412
0.1404
0.140387
0.140372
0.140354
0.140332
0.140309
0.140283
0.140256
0.14023
0.140206
0.140181
0.140151
0.140114
0.140071
0.140037
0.140071
0.140249
0.140563
0.140827
0.140701
0.140172
0.10614
0.133054
0.165483
0.195752
0.218702
0.233465
0.243405
0.253292
0.260802
0.258618
0.242513
0.213118
0.176459
0.142705
0.120941
0.113091
0.114265
0.118545
0.122701
0.125936
0.128413
0.130381
0.131987
0.133311
0.1344
0.135267
0.135954
0.136538
0.13707
0.137547
0.137986
0.138379
0.138729
0.139045
0.139328
0.139573
0.139791
0.139989
0.140167
0.14032
0.14044
0.140522
0.140575
0.140609
0.140634
0.140656
0.140678
0.140695
0.140708
0.140718
0.140726
0.140732
0.140738
0.140742
0.140745
0.140746
0.140747
0.140746
0.140744
0.140741
0.140736
0.14073
0.140722
0.140712
0.140698
0.14068
0.140661
0.140645
0.140629
0.14061
0.140586
0.14056
0.140531
0.140501
0.140467
0.140431
0.140393
0.140342
0.140319
0.140226
0.0901717
0.0855231
0.0882878
0.0938333
0.099793
0.105404
0.110447
0.114872
0.118691
0.121947
0.124698
0.12701
0.128947
0.130568
0.131927
0.13307
0.134035
0.134854
0.135553
0.136154
0.136676
0.137133
0.137536
0.137895
0.138216
0.138508
0.138776
0.139027
0.13927
0.139508
0.139739
0.139953
0.140135
0.140276
0.140375
0.140439
0.140479
0.140506
0.140527
0.140541
0.140551
0.140557
0.140561
0.140562
0.140561
0.140558
0.140554
0.140548
0.140541
0.140533
0.140525
0.140514
0.140503
0.140489
0.140474
0.140458
0.140443
0.140428
0.140415
0.140403
0.14039
0.140375
0.140356
0.140334
0.14031
0.140285
0.140257
0.14023
0.140206
0.140181
0.14015
0.140112
0.140068
0.140035
0.140078
0.140267
0.140588
0.140844
0.140697
0.140161
0.0956117
0.110688
0.136455
0.167988
0.198339
0.222353
0.238436
0.248746
0.257194
0.264448
0.263526
0.249243
0.22107
0.184219
0.148725
0.124493
0.114757
0.115223
0.11954
0.123835
0.127044
0.12938
0.131197
0.132684
0.13391
0.134897
0.135674
0.136295
0.136846
0.13735
0.137825
0.138246
0.138618
0.13895
0.139248
0.139508
0.139737
0.139943
0.140129
0.140291
0.140421
0.140514
0.140573
0.140612
0.140638
0.140661
0.140683
0.140701
0.140715
0.140726
0.140734
0.140741
0.140747
0.140751
0.140754
0.140756
0.140757
0.140756
0.140755
0.140751
0.140747
0.140741
0.140733
0.140722
0.140708
0.140691
0.140671
0.140655
0.140639
0.14062
0.140596
0.140569
0.14054
0.140509
0.140475
0.140438
0.1404
0.140348
0.140325
0.14023
0.0907168
0.092387
0.0969197
0.102085
0.107049
0.111568
0.115583
0.119093
0.122127
0.124725
0.126935
0.128808
0.130392
0.131732
0.132867
0.133832
0.134655
0.135362
0.135972
0.136503
0.136968
0.13738
0.137747
0.138076
0.138373
0.138645
0.138899
0.139141
0.139377
0.139608
0.139829
0.140029
0.140194
0.140319
0.140404
0.140459
0.140494
0.140519
0.140537
0.140551
0.14056
0.140565
0.140568
0.140569
0.140568
0.140564
0.140559
0.140554
0.140547
0.140539
0.140529
0.140519
0.140507
0.140493
0.140478
0.140462
0.140446
0.140432
0.140419
0.140407
0.140394
0.140378
0.140358
0.140336
0.140312
0.140286
0.140258
0.14023
0.140206
0.14018
0.140149
0.14011
0.140065
0.140034
0.140085
0.140286
0.140615
0.140861
0.140692
0.140148
0.0954026
0.0993106
0.112552
0.136223
0.166587
0.197301
0.222915
0.240914
0.252151
0.259565
0.266751
0.267476
0.255745
0.229731
0.193481
0.156503
0.129382
0.116972
0.116093
0.120215
0.124671
0.127951
0.130208
0.131901
0.13328
0.134414
0.135316
0.136022
0.136598
0.137123
0.137631
0.138087
0.138487
0.138839
0.139154
0.139431
0.139674
0.139889
0.140084
0.140256
0.140397
0.140501
0.14057
0.140613
0.140642
0.140665
0.140688
0.140708
0.140723
0.140734
0.140743
0.14075
0.140756
0.140761
0.140764
0.140766
0.140767
0.140767
0.140765
0.140762
0.140758
0.140752
0.140744
0.140733
0.14072
0.140702
0.140682
0.140665
0.140649
0.14063
0.140606
0.140579
0.14055
0.140518
0.140483
0.140446
0.140407
0.140355
0.140332
0.140235
0.0968937
0.100754
0.105181
0.109463
0.113391
0.116914
0.120031
0.122759
0.125126
0.127166
0.128917
0.130415
0.131695
0.132791
0.133731
0.134539
0.135237
0.135843
0.136373
0.13684
0.137254
0.137624
0.137956
0.138257
0.138532
0.138787
0.139028
0.139261
0.13949
0.139712
0.139921
0.140104
0.140252
0.140359
0.140431
0.140478
0.14051
0.140533
0.140548
0.14056
0.140569
0.140574
0.140576
0.140576
0.140574
0.140571
0.140565
0.140559
0.140552
0.140544
0.140535
0.140524
0.140511
0.140497
0.140481
0.140465
0.14045
0.140436
0.140423
0.140411
0.140397
0.140381
0.140361
0.140338
0.140313
0.140287
0.140259
0.140231
0.140206
0.14018
0.140148
0.140107
0.140061
0.140034
0.140094
0.140308
0.140644
0.140878
0.140685
0.140135
0.10161
0.0996945
0.102126
0.112767
0.133573
0.162231
0.193148
0.220564
0.24093
0.253803
0.261809
0.268627
0.270745
0.261791
0.238578
0.203682
0.165695
0.135584
0.119905
0.117047
0.120649
0.12524
0.128678
0.130929
0.132523
0.133798
0.134844
0.135676
0.136326
0.136874
0.137404
0.137894
0.138328
0.138708
0.139044
0.13934
0.139599
0.139828
0.140032
0.140214
0.140367
0.140484
0.140563
0.140613
0.140646
0.14067
0.140693
0.140714
0.14073
0.140742
0.140752
0.140759
0.140766
0.140771
0.140774
0.140777
0.140778
0.140778
0.140776
0.140773
0.140769
0.140763
0.140755
0.140745
0.140731
0.140714
0.140694
0.140676
0.14066
0.140641
0.140617
0.140589
0.140559
0.140527
0.140492
0.140454
0.140415
0.140362
0.140338
0.14024
0.105018
0.108809
0.11243
0.115749
0.118745
0.121421
0.123791
0.125873
0.127692
0.129273
0.130643
0.131829
0.132855
0.133744
0.134516
0.135189
0.135778
0.136297
0.136756
0.137165
0.137532
0.137863
0.138163
0.138438
0.138692
0.138932
0.139161
0.139386
0.139607
0.139819
0.140012
0.140177
0.140306
0.140398
0.140458
0.140498
0.140526
0.140546
0.140561
0.140571
0.140578
0.140583
0.140584
0.140583
0.140581
0.140577
0.140572
0.140566
0.140558
0.14055
0.14054
0.140529
0.140516
0.140501
0.140485
0.140469
0.140454
0.14044
0.140427
0.140415
0.140401
0.140384
0.140364
0.14034
0.140315
0.140289
0.140259
0.140231
0.140206
0.140179
0.140146
0.140104
0.140058
0.140034
0.140104
0.140331
0.140674
0.140895
0.140676
0.140123
0.109547
0.106275
0.103811
0.104613
0.11231
0.12963
0.155821
0.186383
0.215465
0.23857
0.25406
0.263576
0.270027
0.273314
0.267192
0.247235
0.214399
0.176022
0.143086
0.12374
0.118284
0.120939
0.125564
0.129225
0.131549
0.13308
0.134255
0.135218
0.135989
0.136599
0.137142
0.137662
0.138136
0.138552
0.138915
0.139233
0.139512
0.139756
0.139972
0.140165
0.140331
0.140461
0.140553
0.140611
0.140648
0.140675
0.140698
0.14072
0.140737
0.140751
0.140761
0.140769
0.140776
0.140781
0.140785
0.140788
0.140789
0.140789
0.140788
0.140785
0.140781
0.140775
0.140767
0.140757
0.140744
0.140726
0.140706
0.140688
0.140672
0.140652
0.140628
0.1406
0.14057
0.140537
0.140502
0.140463
0.140423
0.140369
0.140346
0.140246
0.112716
0.115716
0.118446
0.120915
0.123139
0.12513
0.126901
0.128468
0.129849
0.131062
0.132126
0.133058
0.133875
0.134592
0.135224
0.135783
0.136279
0.136721
0.137118
0.137476
0.1378
0.138096
0.138367
0.138618
0.138854
0.13908
0.1393
0.139516
0.139727
0.139926
0.140102
0.140246
0.140356
0.140433
0.140484
0.140518
0.140541
0.14056
0.140573
0.140582
0.140588
0.140591
0.140593
0.140591
0.140588
0.140584
0.140579
0.140572
0.140564
0.140555
0.140546
0.140534
0.14052
0.140505
0.140489
0.140473
0.140458
0.140444
0.140431
0.140419
0.140404
0.140387
0.140366
0.140342
0.140317
0.14029
0.14026
0.140231
0.140206
0.140179
0.140144
0.140101
0.140054
0.140035
0.140116
0.140357
0.140706
0.140912
0.140666
0.140113
0.116715
0.113938
0.110779
0.107892
0.107201
0.111956
0.125398
0.1483
0.17763
0.207897
0.23384
0.252533
0.264117
0.270462
0.27473
0.271417
0.255103
0.225056
0.187083
0.151771
0.128609
0.119998
0.121199
0.125698
0.12961
0.132077
0.133583
0.134667
0.135549
0.136265
0.136851
0.137398
0.137907
0.138362
0.13876
0.139106
0.139408
0.13967
0.139902
0.140107
0.140286
0.140432
0.140538
0.140607
0.14065
0.140679
0.140703
0.140726
0.140745
0.140759
0.140771
0.140779
0.140786
0.140792
0.140797
0.1408
0.140801
0.140802
0.1408
0.140798
0.140794
0.140788
0.14078
0.14077
0.140757
0.140739
0.140719
0.140701
0.140684
0.140664
0.14064
0.140612
0.140581
0.140548
0.140512
0.140472
0.140432
0.140377
0.140353
0.140252
0.119099
0.121281
0.123256
0.125047
0.126666
0.128125
0.129432
0.1306
0.13164
0.132565
0.133386
0.134116
0.134764
0.135342
0.135859
0.136322
0.136739
0.137117
0.137459
0.137772
0.138059
0.138323
0.138568
0.138799
0.139019
0.139233
0.139444
0.13965
0.139848
0.14003
0.140187
0.140311
0.140403
0.140465
0.140508
0.140537
0.140558
0.140573
0.140585
0.140594
0.140598
0.1406
0.140601
0.1406
0.140596
0.140591
0.140585
0.140579
0.140571
0.140561
0.140551
0.140539
0.140525
0.14051
0.140493
0.140477
0.140462
0.140448
0.140436
0.140423
0.140408
0.14039
0.140369
0.140344
0.140319
0.140291
0.140261
0.140231
0.140206
0.140178
0.140142
0.140098
0.14005
0.140036
0.140129
0.140385
0.140739
0.140928
0.140654
0.140103
0.122409
0.120441
0.117997
0.115059
0.111989
0.110125
0.112227
0.121711
0.14063
0.167669
0.198234
0.226675
0.248774
0.263029
0.271123
0.275901
0.274829
0.262101
0.235328
0.19853
0.161467
0.13457
0.122357
0.121579
0.125679
0.12982
0.132505
0.13404
0.135047
0.135847
0.136515
0.137097
0.137637
0.138133
0.138573
0.138955
0.139284
0.13957
0.139819
0.140039
0.140232
0.140394
0.140516
0.140599
0.14065
0.140683
0.140708
0.140731
0.140752
0.140768
0.14078
0.14079
0.140797
0.140804
0.140808
0.140812
0.140814
0.140814
0.140813
0.140811
0.140807
0.140801
0.140794
0.140784
0.14077
0.140753
0.140732
0.140714
0.140697
0.140677
0.140653
0.140624
0.140593
0.140559
0.140522
0.140482
0.140441
0.140386
0.140361
0.140258
0.124075
0.125608
0.127007
0.128285
0.12945
0.130508
0.131467
0.132333
0.133113
0.133817
0.13445
0.135021
0.135537
0.136003
0.136426
0.136811
0.137162
0.137484
0.13778
0.138053
0.138306
0.138543
0.138766
0.138979
0.139186
0.139389
0.13959
0.139785
0.139968
0.14013
0.140265
0.14037
0.140446
0.140496
0.140531
0.140556
0.140575
0.140588
0.140597
0.140605
0.140609
0.14061
0.140609
0.140607
0.140604
0.140599
0.140592
0.140585
0.140578
0.140568
0.140557
0.140544
0.14053
0.140514
0.140498
0.140481
0.140466
0.140453
0.14044
0.140427
0.140412
0.140393
0.140371
0.140347
0.14032
0.140292
0.140261
0.140231
0.140206
0.140177
0.14014
0.140093
0.140046
0.140039
0.140145
0.140416
0.140774
0.140942
0.14064
0.140096
0.126702
0.125377
0.123738
0.121656
0.119037
0.116013
0.113406
0.113359
0.119141
0.133677
0.157371
0.187044
0.217217
0.242665
0.260503
0.271133
0.27645
0.277267
0.268013
0.244887
0.210018
0.171959
0.141624
0.125517
0.122234
0.125575
0.129871
0.132823
0.134445
0.1354
0.136123
0.136749
0.137328
0.137864
0.138348
0.138772
0.139137
0.139451
0.139722
0.13996
0.140168
0.140346
0.140486
0.140585
0.140648
0.140686
0.140714
0.140737
0.140759
0.140777
0.14079
0.140801
0.140809
0.140816
0.140821
0.140824
0.140827
0.140828
0.140827
0.140825
0.140821
0.140815
0.140808
0.140798
0.140785
0.140767
0.140747
0.140728
0.140711
0.140691
0.140666
0.140637
0.140605
0.140571
0.140533
0.140493
0.140451
0.140395
0.14037
0.140264
0.12784
0.128904
0.129885
0.13079
0.131623
0.132389
0.133091
0.133733
0.13432
0.134856
0.135347
0.135796
0.136207
0.136585
0.136933
0.137253
0.13755
0.137825
0.138081
0.13832
0.138545
0.138757
0.138961
0.13916
0.139356
0.139549
0.139738
0.139918
0.140083
0.140224
0.140338
0.140423
0.140484
0.140525
0.140553
0.140574
0.140591
0.140603
0.14061
0.140616
0.140619
0.14062
0.140619
0.140616
0.140612
0.140607
0.1406
0.140592
0.140584
0.140574
0.140563
0.14055
0.140535
0.140519
0.140502
0.140486
0.140471
0.140458
0.140445
0.140432
0.140416
0.140397
0.140374
0.140349
0.140322
0.140293
0.140261
0.140231
0.140205
0.140175
0.140137
0.140089
0.140043
0.140043
0.140163
0.140451
0.140811
0.140956
0.140624
0.14009
0.129874
0.128987
0.127917
0.126585
0.124868
0.122629
0.119836
0.116925
0.115341
0.117956
0.128095
0.147619
0.175099
0.205902
0.234292
0.256015
0.2697
0.276333
0.278712
0.272657
0.253388
0.221139
0.182928
0.149658
0.129566
0.123325
0.125481
0.12979
0.133031
0.1348
0.135733
0.136383
0.136971
0.137545
0.138076
0.138549
0.138959
0.139308
0.139607
0.139866
0.140092
0.140288
0.140447
0.140564
0.140641
0.140688
0.140718
0.140743
0.140766
0.140785
0.1408
0.140812
0.140821
0.140828
0.140834
0.140838
0.14084
0.140841
0.140841
0.140839
0.140835
0.14083
0.140823
0.140813
0.1408
0.140783
0.140762
0.140743
0.140725
0.140705
0.14068
0.140651
0.140618
0.140583
0.140545
0.140504
0.140461
0.140404
0.140379
0.140272
0.130651
0.131387
0.132074
0.132716
0.133313
0.133869
0.134386
0.134865
0.135309
0.135722
0.136104
0.13646
0.13679
0.137098
0.137386
0.137654
0.137905
0.138141
0.138363
0.138573
0.138774
0.138968
0.139157
0.139343
0.139528
0.13971
0.139885
0.140047
0.14019
0.14031
0.140403
0.14047
0.140518
0.140552
0.140576
0.140593
0.140606
0.140617
0.140624
0.140628
0.140629
0.14063
0.140629
0.140625
0.14062
0.140614
0.140608
0.1406
0.140591
0.140581
0.140569
0.140555
0.14054
0.140523
0.140507
0.140491
0.140476
0.140463
0.14045
0.140436
0.14042
0.1404
0.140376
0.140351
0.140324
0.140294
0.140262
0.140231
0.140205
0.140174
0.140133
0.140084
0.140038
0.140048
0.140184
0.140488
0.140849
0.140968
0.140606
0.140086
0.132207
0.131607
0.130899
0.130047
0.128989
0.127616
0.125774
0.123342
0.120452
0.117996
0.118162
0.12427
0.139194
0.163294
0.193363
0.22381
0.249246
0.266534
0.276049
0.279691
0.276323
0.260835
0.231693
0.194129
0.158554
0.13456
0.124967
0.125485
0.129586
0.133107
0.135086
0.136048
0.136647
0.137196
0.137754
0.138278
0.138738
0.139133
0.139469
0.139755
0.140002
0.140217
0.140396
0.140534
0.140628
0.140687
0.140723
0.140749
0.140773
0.140794
0.140811
0.140823
0.140833
0.140841
0.140847
0.140851
0.140855
0.140856
0.140856
0.140854
0.140851
0.140845
0.140838
0.140829
0.140816
0.140799
0.140778
0.140758
0.140741
0.14072
0.140695
0.140665
0.140632
0.140596
0.140558
0.140516
0.140472
0.140414
0.140389
0.140279
0.132742
0.133255
0.13374
0.134198
0.134631
0.135039
0.135423
0.135785
0.136125
0.136446
0.136748
0.137032
0.1373
0.137553
0.137792
0.138017
0.138231
0.138435
0.138629
0.138816
0.138998
0.139176
0.139353
0.139528
0.139701
0.139868
0.140026
0.140168
0.140288
0.140385
0.14046
0.140513
0.140549
0.140576
0.140596
0.140612
0.140622
0.14063
0.140637
0.14064
0.14064
0.140639
0.140638
0.140634
0.140629
0.140622
0.140615
0.140608
0.140598
0.140587
0.140575
0.140561
0.140545
0.140528
0.140511
0.140495
0.140481
0.140468
0.140455
0.140441
0.140424
0.140403
0.140379
0.140353
0.140325
0.140295
0.140262
0.140231
0.140204
0.140172
0.14013
0.140078
0.140034
0.140054
0.140208
0.140529
0.140888
0.140977
0.140587
0.140083
0.133933
0.13352
0.13304
0.132478
0.131806
0.130979
0.129909
0.128449
0.126435
0.123809
0.121013
0.11951
0.122254
0.13261
0.152462
0.180383
0.211634
0.240225
0.261641
0.274559
0.279629
0.278667
0.266896
0.241309
0.205223
0.168126
0.140527
0.127331
0.125755
0.12935
0.133074
0.135272
0.13629
0.136862
0.137399
0.137957
0.138475
0.138923
0.1393
0.13962
0.139894
0.140131
0.140332
0.140492
0.140607
0.140681
0.140725
0.140755
0.140779
0.140802
0.14082
0.140835
0.140845
0.140854
0.140861
0.140866
0.140869
0.140871
0.140871
0.14087
0.140867
0.140862
0.140855
0.140845
0.140833
0.140816
0.140795
0.140775
0.140757
0.140736
0.140711
0.140681
0.140647
0.140611
0.140571
0.140528
0.140484
0.140425
0.140399
0.140287
0.134306
0.13467
0.135017
0.13535
0.135668
0.135972
0.136263
0.13654
0.136805
0.137058
0.137298
0.137528
0.137747
0.137957
0.138157
0.138348
0.138532
0.13871
0.138882
0.139051
0.139218
0.139383
0.139548
0.139712
0.13987
0.14002
0.140158
0.140277
0.140375
0.140451
0.140508
0.14055
0.140579
0.140599
0.140616
0.140629
0.140639
0.140645
0.140649
0.140652
0.140652
0.14065
0.140647
0.140643
0.140638
0.140631
0.140623
0.140615
0.140605
0.140594
0.140581
0.140566
0.14055
0.140533
0.140516
0.1405
0.140486
0.140473
0.140461
0.140446
0.140428
0.140406
0.140381
0.140355
0.140327
0.140296
0.140262
0.140231
0.140203
0.140169
0.140125
0.140072
0.140031
0.140062
0.140236
0.140573
0.140928
0.140984
0.140565
0.140083
0.135225
0.134934
0.1346
0.134216
0.133768
0.13324
0.132599
0.13178
0.130662
0.129064
0.126834
0.124071
0.121685
0.121883
0.128093
0.143278
0.167849
0.198531
0.229457
0.254916
0.271545
0.279322
0.280287
0.271716
0.249728
0.215719
0.177844
0.147045
0.130164
0.126224
0.129193
0.133159
0.135614
0.136649
0.137112
0.137565
0.138111
0.138647
0.139098
0.139463
0.139766
0.140027
0.140251
0.140436
0.140575
0.140668
0.140725
0.14076
0.140786
0.14081
0.14083
0.140846
0.140858
0.140868
0.140875
0.140881
0.140885
0.140887
0.140888
0.140887
0.140883
0.140879
0.140872
0.140863
0.14085
0.140834
0.140812
0.140792
0.140774
0.140753
0.140728
0.140697
0.140663
0.140625
0.140585
0.140542
0.140497
0.140436
0.14041
0.140296
0.135492
0.135755
0.136009
0.136256
0.136496
0.136727
0.136951
0.137168
0.137377
0.137579
0.137774
0.137962
0.138143
0.138318
0.138487
0.138652
0.138813
0.13897
0.139126
0.13928
0.139435
0.139589
0.139741
0.13989
0.140032
0.140162
0.140277
0.140373
0.14045
0.140508
0.140551
0.140582
0.140606
0.140623
0.140636
0.140646
0.140655
0.14066
0.140662
0.140663
0.140663
0.140661
0.140657
0.140652
0.140646
0.14064
0.140631
0.140622
0.140612
0.140601
0.140587
0.140571
0.140555
0.140538
0.140521
0.140506
0.140492
0.140479
0.140466
0.140451
0.140432
0.140409
0.140384
0.140357
0.140328
0.140296
0.140261
0.14023
0.140201
0.140166
0.140119
0.140065
0.140029
0.140073
0.140268
0.140622
0.140968
0.140989
0.140542
0.140085
0.136222
0.136012
0.135775
0.135504
0.135195
0.134838
0.134422
0.133927
0.133311
0.132483
0.131277
0.129502
0.127062
0.124363
0.122874
0.125537
0.135821
0.155745
0.184018
0.215893
0.245115
0.266644
0.278837
0.282071
0.276494
0.258255
0.226993
0.189037
0.155056
0.13361
0.126162
0.127873
0.132282
0.13557
0.137071
0.137567
0.137867
0.138288
0.138786
0.139244
0.139614
0.13991
0.140156
0.140364
0.140529
0.140646
0.14072
0.140763
0.140793
0.140817
0.140839
0.140857
0.140871
0.140882
0.14089
0.140896
0.140901
0.140904
0.140905
0.140904
0.140901
0.140896
0.14089
0.140881
0.140869
0.140852
0.140831
0.140811
0.140792
0.140771
0.140745
0.140714
0.140679
0.140641
0.1406
0.140556
0.14051
0.140448
0.140422
0.140305
0.136418
0.136613
0.136804
0.136991
0.137174
0.137354
0.137529
0.137701
0.137868
0.138031
0.13819
0.138346
0.138497
0.138646
0.138792
0.138936
0.139079
0.139221
0.139364
0.139506
0.139649
0.139791
0.139929
0.14006
0.140182
0.14029
0.140381
0.140455
0.140513
0.140557
0.140588
0.140612
0.14063
0.140645
0.140656
0.140663
0.140669
0.140674
0.140676
0.140675
0.140673
0.140671
0.140667
0.140661
0.140655
0.140648
0.14064
0.14063
0.140619
0.140607
0.140593
0.140577
0.14056
0.140543
0.140526
0.140511
0.140498
0.140485
0.140472
0.140455
0.140436
0.140412
0.140386
0.140359
0.140329
0.140297
0.140261
0.140229
0.1402
0.140162
0.140113
0.140058
0.140029
0.140086
0.140304
0.140674
0.141009
0.140989
0.140517
0.140088
0.137168
0.137019
0.136855
0.13667
0.136462
0.136225
0.135955
0.135644
0.135283
0.13485
0.134294
0.133513
0.132344
0.130636
0.128415
0.126328
0.126033
0.130364
0.142122
0.162515
0.189907
0.219906
0.247113
0.267175
0.277581
0.278149
0.267804
0.244916
0.212193
0.17729
0.14913
0.132976
0.128088
0.129941
0.133613
0.136356
0.137693
0.138216
0.138527
0.138894
0.139308
0.139691
0.140004
0.140253
0.14045
0.140599
0.140701
0.140763
0.1408
0.140827
0.14085
0.140871
0.140887
0.140899
0.140908
0.140916
0.140921
0.140925
0.140926
0.140926
0.140923
0.140919
0.140912
0.140904
0.140892
0.140876
0.140854
0.140833
0.140814
0.140792
0.140767
0.140735
0.140699
0.14066
0.140618
0.140572
0.140525
0.140461
0.140434
0.140316
0.137307
0.137447
0.137586
0.137724
0.137861
0.137996
0.138129
0.138261
0.138392
0.138521
0.138649
0.138776
0.138902
0.139027
0.139153
0.139279
0.139405
0.139533
0.139661
0.139787
0.139912
0.140033
0.140147
0.140252
0.140344
0.140423
0.140488
0.140538
0.140577
0.140607
0.14063
0.140646
0.140659
0.140671
0.14068
0.140685
0.140688
0.140691
0.140692
0.140691
0.140687
0.140684
0.14068
0.140674
0.140666
0.140659
0.140651
0.14064
0.140628
0.140615
0.140601
0.140584
0.140566
0.140549
0.140533
0.140519
0.140505
0.140493
0.140478
0.140461
0.14044
0.140416
0.140389
0.140361
0.14033
0.140297
0.140261
0.140228
0.140197
0.140157
0.140105
0.140051
0.14003
0.140107
0.140351
0.140736
0.141053
0.140986
0.14049
0.140095
0.138033
0.137931
0.137819
0.137697
0.13756
0.137409
0.137238
0.137047
0.136831
0.136587
0.136311
0.135988
0.135572
0.134957
0.133956
0.132383
0.130224
0.128094
0.127521
0.131197
0.141812
0.160693
0.18662
0.215788
0.242966
0.263687
0.274497
0.274462
0.262805
0.23915
0.207229
0.174584
0.148935
0.134338
0.129787
0.131273
0.134496
0.136988
0.138238
0.138735
0.139026
0.139354
0.139718
0.140051
0.140317
0.140515
0.140656
0.140747
0.140803
0.140837
0.140863
0.140886
0.140905
0.14092
0.140931
0.140939
0.140946
0.14095
0.140952
0.140952
0.14095
0.140946
0.14094
0.140931
0.140919
0.140903
0.140882
0.14086
0.14084
0.140818
0.140792
0.140759
0.140722
0.140681
0.140638
0.14059
0.140542
0.140476
0.140448
0.140327
0.13813
0.138229
0.138328
0.138428
0.138528
0.138628
0.138729
0.13883
0.138931
0.139034
0.139137
0.139241
0.139346
0.139453
0.13956
0.139669
0.139777
0.139885
0.139992
0.140095
0.140192
0.140283
0.140365
0.140436
0.140496
0.140545
0.140585
0.140616
0.140639
0.140657
0.140672
0.140685
0.140693
0.1407
0.140706
0.14071
0.140712
0.140711
0.140711
0.140709
0.140705
0.1407
0.140694
0.140689
0.140681
0.140672
0.140662
0.140652
0.140639
0.140625
0.140609
0.140592
0.140574
0.140557
0.140542
0.140528
0.140515
0.140501
0.140486
0.140468
0.140445
0.14042
0.140392
0.140363
0.140331
0.140297
0.140259
0.140226
0.140193
0.140149
0.140094
0.140041
0.140034
0.140136
0.140412
0.14081
0.141099
0.140976
0.140458
0.140104
0.138691
0.138616
0.138534
0.138446
0.13835
0.138245
0.13813
0.138003
0.137861
0.137704
0.13753
0.137341
0.137137
0.136903
0.136582
0.136042
0.135068
0.133451
0.13119
0.128939
0.128238
0.131689
0.141939
0.160321
0.18577
0.21471
0.2419
0.262386
0.272139
0.270345
0.256539
0.231544
0.200019
0.169411
0.146462
0.134119
0.130815
0.132636
0.135651
0.137802
0.138811
0.1392
0.13946
0.139768
0.140095
0.140374
0.140578
0.140712
0.140794
0.140843
0.140875
0.1409
0.140922
0.14094
0.140954
0.140964
0.140971
0.140976
0.140979
0.14098
0.140978
0.140975
0.140968
0.14096
0.140948
0.140932
0.140911
0.140889
0.140868
0.140845
0.140818
0.140785
0.140746
0.140704
0.140659
0.14061
0.14056
0.140492
0.140463
0.140339
0.138764
0.138839
0.138915
0.138992
0.139071
0.139151
0.139232
0.139314
0.139398
0.139484
0.139571
0.139659
0.139748
0.139838
0.139928
0.140017
0.140105
0.140189
0.14027
0.140345
0.140413
0.140473
0.140525
0.140569
0.140605
0.140633
0.140656
0.140674
0.140689
0.1407
0.14071
0.140718
0.140725
0.140729
0.140731
0.140733
0.140734
0.140732
0.140729
0.140726
0.140723
0.140716
0.140709
0.140703
0.140695
0.140686
0.140675
0.140663
0.14065
0.140634
0.140617
0.140599
0.140582
0.140566
0.140551
0.140537
0.140524
0.14051
0.140494
0.140474
0.14045
0.140423
0.140395
0.140365
0.140332
0.140296
0.140258
0.140223
0.140187
0.14014
0.140082
0.140033
0.140043
0.140173
0.140481
0.140887
0.141142
0.14096
0.140424
0.140115
0.139221
0.13916
0.139095
0.139026
0.138952
0.138873
0.138788
0.138695
0.138593
0.138482
0.13836
0.138227
0.138083
0.137932
0.137776
0.137597
0.137329
0.136819
0.135849
0.13421
0.131928
0.129677
0.129011
0.13251
0.142816
0.161271
0.186824
0.215772
0.242487
0.26171
0.269272
0.265007
0.248776
0.222409
0.191342
0.16293
0.14301
0.133385
0.131778
0.134111
0.136891
0.138612
0.139327
0.139608
0.139852
0.140145
0.140425
0.140636
0.140768
0.140842
0.140885
0.140914
0.140938
0.140959
0.140976
0.140988
0.140997
0.141003
0.141007
0.141009
0.141008
0.141004
0.140998
0.14099
0.140978
0.140963
0.140942
0.140919
0.140897
0.140873
0.140846
0.140812
0.140772
0.140729
0.140682
0.140631
0.140579
0.140509
0.140478
0.140351
0.139281
0.139342
0.139405
0.139469
0.139535
0.139602
0.13967
0.13974
0.13981
0.139882
0.139954
0.140026
0.140099
0.140169
0.140239
0.140305
0.140368
0.140427
0.140481
0.140528
0.140571
0.140606
0.140636
0.14066
0.140681
0.140697
0.14071
0.140721
0.140731
0.140738
0.140744
0.140748
0.140753
0.140755
0.140755
0.140755
0.140754
0.140752
0.140748
0.140743
0.140738
0.140733
0.140725
0.140717
0.140708
0.140699
0.140687
0.140673
0.140658
0.140643
0.140625
0.140607
0.14059
0.140575
0.14056
0.140547
0.140534
0.140519
0.140501
0.140479
0.140454
0.140426
0.140397
0.140366
0.140332
0.140295
0.140255
0.140218
0.140179
0.140128
0.140069
0.140028
0.140057
0.140219
0.140559
0.140969
0.14118
0.140936
0.140391
0.140128
0.139672
0.13962
0.139565
0.139507
0.139446
0.139381
0.139312
0.139238
0.139159
0.139074
0.138981
0.138881
0.138771
0.138652
0.138527
0.138402
0.13828
0.138141
0.137914
0.137432
0.136473
0.134829
0.132543
0.130327
0.129791
0.133597
0.144408
0.163505
0.189573
0.218471
0.244116
0.261198
0.26571
0.25843
0.239456
0.21169
0.181357
0.155651
0.139339
0.132814
0.132989
0.135701
0.138092
0.139326
0.13977
0.139978
0.140212
0.14047
0.14068
0.140812
0.140884
0.140925
0.140954
0.140977
0.140997
0.141012
0.141023
0.141031
0.141036
0.141038
0.141038
0.141035
0.14103
0.141021
0.14101
0.140995
0.140974
0.140951
0.140928
0.140904
0.140875
0.140841
0.1408
0.140755
0.140706
0.140653
0.140599
0.140527
0.140494
0.140365
0.139723
0.139775
0.139829
0.139883
0.139938
0.139993
0.140049
0.140105
0.140162
0.140218
0.140273
0.140326
0.140379
0.140428
0.140475
0.140519
0.140559
0.140594
0.140626
0.140653
0.140676
0.140695
0.140711
0.140724
0.140736
0.140746
0.140754
0.14076
0.140766
0.140772
0.140775
0.140777
0.140778
0.140779
0.140779
0.140776
0.140773
0.140771
0.140767
0.14076
0.140754
0.140748
0.140741
0.140731
0.140721
0.14071
0.140698
0.140683
0.140667
0.14065
0.140633
0.140615
0.140598
0.140584
0.14057
0.140557
0.140543
0.140527
0.140508
0.140484
0.140458
0.140429
0.140399
0.140366
0.140331
0.140293
0.140252
0.140213
0.14017
0.140114
0.140055
0.140026
0.140077
0.140277
0.140647
0.141052
0.141211
0.140905
0.140364
0.140142
0.140057
0.140014
0.139968
0.139919
0.139868
0.139813
0.139756
0.139694
0.139629
0.139559
0.139484
0.139404
0.139317
0.139222
0.139119
0.139009
0.138896
0.138791
0.138697
0.138592
0.138397
0.137934
0.136972
0.135302
0.132992
0.130839
0.130566
0.135013
0.146846
0.1671
0.193923
0.222536
0.246407
0.260404
0.261602
0.250631
0.22853
0.199519
0.170567
0.148372
0.136203
0.132833
0.134482
0.13723
0.139085
0.139874
0.140149
0.140343
0.140564
0.140756
0.140876
0.140935
0.140967
0.140992
0.141015
0.141035
0.141049
0.141059
0.141065
0.141069
0.141069
0.141067
0.141062
0.141054
0.141043
0.141028
0.141008
0.140985
0.140962
0.140936
0.140907
0.140872
0.14083
0.140783
0.140732
0.140677
0.140621
0.140547
0.140512
0.14038
0.140099
0.140142
0.140185
0.140228
0.140271
0.140313
0.140355
0.140395
0.140435
0.140474
0.140511
0.140546
0.140578
0.140609
0.140637
0.140661
0.140683
0.140702
0.140719
0.140733
0.140745
0.140756
0.140765
0.140773
0.140779
0.140785
0.140791
0.140795
0.140798
0.1408
0.140803
0.140803
0.140802
0.140801
0.1408
0.140797
0.140792
0.140787
0.140783
0.140778
0.14077
0.140762
0.140754
0.140745
0.140733
0.14072
0.140707
0.140692
0.140675
0.140657
0.14064
0.140623
0.140607
0.140593
0.14058
0.140567
0.140552
0.140534
0.140513
0.140488
0.14046
0.140431
0.140399
0.140366
0.140329
0.14029
0.140247
0.140205
0.140157
0.140098
0.140042
0.140029
0.140107
0.140347
0.140745
0.141136
0.141232
0.140866
0.140345
0.140157
0.140366
0.140333
0.140297
0.140259
0.140219
0.140176
0.140129
0.14008
0.140027
0.139971
0.13991
0.139844
0.139774
0.139697
0.139614
0.139523
0.139424
0.13932
0.139216
0.139126
0.139054
0.138976
0.138802
0.13834
0.137344
0.135611
0.133257
0.131215
0.131424
0.13694
0.150338
0.172174
0.199784
0.227594
0.249021
0.259062
0.256149
0.240966
0.215801
0.186319
0.159917
0.142178
0.134396
0.133848
0.136277
0.138564
0.139729
0.140125
0.140315
0.140538
0.140762
0.140915
0.140988
0.141019
0.141039
0.141058
0.141075
0.141088
0.141096
0.141101
0.141103
0.141102
0.141097
0.141089
0.141079
0.141064
0.141044
0.141021
0.140997
0.14097
0.14094
0.140905
0.140862
0.140813
0.14076
0.140702
0.140644
0.140568
0.140531
0.140395
0.140398
0.140429
0.140461
0.140491
0.14052
0.140549
0.140576
0.140602
0.140626
0.140649
0.140671
0.14069
0.140708
0.140724
0.140739
0.140752
0.140763
0.140773
0.140782
0.14079
0.140797
0.140803
0.140808
0.140814
0.140818
0.14082
0.140824
0.140827
0.140828
0.140828
0.140828
0.140828
0.140826
0.140823
0.140819
0.140817
0.140812
0.140806
0.1408
0.140794
0.140787
0.140778
0.140768
0.140758
0.140746
0.140732
0.140716
0.1407
0.140683
0.140665
0.140648
0.140633
0.140618
0.140605
0.140592
0.140578
0.140562
0.140542
0.140518
0.140492
0.140463
0.140432
0.1404
0.140365
0.140327
0.140287
0.140242
0.140195
0.140142
0.14008
0.140031
0.140037
0.140148
0.140431
0.140852
0.141218
0.141244
0.140823
0.140333
0.140172
0.140583
0.14056
0.140536
0.14051
0.140482
0.140451
0.140418
0.140383
0.140344
0.140302
0.140256
0.140206
0.140152
0.140093
0.140028
0.139957
0.139878
0.139791
0.139695
0.139595
0.1395
0.139423
0.13937
0.139313
0.139146
0.138662
0.137596
0.135756
0.13335
0.131526
0.132567
0.139674
0.155183
0.17887
0.207048
0.233296
0.251158
0.255985
0.247956
0.228083
0.200349
0.171774
0.149506
0.137291
0.134097
0.135949
0.138702
0.140327
0.140771
0.14073
0.140704
0.140796
0.14092
0.141006
0.141051
0.141077
0.141096
0.141112
0.141124
0.141131
0.141135
0.141135
0.141131
0.141124
0.141114
0.1411
0.141081
0.141058
0.141034
0.141006
0.140975
0.140939
0.140895
0.140844
0.140789
0.14073
0.140669
0.14059
0.140551
0.140412
0.140604
0.140625
0.140645
0.140664
0.140682
0.140699
0.140714
0.140729
0.140742
0.140754
0.140766
0.140776
0.140785
0.140794
0.140801
0.140808
0.140815
0.14082
0.140825
0.14083
0.140835
0.140838
0.140841
0.140844
0.140848
0.140849
0.140849
0.14085
0.140851
0.14085
0.140848
0.140846
0.140844
0.140841
0.140835
0.140831
0.140827
0.140821
0.140813
0.140805
0.140798
0.140789
0.140777
0.140765
0.140752
0.140738
0.140721
0.140704
0.140687
0.140671
0.140654
0.140639
0.140626
0.140613
0.1406
0.140585
0.140567
0.140545
0.14052
0.140492
0.140462
0.140431
0.140397
0.14036
0.140322
0.14028
0.140231
0.140179
0.140121
0.140061
0.140027
0.140057
0.140207
0.140535
0.14097
0.141295
0.14124
0.140772
0.140331
0.140184
0.140722
0.140708
0.140693
0.140676
0.140658
0.140638
0.140616
0.140593
0.140568
0.14054
0.140509
0.140475
0.140437
0.140395
0.140348
0.140295
0.140237
0.140171
0.140097
0.140013
0.139919
0.139821
0.139731
0.139663
0.139625
0.13958
0.139403
0.138857
0.137659
0.135643
0.13318
0.131718
0.13398
0.143263
0.161503
0.187532
0.216577
0.241353
0.255522
0.255375
0.241545
0.216391
0.185906
0.158167
0.139497
0.131589
0.131711
0.13518
0.138449
0.140247
0.140863
0.140972
0.140991
0.141029
0.141073
0.141105
0.141127
0.141144
0.141157
0.141166
0.141171
0.141172
0.141169
0.141163
0.141152
0.141138
0.141119
0.141097
0.141073
0.141044
0.141011
0.140974
0.140929
0.140876
0.140819
0.140757
0.140694
0.140612
0.14057
0.140428
0.140736
0.140749
0.140761
0.140772
0.140783
0.140792
0.140801
0.140809
0.140817
0.140824
0.14083
0.140836
0.140842
0.140847
0.140851
0.140856
0.14086
0.140864
0.140867
0.14087
0.140873
0.140876
0.140878
0.140879
0.14088
0.140881
0.140881
0.140879
0.140879
0.140878
0.140875
0.140871
0.140868
0.140865
0.14086
0.140854
0.140848
0.140843
0.140835
0.140826
0.140816
0.140807
0.140795
0.140781
0.140766
0.140751
0.140734
0.140716
0.1407
0.140684
0.140669
0.140655
0.140642
0.14063
0.140615
0.140598
0.140579
0.140555
0.140528
0.140499
0.140468
0.140436
0.140401
0.140363
0.140323
0.140279
0.140227
0.140167
0.140104
0.140044
0.140021
0.140074
0.140265
0.140633
0.141079
0.141363
0.141233
0.140727
0.140333
0.140196
0.140824
0.140816
0.140807
0.140798
0.140789
0.140779
0.140769
0.140758
0.140746
0.140733
0.140719
0.140703
0.140685
0.140665
0.140642
0.140617
0.140587
0.140553
0.140514
0.140468
0.140414
0.140351
0.140278
0.1402
0.140128
0.14008
0.140067
0.140058
0.139942
0.139495
0.138436
0.13659
0.134317
0.132949
0.134904
0.142994
0.158727
0.180952
0.205618
0.226981
0.239817
0.240646
0.229752
0.209453
0.185087
0.163015
0.147703
0.140003
0.137849
0.138406
0.139535
0.140344
0.140758
0.14095
0.14105
0.141111
0.14115
0.141177
0.141198
0.141212
0.141222
0.141226
0.141226
0.141222
0.141213
0.1412
0.141183
0.141162
0.141138
0.141108
0.141074
0.141036
0.140989
0.140934
0.140873
0.140806
0.140739
0.140653
0.140607
0.140459
0.140832
0.14084
0.140848
0.140855
0.140861
0.140867
0.140872
0.140877
0.140881
0.140886
0.14089
0.140893
0.140896
0.140899
0.140902
0.140905
0.140907
0.140909
0.140911
0.140912
0.140913
0.140914
0.140915
0.140914
0.140913
0.140912
0.140911
0.140909
0.140905
0.140903
0.1409
0.140896
0.14089
0.140885
0.140881
0.140874
0.140866
0.140858
0.140849
0.140839
0.140827
0.140815
0.140802
0.140787
0.140771
0.140755
0.140739
0.140724
0.140708
0.140694
0.140681
0.140669
0.140655
0.140641
0.140624
0.140604
0.140581
0.140554
0.140526
0.140495
0.140462
0.140428
0.140391
0.140351
0.140308
0.140258
0.140195
0.140128
0.140071
0.140033
0.140046
0.140158
0.140432
0.140853
0.141271
0.141436
0.14117
0.140642
0.140355
0.140203
)
;

boundaryField
{
    inlet
    {
        type            freestream;
        freestreamValue uniform 0.14;
        value           nonuniform List<scalar> 
134
(
0.14
0.14
0.14
0.14
0.14
0.14
0.14
0.14
0.14
0.14
0.140006
0.14001
0.140017
0.140023
0.140031
0.140038
0.140046
0.140054
0.140062
0.140071
0.14
0.140079
0.140088
0.140095
0.140103
0.140109
0.140116
0.140122
0.140128
0.140135
0.14014
0.140146
0.140152
0.140158
0.140165
0.140171
0.140178
0.140185
0.140192
0.140201
0.14
0.14
0.14
0.14
0.14
0.14
0.14
0.140207
0.14021
0.140214
0.140217
0.140221
0.140226
0.14023
0.140235
0.14024
0.140246
0.140252
0.140258
0.140264
0.140272
0.140279
0.140287
0.140296
0.140305
0.140316
0.140327
0.140339
0.140351
0.140365
0.14038
0.140395
0.140412
0.140428
0.140459
0.14
0.14
0.14
0.14
0.14
0.14
0.14
0.14
0.14
0.14
0.14
0.14
0.14
0.14
0.14
0.14
0.14
0.14
0.14
0.14
0.14
0.14
0.14
0.14
0.14
0.14
0.14
0.14
0.14
0.14
0.14
0.14
0.14
0.14
0.14
0.14
0.14
0.14
0.14
0.14
0.14
0.14
0.14
0.14
0.14
0.14
0.14
0.14
0.14
0.14
0.14
0.14
0.14
0.14
0.14
0.14
0.14
0.14
0.14
)
;
    }
    outlet
    {
        type            freestream;
        freestreamValue uniform 0.14;
        value           nonuniform List<scalar> 
160
(
0.140824
0.140832
0.140816
0.14084
0.140807
0.140848
0.140798
0.140855
0.140789
0.140861
0.140779
0.140867
0.140769
0.140872
0.140758
0.140877
0.140746
0.140881
0.140733
0.140886
0.140719
0.14089
0.140703
0.140893
0.140685
0.140896
0.140665
0.140899
0.140642
0.140902
0.140617
0.140905
0.140587
0.140907
0.140553
0.140909
0.140514
0.140911
0.140468
0.140912
0.140414
0.140913
0.140351
0.140914
0.140278
0.140915
0.1402
0.140914
0.140128
0.140913
0.14008
0.140912
0.140067
0.140911
0.140058
0.140909
0.139942
0.140905
0.139495
0.140903
0.138436
0.1409
0.13659
0.140896
0.134317
0.14089
0.132949
0.140885
0.134904
0.140881
0.142994
0.140874
0.158727
0.140866
0.180952
0.140858
0.205618
0.140849
0.226981
0.140839
0.239817
0.140827
0.240646
0.140815
0.229752
0.140802
0.209453
0.140787
0.185087
0.140771
0.163015
0.140755
0.147703
0.140739
0.140003
0.140724
0.137849
0.140708
0.138406
0.140694
0.139535
0.140681
0.140344
0.140669
0.140758
0.140655
0.14095
0.140641
0.14105
0.140624
0.141111
0.140604
0.14115
0.140581
0.141177
0.140554
0.141198
0.140526
0.141212
0.140495
0.141222
0.140462
0.141226
0.140428
0.141226
0.140391
0.141222
0.140351
0.141213
0.140308
0.1412
0.140258
0.141183
0.140195
0.141162
0.140128
0.141138
0.140071
0.141108
0.140033
0.141074
0.140046
0.141036
0.140158
0.140989
0.140432
0.140934
0.140853
0.140873
0.141271
0.140806
0.141436
0.140739
0.14117
0.140653
0.140642
0.140607
0.140355
0.140459
0.140203
)
;
    }
    walls
    {
        type            fixedValue;
        value           uniform 0;
    }
    frontAndBack
    {
        type            empty;
    }
}


// ************************************************************************* //
