/*--------------------------------*- C++ -*----------------------------------*\
| =========                 |                                                 |
| \\      /  F ield         | OpenFOAM: The Open Source CFD Toolbox           |
|  \\    /   O peration     | Version:  3.0.0                                 |
|   \\  /    A nd           | Web:      www.OpenFOAM.org                      |
|    \\/     M anipulation  |                                                 |
\*---------------------------------------------------------------------------*/
FoamFile
{
    version     2.0;
    format      ascii;
    class       volScalarField;
    location    "200";
    object      p;
}
// * * * * * * * * * * * * * * * * * * * * * * * * * * * * * * * * * * * * * //

dimensions      [0 2 -2 0 0 0 0];

internalField   nonuniform List<scalar> 
10720
(
0.00502825
-80.4086
-174.67
-264.913
-345.425
-426.545
-496.198
-552.305
-599.563
-634.346
-658.785
-675.082
-684.475
-687.556
-684.759
-675.601
-661.279
-640.488
-614.465
-581.835
-543.696
-499.25
-450.802
-399.298
-348.274
-302.837
-261.902
-221.782
-182.166
-143.257
-104.852
-66.7886
-28.9431
8.93522
47.1067
86.7085
127.905
176.614
222.886
83.2401
159.419
244.173
325.937
398.845
458.629
501.354
524.566
531.577
528.074
515.018
495.673
474.3
452.81
431.959
411.799
392.611
374.158
356.249
338.45
320.72
302.764
284.66
266.776
250.892
238.056
227.319
218.337
211.12
205.733
202.098
200.103
199.663
200.776
203.443
208.048
215.086
228.125
250.873
146.605
84.7262
16.5102
-54.6436
-126.59
-199.214
-268.523
-332.396
-390.356
-440.647
-483.344
-518.524
-546.035
-566.05
-578.473
-583.459
-581.666
-572.62
-556.927
-533.995
-504.469
-468.119
-426.737
-381.536
-335.685
-293.573
-254.691
-216.147
-177.743
-139.779
-102.138
-64.6929
-27.3469
10.1341
47.9983
87.3655
128.383
177.021
222.552
202.941
257.362
312.726
367.819
418.393
461.73
494.617
514.604
522.426
520.126
509.42
493.344
474.691
455.036
435.228
415.65
396.622
378.129
360.066
342.168
324.364
306.468
288.558
271.016
255.236
242.117
231.017
221.651
214.052
208.282
204.279
201.953
201.218
202.07
204.517
208.949
215.851
228.811
250.566
169.76
114.27
52.8249
-14.179
-82.5866
-151.587
-219.589
-283.715
-342.357
-394.636
-439.395
-476.213
-505.15
-526.653
-540.86
-548.071
-548.461
-541.911
-528.689
-508.614
-482.058
-449.122
-411.138
-369.438
-326.636
-286.334
-248.609
-211.215
-173.812
-136.669
-99.7072
-62.8126
-25.9056
11.2277
48.8219
87.9757
128.821
177.286
222.406
220.532
270.914
322.102
371.914
416.629
454.569
483.474
501.699
509.944
509.427
501.42
488.153
471.675
453.517
434.694
415.774
397.127
378.872
360.973
343.257
325.635
307.992
290.391
273.185
257.483
244.161
232.871
223.338
215.579
209.646
205.486
203.012
202.143
202.872
205.217
209.568
216.411
229.259
250.082
206.46
159.76
107.138
49.9635
-9.32465
-70.5485
-131.924
-191.533
-247.97
-300.117
-346.865
-387.568
-421.905
-449.753
-470.981
-485.426
-492.837
-493.098
-486.252
-472.259
-451.368
-423.862
-390.837
-353.692
-314.689
-276.908
-240.913
-205.053
-168.931
-132.823
-96.7154
-60.518
-24.1719
12.515
49.7605
88.632
129.24
177.408
222.151
248.735
290.007
332.141
373.892
411.81
444.628
470.315
487.306
495.944
496.962
491.292
480.626
466.551
450.397
433.14
415.389
397.55
379.843
362.311
344.877
327.488
310.092
292.766
275.845
260.245
246.793
235.329
225.608
217.637
211.475
207.086
204.389
203.312
203.857
206.048
210.275
217.016
229.68
249.583
220.988
179.383
132.267
80.663
26.9626
-29.1856
-86.2845
-142.562
-196.919
-248.182
-295.188
-337.157
-373.476
-403.705
-427.535
-444.639
-454.85
-458.085
-454.324
-443.615
-426.128
-402.208
-372.76
-339.11
-303.209
-267.626
-233.167
-198.672
-163.736
-128.624
-93.3726
-57.9039
-22.1679
14.0139
50.8474
89.37
129.669
177.435
221.654
258.775
295.468
332.982
370.058
403.661
432.994
456.348
472.427
481.365
483.62
479.965
471.651
459.887
445.769
430.182
413.731
396.858
379.847
362.821
345.788
328.74
311.674
294.686
278.092
262.66
249.147
237.546
227.664
219.513
213.157
208.57
205.683
204.433
204.82
206.877
210.993
217.629
230.083
249.054
232.13
195.253
153.218
107.187
59.2085
8.59995
-43.2243
-94.8558
-145.477
-193.99
-239.391
-280.907
-317.827
-349.566
-375.683
-395.789
-409.608
-416.875
-417.364
-411.018
-397.906
-378.339
-353.069
-323.32
-290.804
-257.698
-224.979
-191.949
-158.267
-124.195
-89.8222
-55.1018
-19.9978
15.651
52.037
90.1616
130.087
177.336
220.918
265.593
297.926
331.175
364.242
394.316
420.85
442.336
457.648
466.762
469.978
467.97
461.676
452.024
439.894
426.052
411.056
395.342
379.224
362.882
346.393
329.796
313.135
296.526
280.275
265.043
251.518
239.811
229.792
221.477
214.933
210.148
207.065
205.628
205.843
207.752
211.74
218.251
230.452
248.477
237.733
204.436
166.36
124.611
81.1588
35.0448
-12.4614
-60.1221
-107.376
-153.232
-196.802
-237.378
-274.203
-306.617
-334.081
-356.099
-372.189
-382.042
-385.344
-382.025
-372.134
-355.954
-334.124
-307.733
-278.26
-247.518
-216.54
-184.983
-152.579
-119.574
-86.1018
-52.1484
-17.696
17.3971
53.3062
90.9927
130.483
177.098
219.95
267.971
297.075
327.123
357.089
384.401
408.693
428.667
443.296
452.464
456.418
455.731
451.132
443.346
433.07
420.943
407.447
392.988
377.886
362.354
346.52
330.469
314.287
298.11
282.237
267.247
253.773
242.005
231.881
223.424
216.707
211.734
208.461
206.841
206.886
208.645
212.498
218.872
230.779
247.858
240.768
210.535
175.865
137.873
98.4128
56.3733
12.9292
-30.8402
-74.5613
-117.381
-158.521
-197.38
-233.247
-265.455
-293.412
-316.563
-334.374
-346.484
-352.512
-352.256
-345.666
-332.942
-314.596
-291.568
-265.14
-236.838
-207.704
-177.688
-146.619
-114.732
-82.2031
-49.0506
-15.2772
19.2373
54.6437
91.8569
130.855
176.727
218.757
268.255
294.633
321.996
349.386
374.417
396.837
415.54
429.541
438.667
443.169
443.522
440.322
434.145
425.545
415.041
403.033
389.88
375.884
361.27
346.196
330.786
315.157
299.466
284.007
269.303
255.934
244.151
233.951
225.376
218.502
213.35
209.891
208.09
207.962
209.564
213.273
219.491
231.063
247.202
241.779
214.094
182.293
147.462
111.383
72.864
32.9694
-7.32513
-47.802
-87.71
-126.393
-163.355
-197.942
-229.514
-257.483
-281.257
-300.26
-314.038
-322.157
-324.319
-320.431
-310.635
-295.342
-275.352
-251.757
-225.826
-198.552
-170.099
-140.394
-109.665
-78.1171
-45.8028
-12.7422
21.1631
56.0403
92.7488
131.207
176.239
217.357
266.978
291.11
316.244
341.483
364.596
385.436
403.042
416.458
425.474
430.366
431.531
429.469
424.657
417.537
408.527
397.949
386.104
373.261
359.637
345.406
330.715
315.708
300.558
285.554
271.179
257.972
246.22
235.981
227.312
220.301
214.983
211.347
209.366
209.064
210.506
214.059
220.105
231.302
246.508
241.53
216.036
186.717
154.638
121.502
86.0831
49.3724
12.2485
-25.1834
-62.2584
-98.4357
-133.313
-166.3
-196.835
-224.342
-248.224
-267.899
-282.867
-292.681
-296.956
-295.525
-288.449
-276.024
-258.915
-238.041
-214.451
-189.068
-162.21
-133.901
-104.367
-73.8371
-42.397
-10.0848
23.1772
57.4923
93.662
131.544
175.65
215.782
264.769
286.984
310.217
333.618
355.089
374.564
391.206
404.065
412.926
418.081
419.872
418.728
415.06
409.227
401.565
392.326
381.753
370.075
357.486
344.159
330.255
315.932
301.374
286.867
272.866
259.873
248.202
237.96
229.227
222.099
216.63
212.824
210.668
210.192
211.468
214.857
220.712
231.498
245.778
240.412
216.812
189.65
159.964
129.399
96.7047
62.8154
28.5287
-6.11494
-40.5382
-74.2978
-107.078
-138.356
-167.635
-194.388
-218.043
-238.017
-253.788
-264.884
-270.873
-271.506
-266.785
-256.919
-242.438
-224.105
-202.776
-179.282
-154.036
-127.145
-98.8389
-69.3619
-38.83
-7.30089
25.2827
59.0002
94.593
131.862
174.97
214.066
261.956
282.522
304.111
325.921
345.963
364.25
380.021
392.347
401.027
406.349
408.614
408.208
405.49
400.761
394.296
386.287
376.924
366.39
354.853
342.471
329.404
315.818
301.901
287.933
274.348
261.622
250.081
239.875
231.107
223.887
218.284
214.318
211.992
211.343
212.45
215.662
221.309
231.649
245.017
238.725
216.787
191.522
163.947
135.644
105.367
73.9987
42.2741
10.1771
-21.7783
-53.228
-83.9322
-113.437
-141.318
-167.095
-190.235
-210.181
-226.408
-238.432
-245.805
-248.198
-245.553
-237.995
-225.932
-209.981
-190.832
-169.213
-145.587
-120.133
-93.0822
-64.6906
-35.1006
-4.38872
27.4812
60.5651
95.5398
132.16
174.204
212.23
258.787
277.913
298.064
318.473
337.258
354.492
369.471
381.29
389.765
395.176
397.799
397.98
396.046
392.257
386.841
379.944
371.71
362.279
351.785
340.366
328.173
315.367
302.132
288.743
275.616
263.206
251.844
241.713
232.944
225.656
219.937
215.823
213.334
212.513
213.447
216.474
221.895
231.758
244.225
236.67
216.199
192.62
166.917
140.62
112.496
83.3834
53.9691
24.1902
-5.49514
-34.7761
-63.4821
-91.2204
-117.632
-142.299
-164.731
-184.406
-200.813
-213.455
-221.902
-225.749
-224.885
-219.364
-209.487
-195.739
-178.667
-158.889
-136.882
-112.873
-87.1
-59.8232
-31.2072
-1.34682
29.774
62.187
96.5013
132.433
173.356
210.286
255.416
273.278
292.152
311.318
328.984
345.277
359.529
370.861
379.117
384.558
387.443
388.089
386.799
383.805
379.3
373.396
366.199
357.812
348.335
337.879
326.577
314.58
302.062
289.288
276.659
264.61
253.475
243.462
234.724
227.397
221.581
217.335
214.69
213.7
214.458
217.289
222.467
231.824
243.408
234.388
215.225
193.154
169.127
144.624
118.428
91.3413
64.0137
36.3424
8.74515
-18.5139
-45.317
-71.3305
-96.2524
-119.726
-141.312
-160.522
-176.876
-189.877
-199.116
-204.144
-204.796
-201.063
-193.151
-181.433
-166.325
-148.34
-127.937
-105.376
-80.8974
-54.7613
-27.1494
1.82627
32.1622
63.866
97.4774
132.676
172.43
208.242
251.959
268.693
286.43
304.48
321.141
336.58
350.159
361.031
369.054
374.482
377.554
378.565
377.802
375.475
371.755
366.729
360.473
353.059
344.556
335.045
324.638
313.467
301.693
289.566
277.471
265.826
254.963
245.108
236.437
229.099
223.21
218.845
216.054
214.899
215.478
218.105
223.022
231.85
242.567
231.977
213.992
193.279
170.762
147.869
123.409
98.1538
72.7122
46.9618
21.2849
-4.09842
-29.1102
-53.4669
-76.9209
-99.1628
-119.809
-138.415
-154.532
-167.68
-177.469
-183.43
-185.345
-183.158
-176.994
-167.126
-153.858
-137.6
-118.775
-97.6562
-74.4816
-49.5078
-22.928
5.13114
34.6462
65.6025
98.4678
132.891
171.432
206.11
248.494
264.215
280.925
297.965
313.717
328.375
341.33
351.763
359.547
364.926
368.125
369.42
369.086
367.319
364.271
360.016
354.606
348.088
340.503
331.906
322.382
312.043
301.031
289.575
278.045
266.843
256.295
246.641
238.071
230.751
224.813
220.348
217.422
216.106
216.505
218.918
223.559
231.837
241.707
229.511
212.593
193.111
171.963
150.524
127.637
104.042
80.3122
56.3138
32.3982
8.74846
-14.5875
-37.367
-59.3896
-80.3962
-100.048
-117.949
-133.687
-146.807
-156.931
-163.606
-166.558
-165.69
-161.065
-152.869
-141.312
-126.705
-109.421
-89.7298
-67.8625
-44.0678
-18.545
8.56695
37.2266
67.3967
99.473
133.075
170.366
203.898
245.072
259.877
275.655
291.775
306.699
320.636
333.008
343.025
350.566
355.871
359.15
360.663
360.677
359.376
356.902
353.317
348.662
342.959
336.23
328.504
319.841
310.328
300.085
289.319
278.38
267.656
257.463
248.047
239.615
232.344
226.382
221.835
218.785
217.316
217.534
219.725
224.075
231.787
240.832
227.04
211.094
192.733
172.833
152.714
131.26
109.173
87.0049
64.6075
42.3047
20.2565
-1.51399
-22.8044
-43.4507
-63.2389
-81.8744
-99.0046
-114.257
-127.207
-137.489
-144.68
-148.462
-148.705
-145.419
-138.721
-128.739
-115.696
-99.9046
-81.6167
-61.0526
-38.4483
-14.0038
12.1327
39.9029
69.2486
100.493
133.231
169.241
201.615
241.729
255.702
270.628
285.903
300.07
313.338
325.162
334.783
342.08
347.292
350.613
352.291
352.585
351.673
349.687
346.685
342.695
337.73
331.789
324.884
317.048
308.345
298.869
288.804
278.476
268.259
258.456
249.316
241.057
233.868
227.907
223.299
220.139
218.523
218.561
220.523
224.568
231.704
239.945
224.601
209.544
192.214
173.453
154.543
134.394
113.688
92.944
72.0127
51.1925
30.6235
10.3056
-9.5856
-28.9225
-47.525
-65.1402
-81.4609
-96.1482
-108.815
-119.107
-126.643
-131.071
-132.233
-130.1
-124.731
-116.188
-104.613
-90.2552
-73.3388
-54.0668
-32.6583
-9.30945
15.8259
42.6742
71.1575
101.529
133.36
168.064
199.275
238.49
251.701
265.844
280.341
293.81
306.456
317.764
327.006
334.063
339.165
342.5
344.3
344.819
344.229
342.657
340.157
336.754
332.449
327.229
321.088
314.038
306.12
297.402
288.039
278.337
268.65
259.269
250.44
242.387
235.31
229.378
224.73
221.476
219.722
219.581
221.308
225.037
231.59
239.052
222.22
207.98
191.598
173.889
156.083
137.134
117.692
98.2563
78.6683
59.2118
40.0074
21.039
2.4562
-15.6383
-33.0993
-49.7085
-65.1996
-79.2699
-91.5673
-101.752
-109.484
-114.395
-116.304
-115.15
-110.947
-103.706
-93.4968
-80.5059
-64.921
-46.9219
-26.7088
-4.46859
19.6428
45.5387
73.1235
102.582
133.465
166.846
196.888
235.372
247.881
261.301
275.079
287.897
299.964
310.786
319.665
326.484
331.467
334.792
336.68
337.379
337.056
335.834
333.768
330.878
327.16
322.594
317.158
310.848
303.681
295.701
287.037
277.969
268.83
259.897
251.41
243.596
236.661
230.786
226.12
222.788
220.905
220.589
222.077
225.479
231.448
238.157
219.914
206.431
190.924
174.185
157.398
139.551
121.275
103.039
84.6876
66.487
48.5444
30.8279
13.4692
-3.4537
-19.8241
-35.4543
-50.1133
-63.5341
-75.397
-85.3818
-93.1842
-98.4364
-100.937
-100.601
-97.4122
-91.338
-82.3897
-70.6911
-56.3895
-39.6377
-20.613
0.510464
23.5786
48.4943
75.1455
103.652
133.549
165.595
194.468
232.384
244.246
256.995
270.104
282.317
293.839
304.201
312.734
319.319
324.176
327.473
329.422
330.262
330.16
329.234
327.54
325.098
321.901
317.923
313.133
307.512
301.057
293.791
285.815
277.381
268.801
260.337
252.22
244.675
237.912
232.12
227.46
224.067
222.067
221.579
222.825
225.893
231.28
237.264
217.696
204.914
190.22
174.38
158.535
141.707
124.504
107.376
90.1642
73.1226
56.344
39.7895
23.5706
7.7487
-7.58354
-22.2687
-36.1044
-48.8562
-60.2373
-69.9519
-77.7189
-83.191
-86.1465
-86.4845
-84.1665
-79.1285
-71.333
-60.8465
-47.7731
-32.2357
-14.3863
5.61767
27.6274
51.5378
77.2228
104.742
133.617
164.322
192.027
229.533
240.793
252.918
265.402
277.05
288.06
297.988
306.189
312.545
317.271
320.526
322.513
323.465
323.545
322.869
321.494
319.441
316.704
313.252
309.049
304.064
298.279
291.696
284.389
276.583
268.569
260.59
252.865
245.616
239.054
233.372
228.74
225.304
223.199
222.545
223.549
226.278
231.091
236.377
215.573
203.445
189.507
174.504
159.531
143.648
127.439
111.333
95.1773
79.206
63.505
48.0266
32.8702
18.0801
3.72835
-10.0481
-23.0792
-35.157
-46.0254
-55.4146
-63.0614
-68.6493
-71.9405
-72.8214
-71.2423
-67.1165
-60.366
-51.0076
-39.1013
-24.7395
-8.04582
10.8414
31.7818
54.665
79.3544
105.853
133.673
163.039
189.582
226.821
237.52
249.061
260.962
272.078
282.607
292.123
300.005
306.139
310.731
313.935
315.941
316.979
317.209
316.744
315.642
313.928
311.594
308.611
304.938
300.536
295.376
289.439
282.778
275.59
268.142
260.657
253.343
246.414
240.078
234.531
229.951
226.491
224.295
223.481
224.244
226.632
230.882
235.503
213.552
202.032
188.802
174.579
160.416
145.412
130.125
114.968
99.7873
84.8089
70.106
55.6276
41.4601
27.6353
14.2088
1.2974
-10.953
-22.3616
-32.6996
-41.7224
-49.1824
-54.7975
-58.3209
-59.6313
-58.6697
-55.3376
-49.5266
-41.2095
-30.4054
-17.1738
-1.61051
16.1679
36.033
57.8718
81.5387
106.988
133.724
161.755
187.144
224.247
234.424
245.417
256.77
267.387
277.46
286.585
294.163
300.079
304.537
307.681
309.693
310.797
311.15
310.862
309.995
308.573
306.593
304.026
300.829
296.959
292.375
287.047
281.004
274.417
267.528
260.543
253.653
247.063
240.976
235.59
231.084
227.62
225.346
224.382
224.907
226.953
230.657
234.644
211.634
200.684
188.116
174.623
161.215
147.029
132.601
118.324
104.05
89.9905
76.2137
62.6638
49.4179
36.4965
23.9412
11.851
0.350946
-10.3992
-20.1984
-28.8258
-36.0485
-41.6185
-45.2852
-46.924
-46.4708
-43.8233
-38.8505
-31.4874
-21.7173
-9.56536
4.89894
21.5832
40.3709
61.1519
83.7745
108.148
133.777
160.485
184.729
221.811
231.497
241.977
252.815
262.961
272.602
281.356
288.641
294.348
298.671
301.749
303.756
304.91
305.362
305.224
304.557
303.389
301.718
299.518
296.747
293.359
289.305
284.545
279.087
273.08
266.74
260.254
253.797
247.561
241.745
236.541
232.132
228.682
226.345
225.241
225.534
227.242
230.418
233.804
209.819
199.405
187.458
174.65
161.948
148.526
134.898
121.441
108.009
94.8042
81.8876
69.2016
56.813
44.7344
32.9979
21.6853
10.9042
0.794433
-8.46655
-16.679
-23.6277
-29.0931
-32.828
-34.707
-34.6663
-32.6024
-28.3702
-21.8747
-13.0669
-1.94141
11.4616
27.0695
44.7847
64.4999
86.0592
109.338
133.839
159.238
182.353
219.51
228.736
238.732
249.084
258.785
268.016
276.417
283.422
288.925
293.116
296.124
298.117
299.306
299.84
299.827
299.332
298.383
296.982
295.105
292.714
289.759
286.19
281.955
277.05
271.596
265.79
259.797
253.776
247.907
242.378
237.376
233.084
229.669
227.284
226.052
226.119
227.497
230.167
232.988
208.107
198.197
186.834
174.668
162.629
149.921
137.042
124.35
111.703
99.293
87.176
75.2938
63.7049
52.4135
41.4445
30.8667
20.7712
11.2796
2.55073
-5.23741
-11.8844
-17.1992
-20.9403
-22.9852
-23.2714
-21.6988
-18.1151
-12.4024
-4.48446
5.67198
18.0529
32.6105
49.2623
67.9073
88.3921
110.558
133.918
158.027
180.03
217.341
226.134
235.673
245.565
254.844
263.687
271.751
278.489
283.796
287.855
290.791
292.762
293.976
294.577
294.669
294.32
293.561
292.394
290.803
288.747
286.182
283.052
279.301
274.911
269.984
264.692
259.182
253.597
248.102
242.872
238.091
233.936
230.572
228.156
226.808
226.66
227.718
229.906
232.198
206.497
197.062
186.249
174.688
163.27
151.233
139.054
127.076
115.162
103.494
92.1216
80.9877
70.1431
59.588
49.3379
39.4523
30.0084
21.1117
12.9037
5.54237
-0.78524
-5.91201
-9.60923
-11.7556
-12.2941
-11.1313
-8.11215
-3.10101
3.99974
13.247
24.6509
38.1865
53.7903
71.3681
90.7685
111.814
134.022
156.863
177.774
215.299
223.683
232.79
242.248
251.128
259.602
267.343
273.825
278.942
282.873
285.735
287.68
288.909
289.562
289.744
289.52
288.924
287.963
286.62
284.863
282.645
279.912
276.604
272.694
268.262
263.461
258.419
253.265
248.146
243.227
238.681
234.679
231.385
228.953
227.503
227.153
227.902
229.637
231.436
204.986
195.999
185.706
174.715
163.881
152.474
140.952
129.643
118.413
107.437
96.7597
86.3226
76.1732
66.3047
56.7288
47.4949
38.6681
30.3408
22.6385
15.7024
9.70314
4.79272
1.1788
-1.01631
-1.74265
-0.916389
1.61715
6.00304
12.3574
20.7559
31.2316
43.7798
58.3541
74.8726
93.1874
113.105
134.158
155.758
175.598
213.379
221.377
230.077
239.121
247.622
255.745
263.179
269.415
274.349
278.154
280.942
282.857
284.095
284.79
285.047
284.929
284.474
283.691
282.567
281.072
279.163
276.788
273.883
270.415
266.447
262.111
257.521
252.788
248.045
243.442
239.142
235.308
232.101
229.67
228.132
227.593
228.049
229.361
230.704
203.571
195.007
185.205
174.753
164.47
153.655
142.75
132.068
121.48
111.15
101.122
91.3351
81.8334
72.6074
63.6623
55.04
46.7964
39.0121
31.798
25.2811
19.6149
14.9396
11.4417
9.23962
8.3799
8.93484
11.0525
14.8863
20.5623
28.173
37.7708
49.3694
62.9404
78.4114
95.6446
114.436
134.337
154.721
173.514
211.577
219.21
227.523
236.175
244.316
252.105
259.246
265.246
270.004
273.686
276.4
278.282
279.522
280.251
280.569
280.544
280.21
279.582
278.649
277.385
275.751
273.695
271.156
268.093
264.556
260.659
256.5
252.176
247.803
243.518
239.472
235.82
232.715
230.299
228.689
227.978
228.159
229.078
230.004
202.249
194.086
184.749
174.806
165.041
154.786
144.461
134.368
124.381
114.657
105.235
96.0557
87.159
78.5327
70.1781
62.1304
54.4368
47.1686
40.4228
34.3144
28.981
24.5532
21.1949
19.0224
18.0747
18.4134
20.179
23.5269
28.5907
35.4745
44.2462
54.9363
67.5329
81.976
98.1362
115.809
134.564
153.763
171.536
209.889
217.175
225.12
233.401
241.198
248.669
255.53
261.303
265.892
269.456
272.096
273.943
275.18
275.936
276.306
276.358
276.13
275.635
274.869
273.808
272.417
270.647
268.437
265.744
262.606
259.119
255.369
251.437
247.426
243.459
239.672
236.211
233.22
230.837
229.17
228.303
228.229
228.788
229.334
201.016
193.234
184.337
174.876
165.601
155.872
146.095
136.554
127.132
117.975
109.12
100.51
92.1783
84.113
76.311
68.8021
61.6265
54.8469
48.5496
42.8366
37.8326
33.6586
30.4577
28.3418
27.3442
27.515
28.9848
31.9075
36.4207
42.6368
50.6352
60.4612
72.1169
85.5552
100.659
117.225
134.848
152.894
169.672
208.308
215.266
222.862
230.788
238.259
245.426
252.018
257.576
262.002
265.45
268.017
269.828
271.058
271.834
272.248
272.367
272.229
271.851
271.23
270.347
269.17
267.654
265.74
263.384
260.611
257.507
254.14
250.582
246.922
243.268
239.743
236.48
233.616
231.277
229.569
228.566
228.26
228.491
228.696
199.869
192.447
183.968
174.964
166.152
156.921
147.659
138.639
129.746
121.122
112.798
104.72
96.9173
89.3766
82.0916
75.0879
68.3998
62.0821
56.2116
50.8792
46.1981
42.2791
39.2484
37.211
36.1938
36.2371
37.4605
40.0132
44.034
49.639
56.9169
65.9243
76.677
89.1393
103.207
118.685
135.195
152.12
167.933
206.83
213.476
220.74
228.329
235.489
242.365
248.701
254.052
258.32
261.657
264.153
265.927
267.148
267.938
268.388
268.564
268.504
268.226
267.732
267.004
266.016
264.725
263.077
261.025
258.587
255.835
252.827
249.623
246.3
242.95
239.686
236.627
233.897
231.617
229.885
228.765
228.25
228.187
228.086
198.803
191.723
183.642
175.07
166.697
157.936
149.161
140.632
132.238
124.113
116.287
108.707
101.399
94.3479
87.5473
81.0171
74.7872
68.9051
63.4395
58.4722
54.1046
50.4392
47.5857
45.6422
44.6303
44.58
45.5999
47.8326
51.4139
56.4624
63.072
71.3085
81.1981
92.7178
105.776
120.191
135.61
151.45
166.326
205.45
211.8
218.747
226.014
232.877
239.477
245.568
250.719
254.838
258.067
260.493
262.228
263.438
264.239
264.718
264.942
264.949
264.759
264.374
263.783
262.961
261.869
260.457
258.678
256.545
254.116
251.442
248.571
245.568
242.513
239.505
236.652
234.065
231.856
230.114
228.896
228.197
227.873
227.504
197.814
191.06
183.356
175.196
167.238
158.922
150.607
142.54
134.615
126.96
119.602
112.488
105.643
99.0507
92.7025
86.6158
80.8158
75.3437
70.2618
65.6426
61.5776
58.1612
55.4886
53.6507
52.6628
52.5463
53.3996
55.3561
58.5472
63.0904
69.0829
76.5961
85.666
96.28
108.361
121.74
136.098
150.889
164.858
204.163
210.23
216.877
223.837
230.417
236.752
242.608
247.569
251.543
254.667
257.025
258.723
259.918
260.726
261.23
261.494
261.559
261.444
261.155
260.683
260.006
259.09
257.888
256.355
254.497
252.364
249.998
247.437
244.736
241.964
239.206
236.557
234.119
231.99
230.253
228.958
228.1
227.549
226.946
196.9
190.455
183.11
175.34
167.775
159.881
152.001
144.37
136.888
129.674
122.754
116.077
109.666
103.503
97.579
91.9075
86.5106
81.4244
76.7044
72.4157
68.6412
65.4669
62.975
61.2497
60.3009
60.1415
60.8587
62.5774
65.4231
69.5094
74.9338
81.7718
90.0667
99.8154
110.955
123.333
136.662
150.442
163.534
202.963
208.762
215.122
221.789
228.098
234.181
239.812
244.59
248.425
251.449
253.74
255.4
256.58
257.392
257.915
258.214
258.328
258.279
258.073
257.703
257.153
256.392
255.376
254.062
252.453
250.589
248.505
246.231
243.813
241.31
238.794
236.348
234.061
232.021
230.304
228.951
227.959
227.212
226.41
196.054
189.904
182.9
175.501
168.31
160.815
153.347
146.128
139.062
132.265
125.757
119.49
113.485
107.724
102.196
96.9128
91.8937
87.17
82.7909
78.8154
75.3177
72.377
70.0637
68.4551
67.5557
67.3712
67.9787
69.4936
72.0335
75.7078
80.6112
86.8216
94.3873
103.314
113.552
124.967
137.304
150.111
162.357
201.847
207.39
213.476
219.864
225.914
231.755
237.171
241.774
245.475
248.402
250.629
252.251
253.415
254.227
254.767
255.095
255.251
255.257
255.123
254.843
254.404
253.778
252.926
251.808
250.422
248.802
246.974
244.965
242.811
240.561
238.276
236.028
233.893
231.95
230.264
228.873
227.773
226.862
225.891
195.275
189.406
182.726
175.68
168.844
161.727
154.648
147.819
141.146
134.739
128.619
122.737
117.112
111.727
106.57
101.651
96.9853
92.6014
88.5429
84.8626
81.628
78.9114
76.7724
75.2814
74.4386
74.2434
74.7631
76.1033
78.3733
81.6761
86.1035
91.733
98.6164
106.766
116.146
126.64
138.024
149.899
161.33
200.81
206.109
211.934
218.055
223.858
229.467
234.677
239.112
242.685
245.518
247.682
249.266
250.413
251.224
251.776
252.128
252.32
252.375
252.302
252.1
251.757
251.25
250.543
249.598
248.412
247.01
245.416
243.649
241.739
239.725
237.66
235.603
233.62
231.779
230.136
228.725
227.54
226.494
225.387
194.558
188.956
182.586
175.875
169.375
162.617
155.907
149.445
143.144
137.105
131.349
125.828
120.561
115.528
110.718
106.138
101.804
97.7377
93.98
90.5781
87.5919
85.0883
83.1179
81.7438
80.9624
80.767
81.2167
82.4072
84.4392
87.4081
91.4017
96.4955
102.743
110.163
118.73
128.347
138.823
149.806
160.453
199.846
204.913
210.488
216.355
221.921
227.31
232.321
236.595
240.045
242.788
244.89
246.438
247.566
248.375
248.935
249.308
249.53
249.626
249.606
249.471
249.212
248.808
248.228
247.437
246.428
245.222
243.839
242.292
240.606
238.812
236.953
235.079
233.246
231.511
229.922
228.506
227.26
226.109
224.892
193.899
188.552
182.476
176.085
169.904
163.487
157.126
151.012
145.06
139.369
133.955
128.774
123.841
119.137
114.651
110.39
106.365
102.596
99.1205
95.9797
93.2281
90.9259
89.1173
87.8573
87.1392
86.9517
87.3461
88.4082
90.23
92.8995
96.499
101.1
106.758
113.496
121.297
130.085
139.696
149.829
159.724
198.952
203.798
209.135
214.757
220.098
225.275
230.097
234.216
237.547
240.203
242.246
243.757
244.867
245.67
246.238
246.626
246.875
247.005
247.031
246.954
246.766
246.452
245.983
245.328
244.476
243.446
242.251
240.904
239.422
237.831
236.165
234.465
232.778
231.151
229.624
228.22
226.934
225.702
224.402
193.295
188.19
182.395
176.308
170.43
164.336
158.306
152.521
146.9
141.536
136.444
131.581
126.962
122.567
118.385
114.421
110.684
107.193
103.981
101.085
98.5535
96.441
94.7863
93.6363
92.982
92.8084
93.1591
94.1109
95.7471
98.1479
101.39
105.54
110.653
116.756
123.841
131.848
140.642
149.968
159.143
198.124
202.758
207.868
213.258
218.382
223.356
227.997
231.966
235.184
237.756
239.741
241.216
242.306
243.104
243.675
244.077
244.347
244.507
244.572
244.544
244.419
244.183
243.811
243.274
242.561
241.686
240.661
239.493
238.197
236.791
235.304
233.769
232.222
230.704
229.246
227.866
226.56
225.274
223.915
192.743
187.869
182.341
176.543
170.953
165.166
159.449
153.976
148.667
143.611
138.822
134.258
129.933
125.827
121.928
118.242
114.774
111.543
108.577
105.909
103.584
101.65
100.14
99.0956
98.504
98.3479
98.664
99.521
100.993
103.154
106.072
109.811
114.423
119.937
126.355
133.63
141.655
150.217
158.704
197.358
201.79
206.683
211.85
216.768
221.547
226.013
229.841
232.949
235.439
237.368
238.808
239.878
240.669
241.242
241.654
241.941
242.126
242.224
242.238
242.167
241.998
241.71
241.276
240.687
239.95
239.074
238.067
236.938
235.702
234.38
232.998
231.586
230.176
228.792
227.449
226.141
224.821
223.425
192.238
187.585
182.312
176.788
171.472
165.977
160.557
155.377
150.363
145.598
141.094
136.811
132.761
128.926
125.292
121.865
118.649
115.66
112.922
110.468
108.335
106.567
105.194
104.249
103.718
103.582
103.871
104.646
105.973
107.918
110.543
113.908
118.061
123.033
128.832
135.425
142.729
150.571
158.403
196.65
200.889
205.575
210.528
215.248
219.842
224.141
227.831
230.834
233.246
235.12
236.525
237.576
238.357
238.931
239.35
239.652
239.858
239.983
240.033
240.007
239.895
239.68
239.338
238.855
238.239
237.498
236.633
235.654
234.571
233.4
232.161
230.878
229.573
228.268
226.971
225.676
224.344
222.931
191.779
187.335
182.305
177.043
171.987
166.767
161.629
156.728
151.992
147.501
143.266
139.246
135.454
131.872
128.486
125.3
122.319
119.555
117.031
114.774
112.82
111.208
109.962
109.11
108.638
108.522
108.789
109.493
110.692
112.444
114.805
117.83
121.564
126.039
131.267
137.227
143.859
151.024
158.234
195.995
200.051
204.539
209.288
213.819
218.235
222.373
225.932
228.833
231.169
232.991
234.361
235.391
236.163
236.735
237.16
237.473
237.695
237.844
237.924
237.937
237.875
237.722
237.458
237.069
236.56
235.936
235.198
234.353
233.408
232.374
231.268
230.105
228.904
227.679
226.437
225.168
223.84
222.427
191.36
187.117
182.318
177.305
172.496
167.539
162.667
158.029
153.557
149.324
145.34
141.569
138.019
134.673
131.519
128.558
125.794
123.24
120.914
118.842
117.054
115.585
114.458
113.693
113.275
113.181
113.43
114.072
115.156
116.735
118.859
121.576
124.929
128.949
133.653
139.03
145.037
151.568
158.189
195.392
199.272
203.571
208.125
212.475
216.72
220.705
224.137
226.94
229.203
230.973
232.309
233.319
234.08
234.649
235.077
235.399
235.635
235.802
235.908
235.953
235.933
235.834
235.638
235.331
234.915
234.393
233.768
233.042
232.22
231.311
230.326
229.276
228.174
227.031
225.849
224.619
223.31
221.913
190.981
186.928
182.349
177.574
172.999
168.291
163.672
159.283
155.058
151.068
147.322
143.783
140.46
137.335
134.397
131.646
129.086
126.726
124.584
122.682
121.048
119.713
118.695
118.011
117.644
117.569
117.805
118.391
119.374
120.799
122.709
125.148
128.155
131.761
135.985
140.825
146.255
152.195
158.261
194.835
198.549
202.666
207.035
211.212
215.293
219.13
222.441
225.15
227.342
229.061
230.364
231.352
232.102
232.667
233.097
233.424
233.671
233.854
233.98
234.053
234.068
234.015
233.877
233.641
233.306
232.874
232.348
231.727
231.015
230.218
229.344
228.399
227.393
226.331
225.214
224.031
222.754
221.386
190.637
186.766
182.397
177.847
173.495
169.022
164.643
160.489
156.499
152.738
149.215
145.894
142.783
139.866
137.129
134.573
132.201
130.022
128.05
126.306
124.815
123.603
122.685
122.076
121.755
121.7
121.924
122.462
123.355
124.64
126.358
128.546
131.241
134.472
138.259
142.608
147.506
152.896
158.441
194.323
197.877
201.822
206.012
210.024
213.948
217.644
220.838
223.456
225.58
227.25
228.519
229.486
230.224
230.784
231.213
231.545
231.8
231.995
232.138
232.234
232.279
232.265
232.176
232
231.735
231.383
230.942
230.414
229.8
229.104
228.33
227.482
226.567
225.586
224.536
223.407
222.173
220.845
190.327
186.629
182.459
178.123
173.983
169.734
165.581
161.65
157.88
154.336
151.022
147.906
144.994
142.269
139.72
137.347
135.15
133.138
131.324
129.726
128.366
127.267
126.442
125.9
125.623
125.586
125.799
126.294
127.106
128.267
129.812
131.775
134.188
137.079
140.47
144.371
148.781
153.664
158.72
193.852
197.254
201.034
205.054
208.907
212.681
216.241
219.323
221.854
223.911
225.533
226.77
227.716
228.441
228.994
229.422
229.756
230.017
230.221
230.378
230.492
230.562
230.58
230.534
230.41
230.206
229.921
229.556
229.109
228.582
227.975
227.292
226.534
225.704
224.801
223.821
222.751
221.568
220.288
190.048
186.514
182.534
178.402
174.462
170.425
166.487
162.766
159.205
155.863
152.747
149.822
147.096
144.552
142.178
139.974
137.94
136.083
134.414
132.951
131.711
130.716
129.976
129.496
129.258
129.237
129.442
129.898
130.637
131.687
133.077
134.838
136.997
139.582
142.614
146.109
150.073
154.487
159.088
193.419
196.676
200.299
204.157
207.858
211.489
214.918
217.892
220.338
222.331
223.906
225.111
226.036
226.747
227.293
227.717
228.052
228.317
228.529
228.696
228.825
228.915
228.961
228.951
228.871
228.719
228.493
228.192
227.817
227.366
226.839
226.237
225.562
224.811
223.984
223.073
222.066
220.94
219.716
189.796
186.42
182.62
178.681
174.932
171.096
167.36
163.838
160.473
157.323
154.391
151.647
149.095
146.719
144.508
142.461
140.578
138.864
137.33
135.991
134.862
133.961
133.298
132.875
132.672
132.666
132.862
133.285
133.958
134.908
136.16
137.739
139.67
141.98
144.689
147.815
151.374
155.357
159.534
193.021
196.14
199.613
203.316
206.872
210.365
213.67
216.54
218.905
220.835
222.365
223.538
224.441
225.139
225.676
226.096
226.43
226.697
226.914
227.09
227.231
227.337
227.405
227.425
227.383
227.275
227.099
226.855
226.542
226.157
225.701
225.173
224.572
223.896
223.141
222.299
221.357
220.292
219.129
189.571
186.343
182.715
178.96
175.391
171.745
168.202
164.866
161.687
158.717
155.959
153.383
150.993
148.775
146.715
144.814
143.071
141.49
140.08
138.854
137.827
137.013
136.42
136.048
135.877
135.883
136.072
136.464
137.079
137.939
139.066
140.482
142.211
144.273
146.691
149.486
152.676
156.265
160.051
192.657
195.644
198.974
202.529
205.946
209.308
212.493
215.263
217.549
219.42
220.905
222.047
222.928
223.611
224.139
224.555
224.886
225.154
225.374
225.556
225.705
225.825
225.912
225.956
225.947
225.876
225.743
225.548
225.288
224.962
224.568
224.106
223.572
222.965
222.278
221.504
220.627
219.626
218.528
189.369
186.283
182.818
179.237
175.839
172.374
169.011
165.853
162.848
160.047
157.451
155.034
152.796
150.724
148.806
147.04
145.426
143.967
142.672
141.55
140.616
139.882
139.352
139.025
138.883
138.901
139.083
139.445
140.008
140.788
141.803
143.074
144.62
146.462
148.62
151.115
153.972
157.202
160.626
192.323
195.185
198.378
201.792
205.077
208.313
211.383
214.057
216.268
218.08
219.522
220.633
221.492
222.16
222.679
223.088
223.417
223.684
223.905
224.091
224.248
224.377
224.479
224.544
224.561
224.522
224.426
224.272
224.058
223.783
223.445
223.041
222.569
222.024
221.402
220.692
219.881
218.946
217.914
189.189
186.238
182.927
179.512
176.276
172.98
169.789
166.797
163.957
161.315
158.872
156.602
154.506
152.57
150.783
149.144
147.649
146.303
145.113
144.087
143.238
142.576
142.103
141.818
141.7
141.728
141.903
142.24
142.755
143.463
144.379
145.52
146.904
148.548
150.473
152.7
155.256
158.159
161.252
192.017
194.76
197.824
201.102
204.262
207.377
210.337
212.919
215.057
216.812
218.212
219.292
220.13
220.783
221.291
221.694
222.018
222.284
222.505
222.693
222.855
222.992
223.105
223.187
223.226
223.214
223.149
223.03
222.857
222.626
222.336
221.984
221.567
221.08
220.518
219.87
219.122
218.253
217.289
189.029
186.205
183.041
179.782
176.7
173.565
170.535
167.701
165.015
162.522
160.222
158.09
156.127
154.318
152.653
151.13
149.746
148.504
147.411
146.473
145.701
145.104
144.684
144.436
144.34
144.376
144.545
144.858
145.33
145.973
146.801
147.826
149.064
150.532
152.25
154.237
156.523
159.129
161.918
191.738
194.367
197.307
200.457
203.496
206.497
209.351
211.845
213.912
215.613
216.971
218.022
218.838
219.476
219.973
220.368
220.688
220.951
221.171
221.36
221.524
221.667
221.79
221.885
221.942
221.952
221.913
221.825
221.686
221.493
221.245
220.939
220.571
220.138
219.631
219.042
218.356
217.551
216.656
188.886
186.184
183.159
180.048
177.11
174.128
171.251
168.564
166.023
163.67
161.505
159.502
157.662
155.971
154.42
153.004
151.723
150.577
149.572
148.715
148.014
147.476
147.102
146.887
146.811
146.854
147.017
147.309
147.742
148.327
149.075
149.996
151.106
152.418
153.95
155.723
157.766
160.104
162.616
191.482
194.004
196.826
199.855
202.779
205.669
208.422
210.831
212.831
214.479
215.797
216.818
217.613
218.235
218.721
219.109
219.423
219.682
219.9
220.089
220.255
220.402
220.531
220.637
220.708
220.737
220.72
220.657
220.547
220.388
220.177
219.911
219.588
219.202
218.747
218.213
217.586
216.845
216.015
188.76
186.173
183.28
180.309
177.507
174.669
171.935
169.387
166.983
164.761
162.721
160.839
159.114
157.534
156.087
154.772
153.584
152.527
151.604
150.82
150.183
149.699
149.367
149.182
149.123
149.172
149.328
149.601
149.999
150.532
151.209
152.038
153.033
154.206
155.573
157.155
158.981
161.077
163.338
191.248
193.668
196.379
199.291
202.106
204.892
207.548
209.876
211.811
213.407
214.686
215.678
216.452
217.058
217.533
217.912
218.22
218.475
218.69
218.878
219.044
219.193
219.327
219.442
219.525
219.568
219.57
219.528
219.443
219.313
219.134
218.904
218.62
218.278
217.87
217.387
216.816
216.136
215.371
188.649
186.17
183.401
180.563
177.89
175.187
172.588
170.171
167.895
165.796
163.874
162.104
160.486
159.008
157.659
156.436
155.336
154.36
153.511
152.795
152.217
151.781
151.488
151.328
151.284
151.338
151.489
151.743
152.11
152.596
153.209
153.957
154.85
155.899
157.12
158.532
160.164
162.043
164.075
191.035
193.359
195.964
198.766
201.477
204.162
206.726
208.976
210.848
212.394
213.635
214.599
215.352
215.943
216.406
216.776
217.077
217.327
217.54
217.725
217.891
218.041
218.178
218.298
218.391
218.446
218.463
218.44
218.376
218.27
218.119
217.921
217.672
217.369
217.004
216.569
216.05
215.428
214.726
188.551
186.174
183.523
180.809
178.258
175.682
173.21
170.916
168.76
166.777
164.964
163.299
161.782
160.399
159.14
158.002
156.982
156.081
155.301
154.646
154.121
153.73
153.47
153.334
153.304
153.361
153.506
153.745
154.083
154.527
155.084
155.759
156.561
157.501
158.592
159.853
161.312
162.996
164.822
190.841
193.073
195.578
198.275
200.887
203.478
205.953
208.128
209.94
211.438
212.642
213.579
214.311
214.886
215.337
215.698
215.993
216.237
216.446
216.628
216.792
216.942
217.082
217.207
217.306
217.371
217.4
217.392
217.346
217.261
217.134
216.964
216.747
216.478
216.153
215.762
215.292
214.725
214.083
188.465
186.185
183.644
181.048
178.611
176.155
173.802
171.623
169.58
167.704
165.994
164.427
163.003
161.708
160.533
159.474
158.528
157.696
156.979
156.38
155.903
155.552
155.323
155.208
155.189
155.25
155.389
155.613
155.925
156.332
156.838
157.448
158.17
159.013
159.99
161.117
162.421
163.931
165.571
190.664
192.81
195.22
197.818
200.336
202.836
205.227
207.33
209.084
210.536
211.704
212.614
213.326
213.885
214.325
214.677
214.964
215.203
215.407
215.587
215.748
215.897
216.037
216.165
216.27
216.343
216.382
216.386
216.356
216.288
216.183
216.037
215.847
215.61
215.32
214.97
214.545
214.03
213.444
188.389
186.2
183.764
181.278
178.949
176.604
174.364
172.293
170.355
168.58
166.966
165.49
164.152
162.939
161.841
160.855
159.978
159.209
158.549
158.002
157.569
157.254
157.053
156.956
156.947
157.01
157.145
157.355
157.644
158.018
158.478
159.031
159.682
160.439
161.314
162.322
163.49
164.844
166.316
190.503
192.568
194.888
197.392
199.822
202.235
204.546
206.581
208.279
209.686
210.82
211.703
212.395
212.939
213.367
213.71
213.99
214.223
214.422
214.598
214.757
214.904
215.044
215.173
215.282
215.361
215.408
215.423
215.405
215.353
215.265
215.14
214.975
214.767
214.509
214.195
213.813
213.346
212.812
188.323
186.219
183.88
181.498
179.27
177.03
174.895
172.925
171.086
169.405
167.88
166.489
165.232
164.094
163.069
162.15
161.336
160.625
160.018
159.517
159.125
158.843
158.666
158.586
158.586
158.651
158.781
158.978
159.247
159.59
160.011
160.513
161.101
161.782
162.567
163.47
164.516
165.731
167.053
190.356
192.345
194.581
196.996
199.342
201.674
203.908
205.878
207.521
208.885
209.986
210.844
211.516
212.045
212.461
212.795
213.067
213.294
213.489
213.66
213.816
213.962
214.1
214.23
214.342
214.425
214.478
214.502
214.495
214.456
214.384
214.277
214.134
213.95
213.722
213.441
213.097
212.674
212.19
188.265
186.241
183.994
181.708
179.574
177.433
175.396
173.521
171.773
170.181
168.739
167.427
166.244
165.177
164.218
163.362
162.605
161.948
161.389
160.931
160.576
160.323
160.169
160.103
160.111
160.178
160.303
160.49
160.74
161.056
161.441
161.898
162.43
163.044
163.75
164.56
165.498
166.589
167.778
190.223
192.14
194.296
196.629
198.895
201.15
203.31
205.218
206.809
208.133
209.202
210.035
210.688
211.202
211.606
211.931
212.196
212.417
212.606
212.773
212.926
213.069
213.206
213.336
213.448
213.535
213.593
213.623
213.625
213.598
213.539
213.449
213.324
213.163
212.96
212.71
212.401
212.02
211.581
188.215
186.265
184.103
181.908
179.862
177.813
175.868
174.08
172.419
170.908
169.543
168.306
167.192
166.19
165.292
164.494
163.791
163.182
162.668
162.249
161.927
161.702
161.567
161.515
161.53
161.598
161.719
161.896
162.129
162.422
162.775
163.191
163.674
164.229
164.865
165.593
166.435
167.416
168.485
190.102
191.952
194.034
196.289
198.479
200.661
202.752
204.601
206.142
207.426
208.465
209.275
209.908
210.408
210.801
211.116
211.374
211.588
211.772
211.935
212.084
212.224
212.359
212.488
212.601
212.69
212.752
212.788
212.797
212.779
212.732
212.656
212.548
212.406
212.227
212.004
211.727
211.383
210.986
188.171
186.291
184.208
182.097
180.133
178.17
176.31
174.604
173.023
171.588
170.296
169.126
168.076
167.134
166.293
165.548
164.895
164.332
163.858
163.476
163.184
162.983
162.867
162.827
162.848
162.917
163.035
163.202
163.42
163.692
164.017
164.397
164.837
165.34
165.913
166.569
167.327
168.21
169.172
189.993
191.78
193.792
195.974
198.094
200.207
202.231
204.024
205.515
206.764
207.775
208.561
209.176
209.661
210.043
210.349
210.599
210.808
210.987
211.145
211.29
211.427
211.559
211.687
211.8
211.89
211.955
211.995
212.011
212
211.964
211.899
211.806
211.682
211.524
211.325
211.077
210.767
210.409
188.132
186.316
184.306
182.273
180.385
178.501
176.721
175.092
173.586
172.221
170.997
169.891
168.9
168.013
167.225
166.53
165.922
165.4
164.964
164.614
164.351
164.172
164.073
164.044
164.07
164.141
164.255
164.414
164.619
164.871
165.171
165.521
165.922
166.378
166.898
167.489
168.173
168.969
169.836
189.893
191.623
193.572
195.686
197.74
199.788
201.749
203.488
204.927
206.143
207.129
207.891
208.488
208.959
209.331
209.628
209.871
210.074
210.247
210.401
210.542
210.676
210.806
210.932
211.044
211.135
211.202
211.246
211.266
211.262
211.234
211.18
211.1
210.991
210.851
210.674
210.452
210.174
209.851
188.097
186.34
184.398
182.436
180.618
178.807
177.101
175.542
174.108
172.807
171.648
170.604
169.665
168.829
168.09
167.441
166.874
166.391
165.989
165.67
165.432
165.274
165.189
165.17
165.201
165.273
165.384
165.536
165.73
165.966
166.244
166.565
166.932
167.348
167.819
168.355
168.973
169.692
170.475
189.804
191.48
193.37
195.423
197.414
199.403
201.306
202.992
204.376
205.562
206.524
207.264
207.843
208.302
208.663
208.952
209.188
209.385
209.554
209.703
209.84
209.97
210.097
210.221
210.333
210.424
210.492
210.538
210.563
210.564
210.544
210.499
210.43
210.335
210.211
210.054
209.856
209.605
209.315
188.068
186.365
184.485
182.59
180.836
179.092
177.454
175.959
174.589
173.348
172.25
171.26
170.369
169.581
168.889
168.282
167.755
167.307
166.937
166.646
166.431
166.292
166.222
166.212
166.248
166.321
166.43
166.575
166.759
166.979
167.238
167.535
167.873
168.253
168.682
169.168
169.727
170.379
171.087
189.723
191.35
193.184
195.179
197.112
199.044
200.892
202.53
203.869
205.029
205.966
206.683
207.244
207.689
208.04
208.321
208.55
208.74
208.904
209.049
209.183
209.309
209.433
209.555
209.665
209.756
209.825
209.873
209.901
209.907
209.893
209.856
209.797
209.714
209.604
209.464
209.287
209.062
208.801
188.044
186.391
184.569
182.734
181.041
179.359
177.784
176.347
175.037
173.851
172.808
171.859
171.008
170.267
169.622
169.055
168.563
168.148
167.809
167.544
167.352
167.23
167.173
167.171
167.212
167.286
167.393
167.533
167.708
167.916
168.157
168.433
168.744
169.093
169.485
169.928
170.436
171.028
171.669
189.651
191.233
193.014
194.953
196.827
198.705
200.497
202.085
203.398
204.549
205.458
206.145
206.688
207.122
207.463
207.734
207.956
208.141
208.3
208.441
208.57
208.693
208.814
208.933
209.042
209.132
209.201
209.251
209.281
209.292
209.282
209.252
209.202
209.129
209.032
208.908
208.749
208.547
208.312
188.024
186.407
184.626
182.84
181.197
179.571
178.065
176.694
175.469
174.341
173.414
172.475
171.617
170.898
170.275
169.723
169.243
168.841
168.514
168.259
168.076
167.962
167.911
167.914
167.957
168.032
168.137
168.274
168.442
168.64
168.872
169.135
169.428
169.756
170.123
170.535
171.008
171.558
172.152
189.598
191.146
192.89
194.784
196.604
198.427
200.137
201.636
202.85
204.073
204.993
205.667
206.207
206.642
206.983
207.253
207.474
207.657
207.815
207.955
208.083
208.205
208.326
208.445
208.553
208.643
208.714
208.765
208.797
208.809
208.803
208.778
208.732
208.667
208.578
208.464
208.318
208.131
207.914
188.008
186.419
184.672
182.926
181.328
179.757
178.317
177.014
175.884
174.809
174.034
173.081
172.189
171.476
170.864
170.313
169.832
169.43
169.105
168.852
168.67
168.558
168.509
168.513
168.556
168.63
168.733
168.868
169.032
169.223
169.45
169.703
169.984
170.297
170.647
171.039
171.486
172.006
172.566
189.555
191.076
192.787
194.64
196.406
198.171
199.788
201.2
202.289
203.616
204.569
205.239
205.782
206.226
206.571
206.845
207.067
207.253
207.412
207.553
207.682
207.805
207.926
208.046
208.156
208.247
208.319
208.371
208.404
208.419
208.415
208.392
208.35
208.289
208.206
208.098
207.961
207.785
207.58
187.993
186.431
184.716
183.008
181.452
179.931
178.551
177.31
176.262
175.227
174.588
173.637
172.723
172.021
171.425
170.881
170.403
170.004
169.683
169.434
169.255
169.146
169.099
169.105
169.149
169.223
169.325
169.457
169.617
169.801
170.023
170.268
170.537
170.836
171.168
171.54
171.963
172.453
172.979
189.515
191.01
192.69
194.504
196.221
197.932
199.465
200.808
201.774
203.175
204.16
204.825
205.368
205.816
206.166
206.442
206.666
206.852
207.012
207.153
207.283
207.406
207.528
207.649
207.76
207.852
207.924
207.978
208.012
208.028
208.026
208.006
207.968
207.91
207.833
207.732
207.603
207.437
207.245
187.978
186.441
184.755
183.082
181.565
180.089
178.763
177.576
176.598
175.594
175.067
174.136
173.217
172.528
171.95
171.419
170.948
170.557
170.242
169.999
169.826
169.721
169.678
169.686
169.732
169.806
169.907
170.038
170.194
170.371
170.589
170.825
171.083
171.368
171.684
172.037
172.436
172.899
173.392
189.476
190.947
192.6
194.377
196.051
197.714
199.172
200.462
201.314
202.755
203.766
204.43
204.968
205.418
205.771
206.047
206.272
206.459
206.619
206.76
206.89
207.014
207.136
207.257
207.368
207.461
207.534
207.588
207.624
207.642
207.642
207.624
207.589
207.535
207.463
207.368
207.247
207.092
206.911
187.963
186.448
184.789
183.148
181.665
180.229
178.948
177.807
176.885
175.905
175.466
174.572
173.666
172.995
172.437
171.922
171.464
171.083
170.777
170.543
170.377
170.277
170.239
170.251
170.299
170.374
170.475
170.604
170.758
170.929
171.142
171.371
171.618
171.89
172.191
172.525
172.902
173.339
173.802
189.441
190.89
192.518
194.263
195.899
197.52
198.915
200.163
200.916
202.36
203.389
204.053
204.586
205.034
205.388
205.665
205.89
206.076
206.236
206.377
206.507
206.63
206.753
206.874
206.986
207.079
207.152
207.207
207.244
207.263
207.264
207.249
207.217
207.167
207.1
207.011
206.898
206.752
206.583
187.949
186.453
184.816
183.201
181.747
180.345
179.101
177.998
177.118
176.156
175.778
174.937
174.063
173.415
172.879
172.385
171.944
171.576
171.282
171.058
170.902
170.81
170.778
170.795
170.845
170.923
171.024
171.152
171.303
171.469
171.678
171.9
172.137
172.397
172.684
173
173.357
173.769
174.203
189.409
190.84
192.448
194.165
195.771
197.355
198.698
199.913
200.58
201.997
203.031
203.697
204.223
204.668
205.021
205.299
205.522
205.708
205.868
206.008
206.137
206.261
206.383
206.504
206.616
206.709
206.783
206.838
206.876
206.896
206.899
206.886
206.856
206.811
206.748
206.665
206.559
206.422
206.265
187.935
186.452
184.831
183.237
181.804
180.43
179.214
178.142
177.29
176.339
176.003
175.229
174.404
173.784
173.271
172.801
172.382
172.031
171.752
171.541
171.395
171.313
171.288
171.31
171.365
171.445
171.547
171.675
171.825
171.987
172.192
172.408
172.637
172.887
173.161
173.462
173.8
174.19
174.599
189.383
190.802
192.395
194.09
195.674
197.226
198.529
199.714
200.306
201.666
202.693
203.363
203.884
204.323
204.674
204.95
205.173
205.359
205.517
205.658
205.786
205.909
206.031
206.152
206.263
206.357
206.431
206.487
206.525
206.546
206.551
206.539
206.513
206.47
206.411
206.334
206.235
206.107
205.961
187.921
186.444
184.83
183.247
181.828
180.472
179.276
178.226
177.393
176.451
176.139
175.444
174.684
174.098
173.61
173.167
172.772
172.442
172.18
171.984
171.852
171.781
171.766
171.795
171.854
171.938
172.041
172.17
172.319
172.478
172.679
172.889
173.11
173.35
173.612
173.899
174.219
174.588
174.97
189.364
190.778
192.365
194.047
195.618
197.141
198.413
199.568
200.091
201.37
202.377
203.051
203.571
204.004
204.352
204.626
204.848
205.032
205.189
205.329
205.457
205.579
205.7
205.821
205.933
206.027
206.102
206.158
206.197
206.219
206.225
206.216
206.191
206.152
206.097
206.024
205.932
205.811
205.674
187.907
186.43
184.816
183.236
181.821
180.473
179.286
178.25
177.427
176.493
176.19
175.583
174.899
174.351
173.89
173.476
173.108
172.8
172.557
172.377
172.26
172.203
172.198
172.236
172.302
172.391
172.499
172.631
172.782
172.94
173.14
173.348
173.563
173.796
174.049
174.324
174.631
174.984
175.35
189.351
190.763
192.35
194.028
195.595
197.097
198.352
199.473
199.929
201.105
202.079
202.756
203.275
203.707
204.054
204.33
204.552
204.736
204.892
205.031
205.158
205.279
205.4
205.521
205.633
205.727
205.802
205.858
205.898
205.921
205.928
205.92
205.898
205.861
205.809
205.741
205.654
205.54
205.41
187.894
186.414
184.798
183.216
181.799
180.452
179.262
178.232
177.402
176.467
176.166
175.652
175.048
174.542
174.109
173.725
173.387
173.106
172.885
172.726
172.626
172.583
172.591
172.637
172.71
172.802
172.913
173.046
173.196
173.352
173.549
173.752
173.962
174.187
174.431
174.696
174.989
175.323
175.662
189.339
190.754
192.343
194.023
195.593
197.084
198.344
199.427
199.812
200.873
201.808
202.483
202.998
203.422
203.767
204.046
204.273
204.46
204.62
204.762
204.891
205.014
205.136
205.258
205.372
205.467
205.542
205.6
205.64
205.663
205.671
205.664
205.642
205.607
205.557
205.492
205.407
205.298
205.172
187.881
186.382
184.747
183.15
181.721
180.366
179.169
178.141
177.294
176.365
176.083
175.663
175.134
174.664
174.259
173.903
173.592
173.333
173.134
172.996
172.917
172.894
172.92
172.983
173.07
173.175
173.296
173.438
173.597
173.76
173.961
174.166
174.377
174.601
174.841
175.1
175.387
175.716
176.057
189.346
190.78
192.39
194.085
195.666
197.152
198.417
199.426
199.722
200.665
201.571
202.263
202.786
203.202
203.537
203.807
204.028
204.212
204.371
204.513
204.644
204.77
204.897
205.023
205.14
205.238
205.317
205.377
205.42
205.446
205.456
205.451
205.431
205.398
205.35
205.287
205.205
205.098
204.974
187.864
186.29
184.579
182.919
181.442
180.058
178.85
177.836
177.004
176.169
175.964
175.641
175.17
174.73
174.358
174.038
173.757
173.522
173.343
173.223
173.159
173.149
173.183
173.251
173.34
173.447
173.57
173.713
173.871
174.031
174.23
174.433
174.639
174.859
175.094
175.346
175.623
175.934
176.24
189.403
190.908
192.589
194.342
195.953
197.427
198.643
199.466
199.635
200.423
201.286
202.013
202.583
203.035
203.393
203.678
203.908
204.095
204.254
204.392
204.52
204.641
204.762
204.885
204.998
205.093
205.168
205.224
205.263
205.285
205.292
205.284
205.262
205.227
205.179
205.115
205.034
204.929
204.81
187.848
186.161
184.332
182.564
181.007
179.57
178.343
177.351
176.574
175.941
175.851
175.606
175.15
174.703
174.337
174.038
173.785
173.578
173.428
173.341
173.313
173.341
173.415
173.52
173.64
173.772
173.918
174.082
174.262
174.447
174.657
174.871
175.09
175.318
175.56
175.817
176.099
176.423
176.752
189.495
191.1
192.884
194.725
196.386
197.849
198.966
199.521
199.546
200.113
200.841
201.527
202.108
202.588
202.979
203.299
203.563
203.783
203.971
204.137
204.29
204.436
204.581
204.726
204.861
204.974
205.063
205.132
205.18
205.209
205.22
205.213
205.192
205.155
205.103
205.035
204.948
204.835
204.71
306.344
304.54
302.295
299.656
296.418
292.532
287.996
282.849
277.2
271.225
265.124
259.06
253.139
247.41
241.888
236.577
231.48
226.595
221.923
217.462
213.21
209.162
205.314
201.661
198.196
194.91
191.799
188.856
186.078
183.461
181.004
178.706
176.567
174.586
172.764
171.101
169.596
168.25
167.06
166.025
165.142
164.407
163.816
163.362
163.04
162.841
162.758
162.783
162.906
163.118
163.409
163.77
164.191
164.663
165.178
165.727
166.301
166.895
167.5
168.11
168.721
169.327
169.923
170.507
171.074
171.624
172.149
172.591
172.974
173.359
173.745
174.13
174.507
174.882
175.232
175.6
175.888
176.284
176.441
176.965
306.012
302.522
298.752
294.854
290.886
286.918
283.003
279.166
275.423
271.787
268.269
264.88
261.629
258.524
255.572
252.777
250.144
247.672
245.361
243.21
241.213
239.366
237.661
236.092
234.649
233.325
232.11
230.995
229.972
229.033
228.168
227.371
226.633
225.949
225.309
224.71
224.143
223.603
223.085
222.582
222.09
221.604
221.121
220.635
220.145
219.647
219.14
218.623
218.093
217.552
217
216.437
215.865
215.285
214.7
214.111
213.521
212.933
212.349
211.772
211.204
210.648
210.106
209.579
209.071
208.583
208.117
207.736
207.412
207.089
206.766
206.448
206.139
205.843
205.565
205.31
205.078
204.885
204.723
204.619
237.601
237.148
236.803
236.498
236.171
235.822
235.425
234.928
234.278
233.431
232.361
231.064
229.546
227.818
225.896
223.798
221.548
219.165
216.675
214.099
211.46
208.78
206.079
203.376
200.691
198.043
195.449
192.921
190.473
188.114
185.852
183.694
181.646
179.712
177.897
176.205
174.639
173.201
171.893
170.717
169.672
168.757
167.972
167.314
166.779
166.363
166.06
165.865
165.771
165.771
165.856
166.019
166.252
166.545
166.892
167.283
167.711
168.169
168.649
169.145
169.651
170.162
170.673
171.179
171.676
172.163
172.633
173.03
173.378
173.727
174.079
174.433
174.78
175.129
175.454
175.8
176.071
176.447
176.598
177.104
237.874
238.136
238.684
239.163
239.56
239.863
240.064
240.159
240.151
240.039
239.828
239.519
239.119
238.632
238.065
237.427
236.725
235.97
235.171
234.34
233.487
232.622
231.755
230.896
230.053
229.231
228.436
227.673
226.943
226.249
225.59
224.966
224.375
223.816
223.285
222.78
222.296
221.831
221.382
220.943
220.513
220.086
219.662
219.235
218.804
218.366
217.92
217.465
216.998
216.52
216.03
215.53
215.02
214.501
213.974
213.443
212.908
212.372
211.838
211.307
210.783
210.267
209.762
209.27
208.794
208.335
207.896
207.535
207.229
206.922
206.615
206.312
206.017
205.734
205.468
205.221
204.997
204.808
204.653
204.552
216.928
216.533
216.14
215.75
215.326
214.861
214.354
213.803
213.21
212.58
211.917
211.231
210.524
209.795
209.035
208.232
207.373
206.447
205.446
204.363
203.194
201.938
200.598
199.177
197.683
196.124
194.51
192.854
191.168
189.467
187.765
186.076
184.413
182.79
181.218
179.707
178.267
176.906
175.633
174.452
173.369
172.388
171.511
170.74
170.074
169.514
169.056
168.699
168.438
168.268
168.184
168.181
168.25
168.386
168.581
168.829
169.121
169.451
169.812
170.198
170.603
171.021
171.446
171.875
172.302
172.725
173.137
173.49
173.8
174.112
174.43
174.751
175.068
175.389
175.689
176.011
176.264
176.618
176.765
177.249
217.221
217.49
217.786
218.072
218.39
218.734
219.098
219.48
219.875
220.276
220.679
221.078
221.465
221.835
222.182
222.499
222.781
223.023
223.221
223.371
223.47
223.519
223.516
223.464
223.364
223.221
223.038
222.821
222.575
222.304
222.014
221.709
221.394
221.072
220.745
220.416
220.086
219.754
219.422
219.089
218.754
218.415
218.072
217.723
217.366
217.001
216.625
216.239
215.84
215.429
215.007
214.572
214.126
213.67
213.205
212.732
212.254
211.773
211.29
210.808
210.329
209.856
209.391
208.936
208.494
208.066
207.656
207.317
207.03
206.741
206.452
206.166
205.886
205.617
205.363
205.127
204.912
204.73
204.581
204.479
217.332
217.087
216.829
216.563
216.27
215.931
215.527
215.042
214.462
213.779
212.996
212.124
211.183
210.19
209.16
208.098
207.009
205.895
204.757
203.599
202.418
201.217
199.994
198.747
197.477
196.182
194.863
193.521
192.157
190.776
189.382
187.982
186.583
185.192
183.82
182.474
181.165
179.901
178.691
177.543
176.464
175.46
174.537
173.698
172.947
172.287
171.716
171.236
170.844
170.539
170.317
170.174
170.105
170.105
170.168
170.288
170.458
170.673
170.925
171.21
171.52
171.85
172.195
172.55
172.91
173.272
173.629
173.939
174.213
174.492
174.777
175.068
175.356
175.65
175.926
176.225
176.461
176.795
176.935
177.4
217.534
217.719
217.884
218.035
218.176
218.301
218.414
218.513
218.6
218.676
218.743
218.802
218.853
218.9
218.942
218.981
219.017
219.052
219.084
219.114
219.139
219.16
219.174
219.179
219.173
219.154
219.12
219.07
219.002
218.917
218.813
218.692
218.553
218.399
218.23
218.048
217.853
217.647
217.431
217.204
216.968
216.722
216.465
216.199
215.921
215.631
215.329
215.014
214.686
214.344
213.988
213.619
213.237
212.843
212.439
212.025
211.603
211.175
210.743
210.31
209.876
209.446
209.021
208.602
208.194
207.797
207.415
207.099
206.83
206.558
206.286
206.015
205.751
205.496
205.253
205.029
204.824
204.65
204.506
204.401
213.498
213.256
213.009
212.772
212.538
212.295
212.035
211.748
211.422
211.045
210.606
210.1
209.525
208.887
208.189
207.437
206.631
205.772
204.861
203.899
202.89
201.836
200.741
199.611
198.448
197.257
196.043
194.809
193.56
192.3
191.032
189.762
188.493
187.231
185.98
184.746
183.536
182.355
181.211
180.11
179.059
178.064
177.13
176.263
175.466
174.744
174.099
173.533
173.045
172.636
172.305
172.048
171.864
171.748
171.696
171.703
171.764
171.873
172.026
172.215
172.435
172.682
172.95
173.233
173.527
173.829
174.132
174.399
174.638
174.882
175.135
175.395
175.654
175.921
176.172
176.448
176.666
176.981
177.11
177.559
213.682
213.834
213.992
214.153
214.316
214.478
214.64
214.799
214.956
215.107
215.253
215.391
215.52
215.64
215.748
215.845
215.931
216.004
216.065
216.115
216.155
216.184
216.204
216.216
216.22
216.218
216.208
216.192
216.169
216.139
216.101
216.055
216
215.935
215.86
215.773
215.676
215.566
215.445
215.311
215.165
215.006
214.834
214.649
214.45
214.237
214.009
213.766
213.508
213.235
212.947
212.644
212.326
211.995
211.651
211.295
210.93
210.556
210.176
209.791
209.404
209.017
208.632
208.252
207.878
207.513
207.161
206.867
206.617
206.363
206.108
205.854
205.605
205.364
205.135
204.923
204.729
204.563
204.424
204.317
208.647
208.43
208.205
207.987
207.769
207.549
207.323
207.085
206.828
206.545
206.228
205.871
205.472
205.03
204.551
204.036
203.488
202.908
202.292
201.639
200.947
200.213
199.438
198.621
197.763
196.864
195.927
194.955
193.951
192.919
191.863
190.788
189.7
188.603
187.504
186.408
185.321
184.248
183.197
182.172
181.18
180.227
179.319
178.46
177.655
176.91
176.227
175.609
175.059
174.578
174.166
173.822
173.545
173.333
173.184
173.093
173.057
173.071
173.131
173.231
173.367
173.534
173.726
173.94
174.169
174.411
174.659
174.882
175.084
175.294
175.513
175.74
175.968
176.207
176.432
176.685
176.882
177.177
177.295
177.726
208.805
208.934
209.074
209.219
209.369
209.526
209.688
209.856
210.03
210.208
210.392
210.579
210.769
210.962
211.156
211.35
211.543
211.733
211.919
212.099
212.272
212.436
212.591
212.736
212.869
212.99
213.099
213.196
213.28
213.352
213.412
213.46
213.497
213.522
213.535
213.536
213.525
213.501
213.464
213.414
213.35
213.273
213.18
213.072
212.949
212.81
212.655
212.484
212.296
212.091
211.87
211.632
211.379
211.11
210.827
210.53
210.222
209.903
209.575
209.24
208.901
208.559
208.216
207.875
207.538
207.206
206.885
206.615
206.385
206.151
205.914
205.679
205.447
205.221
205.006
204.806
204.624
204.467
204.334
204.226
205.632
205.453
205.265
205.077
204.885
204.689
204.491
204.288
204.074
203.843
203.589
203.304
202.983
202.622
202.225
201.795
201.336
200.85
200.341
199.806
199.246
198.658
198.043
197.399
196.726
196.024
195.291
194.528
193.736
192.916
192.069
191.197
190.304
189.392
188.465
187.529
186.587
185.646
184.71
183.785
182.878
181.993
181.136
180.314
179.53
178.791
178.099
177.46
176.876
176.349
175.882
175.474
175.127
174.84
174.611
174.438
174.318
174.249
174.226
174.246
174.303
174.395
174.515
174.661
174.827
175.01
175.204
175.383
175.549
175.723
175.907
176.101
176.298
176.507
176.705
176.933
177.109
177.382
177.49
177.901
205.769
205.89
206.019
206.152
206.289
206.431
206.578
206.729
206.885
207.045
207.209
207.378
207.551
207.727
207.908
208.092
208.28
208.47
208.663
208.857
209.053
209.248
209.443
209.635
209.824
210.009
210.187
210.359
210.523
210.677
210.82
210.953
211.074
211.182
211.277
211.36
211.428
211.483
211.524
211.549
211.561
211.556
211.536
211.5
211.448
211.379
211.293
211.189
211.068
210.929
210.772
210.598
210.407
210.2
209.976
209.738
209.486
209.222
208.946
208.662
208.371
208.074
207.774
207.473
207.174
206.877
206.588
206.345
206.135
205.922
205.706
205.489
205.275
205.066
204.867
204.681
204.51
204.362
204.236
204.127
203.549
203.399
203.24
203.078
202.911
202.737
202.561
202.384
202.203
202.015
201.814
201.594
201.351
201.077
200.769
200.428
200.056
199.656
199.232
198.784
198.313
197.817
197.297
196.751
196.18
195.584
194.963
194.317
193.647
192.953
192.237
191.498
190.74
189.962
189.169
188.362
187.545
186.72
185.893
185.067
184.247
183.438
182.645
181.873
181.127
180.411
179.732
179.091
178.494
177.944
177.443
176.993
176.595
176.25
175.959
175.719
175.53
175.389
175.294
175.241
175.228
175.251
175.305
175.387
175.493
175.619
175.76
175.896
176.026
176.165
176.315
176.475
176.641
176.819
176.99
177.191
177.346
177.597
177.692
178.083
203.669
203.779
203.895
204.015
204.14
204.27
204.404
204.543
204.687
204.835
204.987
205.144
205.305
205.47
205.639
205.812
205.988
206.166
206.348
206.532
206.718
206.906
207.094
207.284
207.474
207.664
207.853
208.039
208.223
208.404
208.579
208.749
208.911
209.066
209.211
209.347
209.471
209.583
209.683
209.769
209.842
209.899
209.941
209.967
209.977
209.971
209.946
209.905
209.845
209.767
209.672
209.558
209.426
209.277
209.112
208.93
208.733
208.522
208.298
208.064
207.82
207.569
207.313
207.053
206.792
206.531
206.275
206.058
205.87
205.679
205.483
205.286
205.091
204.9
204.717
204.545
204.387
204.249
204.13
204.021
201.77
201.641
201.505
201.365
201.22
201.067
200.909
200.748
200.586
200.422
200.252
200.073
199.88
199.669
199.433
199.169
198.877
198.559
198.216
197.851
197.465
197.059
196.632
196.182
195.709
195.212
194.692
194.149
193.582
192.992
192.381
191.747
191.094
190.422
189.732
189.028
188.31
187.583
186.848
186.109
185.369
184.633
183.905
183.188
182.487
181.806
181.15
180.524
179.93
179.372
178.854
178.378
177.947
177.561
177.222
176.93
176.684
176.484
176.327
176.212
176.136
176.097
176.09
176.113
176.162
176.234
176.324
176.419
176.514
176.618
176.733
176.86
176.994
177.143
177.285
177.46
177.593
177.821
177.903
178.272
201.874
201.971
202.073
202.179
202.29
202.406
202.527
202.652
202.783
202.918
203.058
203.204
203.354
203.51
203.67
203.835
204.004
204.178
204.355
204.537
204.721
204.909
205.099
205.29
205.484
205.678
205.873
206.067
206.261
206.453
206.643
206.83
207.013
207.191
207.363
207.529
207.687
207.837
207.976
208.105
208.223
208.328
208.419
208.496
208.558
208.604
208.633
208.646
208.642
208.62
208.579
208.521
208.445
208.351
208.24
208.112
207.967
207.808
207.635
207.449
207.253
207.047
206.834
206.615
206.392
206.168
205.946
205.756
205.591
205.421
205.247
205.071
204.895
204.723
204.557
204.4
204.256
204.127
204.016
203.908
200.289
200.178
200.061
199.941
199.814
199.681
199.542
199.398
199.249
199.099
198.947
198.791
198.628
198.454
198.266
198.057
197.825
197.567
197.287
196.984
196.662
196.322
195.965
195.589
195.195
194.781
194.346
193.891
193.415
192.919
192.401
191.863
191.306
190.729
190.134
189.523
188.897
188.257
187.607
186.949
186.286
185.62
184.955
184.295
183.644
183.004
182.381
181.778
181.199
180.647
180.125
179.638
179.187
178.774
178.402
178.07
177.78
177.531
177.323
177.154
177.024
176.929
176.867
176.836
176.832
176.853
176.894
176.949
177.01
177.08
177.162
177.257
177.358
177.476
177.591
177.739
177.849
178.053
178.122
178.469
200.379
200.465
200.555
200.649
200.748
200.851
200.958
201.07
201.187
201.309
201.435
201.567
201.703
201.845
201.992
202.144
202.301
202.463
202.63
202.802
202.978
203.159
203.344
203.532
203.724
203.918
204.115
204.313
204.513
204.713
204.912
205.111
205.308
205.502
205.693
205.879
206.06
206.235
206.403
206.562
206.712
206.852
206.981
207.098
207.201
207.291
207.366
207.425
207.468
207.495
207.504
207.496
207.47
207.427
207.366
207.289
207.194
207.084
206.96
206.821
206.671
206.509
206.338
206.16
205.976
205.789
205.601
205.438
205.296
205.149
204.996
204.842
204.687
204.534
204.386
204.245
204.114
203.996
203.894
203.786
199.088
198.993
198.892
198.788
198.679
198.563
198.441
198.314
198.181
198.044
197.905
197.763
197.619
197.469
197.311
197.142
196.955
196.748
196.519
196.268
195.998
195.709
195.404
195.084
194.747
194.395
194.024
193.636
193.23
192.806
192.363
191.903
191.424
190.927
190.413
189.882
189.337
188.776
188.204
187.62
187.028
186.43
185.828
185.225
184.625
184.031
183.445
182.873
182.316
181.779
181.265
180.777
180.318
179.89
179.496
179.136
178.813
178.526
178.277
178.063
177.886
177.743
177.632
177.552
177.499
177.474
177.469
177.486
177.514
177.551
177.6
177.662
177.733
177.82
177.906
178.027
178.115
178.294
178.349
178.672
199.168
199.244
199.324
199.407
199.495
199.587
199.683
199.783
199.888
199.997
200.111
200.229
200.353
200.481
200.614
200.753
200.896
201.045
201.199
201.357
201.521
201.689
201.863
202.04
202.222
202.409
202.598
202.791
202.987
203.185
203.385
203.586
203.788
203.989
204.189
204.387
204.582
204.773
204.959
205.139
205.313
205.478
205.635
205.782
205.918
206.042
206.154
206.251
206.335
206.403
206.455
206.491
206.51
206.513
206.498
206.467
206.419
206.356
206.277
206.183
206.077
205.958
205.829
205.691
205.546
205.394
205.241
205.106
204.987
204.862
204.733
204.601
204.467
204.334
204.204
204.08
203.964
203.857
203.764
203.657
198.094
198.012
197.924
197.834
197.739
197.638
197.531
197.42
197.303
197.181
197.054
196.924
196.791
196.657
196.519
196.374
196.22
196.052
195.867
195.662
195.438
195.194
194.934
194.659
194.37
194.067
193.749
193.415
193.065
192.699
192.317
191.918
191.502
191.07
190.623
190.159
189.68
189.188
188.682
188.164
187.636
187.099
186.555
186.007
185.458
184.909
184.364
183.826
183.297
182.782
182.282
181.802
181.344
180.911
180.504
180.127
179.78
179.466
179.183
178.934
178.718
178.533
178.38
178.256
178.16
178.091
178.044
178.025
178.022
178.027
178.045
178.075
178.115
178.173
178.231
178.323
178.388
178.543
178.583
178.883
198.164
198.232
198.303
198.377
198.455
198.537
198.623
198.712
198.806
198.904
199.006
199.113
199.224
199.341
199.462
199.587
199.718
199.854
199.995
200.141
200.292
200.448
200.609
200.775
200.945
201.121
201.3
201.484
201.671
201.862
202.056
202.253
202.451
202.651
202.852
203.053
203.253
203.451
203.647
203.84
204.028
204.21
204.386
204.555
204.715
204.865
205.005
205.134
205.25
205.352
205.441
205.515
205.573
205.616
205.643
205.654
205.649
205.628
205.591
205.541
205.476
205.398
205.309
205.21
205.102
204.987
204.868
204.761
204.664
204.563
204.457
204.347
204.235
204.122
204.011
203.905
203.803
203.708
203.625
203.519
197.256
197.184
197.108
197.029
196.946
196.858
196.764
196.666
196.563
196.455
196.342
196.225
196.103
195.979
195.852
195.723
195.59
195.448
195.296
195.129
194.945
194.742
194.522
194.287
194.037
193.774
193.499
193.21
192.908
192.591
192.259
191.912
191.55
191.173
190.781
190.374
189.953
189.518
189.07
188.609
188.137
187.656
187.165
186.668
186.166
185.662
185.157
184.654
184.157
183.667
183.187
182.721
182.271
181.84
181.43
181.043
180.682
180.347
180.041
179.763
179.515
179.297
179.107
178.945
178.81
178.702
178.616
178.563
178.531
178.507
178.494
178.494
178.504
178.532
178.562
178.628
178.669
178.799
178.825
179.099
197.318
197.378
197.441
197.507
197.577
197.649
197.726
197.806
197.89
197.978
198.07
198.166
198.266
198.371
198.48
198.594
198.713
198.837
198.966
199.099
199.238
199.382
199.53
199.684
199.843
200.007
200.176
200.349
200.526
200.708
200.894
201.083
201.275
201.47
201.667
201.865
202.065
202.265
202.464
202.661
202.857
203.049
203.237
203.42
203.596
203.766
203.927
204.079
204.22
204.351
204.469
204.575
204.666
204.744
204.807
204.855
204.888
204.906
204.909
204.897
204.872
204.833
204.782
204.721
204.649
204.569
204.483
204.403
204.33
204.252
204.169
204.082
203.992
203.9
203.809
203.72
203.634
203.551
203.478
203.373
196.546
196.482
196.415
196.346
196.273
196.196
196.114
196.028
195.937
195.842
195.742
195.637
195.527
195.413
195.296
195.177
195.055
194.93
194.8
194.66
194.508
194.341
194.157
193.957
193.742
193.513
193.273
193.021
192.757
192.481
192.191
191.888
191.571
191.241
190.897
190.539
190.167
189.782
189.385
188.974
188.553
188.12
187.678
187.227
186.77
186.308
185.842
185.375
184.91
184.447
183.991
183.543
183.106
182.683
182.275
181.886
181.517
181.17
180.846
180.548
180.275
180.029
179.809
179.615
179.446
179.303
179.182
179.099
179.039
178.987
178.946
178.917
178.898
178.897
178.9
178.938
178.957
179.062
179.072
179.321
196.6
196.653
196.71
196.769
196.831
196.896
196.964
197.036
197.111
197.19
197.273
197.359
197.45
197.544
197.643
197.746
197.854
197.966
198.083
198.205
198.332
198.464
198.6
198.742
198.889
199.041
199.198
199.36
199.526
199.698
199.873
200.053
200.237
200.424
200.615
200.808
201.004
201.201
201.399
201.597
201.794
201.991
202.185
202.376
202.563
202.745
202.921
203.09
203.251
203.403
203.545
203.676
203.795
203.902
203.996
204.077
204.143
204.196
204.234
204.258
204.269
204.267
204.252
204.226
204.189
204.142
204.089
204.037
203.986
203.931
203.871
203.806
203.738
203.668
203.596
203.525
203.455
203.385
203.322
203.22
195.939
195.884
195.825
195.764
195.699
195.631
195.559
195.484
195.403
195.319
195.23
195.137
195.039
194.937
194.83
194.719
194.606
194.491
194.374
194.252
194.122
193.983
193.831
193.663
193.48
193.282
193.072
192.85
192.618
192.375
192.121
191.855
191.576
191.285
190.982
190.665
190.336
189.995
189.641
189.275
188.897
188.508
188.11
187.702
187.286
186.863
186.434
186.002
185.568
185.135
184.703
184.276
183.856
183.444
183.044
182.658
182.287
181.934
181.6
181.287
180.996
180.728
180.483
180.262
180.065
179.891
179.739
179.627
179.543
179.465
179.397
179.341
179.295
179.266
179.243
179.254
179.249
179.329
179.324
179.548
195.988
196.036
196.086
196.139
196.194
196.253
196.314
196.378
196.446
196.517
196.591
196.669
196.751
196.836
196.925
197.019
197.116
197.218
197.325
197.436
197.552
197.672
197.797
197.928
198.063
198.203
198.349
198.499
198.654
198.814
198.979
199.149
199.323
199.501
199.683
199.869
200.057
200.249
200.443
200.638
200.834
201.031
201.227
201.421
201.614
201.803
201.989
202.17
202.344
202.512
202.672
202.823
202.965
203.096
203.215
203.323
203.419
203.502
203.571
203.628
203.672
203.702
203.721
203.728
203.724
203.71
203.688
203.662
203.634
203.601
203.563
203.521
203.475
203.426
203.375
203.322
203.269
203.211
203.159
203.06
195.421
195.372
195.319
195.265
195.208
195.148
195.084
195.017
194.946
194.871
194.792
194.709
194.622
194.53
194.434
194.334
194.229
194.122
194.012
193.9
193.785
193.664
193.534
193.394
193.24
193.071
192.89
192.696
192.491
192.276
192.052
191.817
191.571
191.314
191.045
190.764
190.471
190.167
189.851
189.524
189.185
188.835
188.475
188.105
187.726
187.34
186.946
186.547
186.145
185.739
185.333
184.929
184.527
184.131
183.742
183.363
182.995
182.641
182.302
181.98
181.676
181.391
181.127
180.884
180.662
180.463
180.283
180.147
180.04
179.939
179.846
179.764
179.692
179.637
179.588
179.573
179.546
179.601
179.581
179.778
195.464
195.507
195.552
195.6
195.649
195.702
195.757
195.815
195.876
195.94
196.006
196.077
196.15
196.228
196.308
196.393
196.482
196.574
196.671
196.772
196.878
196.988
197.103
197.222
197.347
197.476
197.61
197.749
197.893
198.042
198.196
198.355
198.519
198.687
198.859
199.036
199.217
199.401
199.588
199.778
199.969
200.163
200.357
200.552
200.746
200.939
201.13
201.318
201.501
201.68
201.853
202.019
202.178
202.328
202.469
202.6
202.72
202.828
202.925
203.011
203.084
203.145
203.194
203.232
203.259
203.275
203.283
203.282
203.275
203.264
203.249
203.229
203.205
203.176
203.145
203.111
203.074
203.03
202.989
202.893
194.971
194.928
194.881
194.833
194.782
194.729
194.672
194.612
194.549
194.483
194.412
194.338
194.26
194.178
194.092
194.001
193.907
193.808
193.706
193.601
193.494
193.384
193.27
193.149
193.019
192.876
192.72
192.551
192.372
192.182
191.983
191.775
191.558
191.33
191.091
190.841
190.58
190.309
190.026
189.732
189.427
189.112
188.786
188.45
188.105
187.752
187.391
187.023
186.649
186.272
185.891
185.509
185.128
184.749
184.374
184.005
183.644
183.292
182.952
182.625
182.313
182.018
181.739
181.479
181.237
181.015
180.812
180.654
180.528
180.405
180.29
180.184
180.087
180.007
179.934
179.894
179.844
179.874
179.84
180.01
195.01
195.049
195.089
195.132
195.177
195.224
195.274
195.327
195.381
195.439
195.5
195.563
195.63
195.7
195.774
195.85
195.931
196.015
196.104
196.196
196.292
196.393
196.498
196.608
196.722
196.841
196.965
197.093
197.227
197.365
197.509
197.657
197.81
197.968
198.131
198.298
198.469
198.645
198.824
199.007
199.193
199.381
199.571
199.763
199.956
200.149
200.341
200.532
200.721
200.907
201.089
201.266
201.437
201.602
201.76
201.909
202.049
202.18
202.3
202.41
202.509
202.597
202.674
202.74
202.795
202.84
202.876
202.898
202.912
202.923
202.929
202.93
202.927
202.92
202.908
202.893
202.872
202.842
202.812
202.72
194.595
194.556
194.515
194.472
194.427
194.379
194.329
194.276
194.22
194.161
194.098
194.032
193.963
193.89
193.813
193.733
193.649
193.558
193.459
193.351
193.234
193.11
192.985
192.863
192.745
192.633
192.523
192.406
192.274
192.121
191.946
191.755
191.553
191.344
191.129
190.905
190.672
190.427
190.172
189.907
189.631
189.345
189.05
188.745
188.43
188.107
187.775
187.436
187.09
186.739
186.383
186.024
185.663
185.302
184.943
184.586
184.234
183.889
183.552
183.225
182.909
182.606
182.317
182.043
181.786
181.546
181.323
181.147
181.002
180.861
180.725
180.598
180.478
180.374
180.278
180.213
180.143
180.149
180.1
180.242
194.63
194.664
194.701
194.74
194.78
194.823
194.868
194.915
194.964
195.016
195.071
195.128
195.189
195.252
195.319
195.388
195.461
195.538
195.618
195.702
195.79
195.882
195.978
196.078
196.183
196.292
196.406
196.525
196.648
196.776
196.909
197.047
197.19
197.337
197.49
197.647
197.809
197.975
198.146
198.32
198.499
198.68
198.865
199.052
199.241
199.432
199.623
199.814
200.005
200.194
200.381
200.565
200.746
200.921
201.091
201.255
201.411
201.56
201.7
201.831
201.952
202.063
202.165
202.256
202.337
202.408
202.471
202.515
202.549
202.579
202.605
202.628
202.646
202.659
202.667
202.669
202.665
202.649
202.63
202.542
194.154
194.12
194.084
194.047
194.008
193.967
193.923
193.877
193.828
193.776
193.722
193.665
193.604
193.541
193.473
193.402
193.327
193.248
193.167
193.082
192.995
192.904
192.81
192.713
192.612
192.506
192.395
192.276
192.148
192.01
191.862
191.703
191.535
191.356
191.168
190.972
190.767
190.553
190.33
190.097
189.854
189.602
189.34
189.068
188.787
188.497
188.198
187.891
187.576
187.255
186.927
186.594
186.256
185.916
185.574
185.232
184.892
184.554
184.22
183.892
183.573
183.262
182.961
182.673
182.398
182.137
181.891
181.693
181.528
181.364
181.204
181.051
180.904
180.772
180.648
180.554
180.459
180.433
180.367
180.476
194.184
194.215
194.247
194.281
194.317
194.354
194.394
194.435
194.479
194.525
194.574
194.624
194.678
194.734
194.793
194.855
194.92
194.988
195.059
195.134
195.213
195.295
195.381
195.471
195.565
195.664
195.767
195.874
195.985
196.102
196.223
196.349
196.48
196.616
196.757
196.902
197.053
197.208
197.368
197.533
197.702
197.875
198.052
198.233
198.417
198.603
198.792
198.983
199.175
199.367
199.559
199.75
199.94
200.126
200.31
200.489
200.664
200.833
200.995
201.15
201.297
201.436
201.566
201.687
201.799
201.901
201.994
202.066
202.123
202.177
202.229
202.276
202.319
202.357
202.389
202.415
202.431
202.432
202.428
202.351
193.734
193.706
193.676
193.645
193.612
193.577
193.54
193.501
193.46
193.417
193.372
193.324
193.273
193.219
193.163
193.103
193.041
192.976
192.911
192.845
192.779
192.712
192.64
192.561
192.472
192.374
192.268
192.155
192.036
191.914
191.788
191.656
191.516
191.367
191.207
191.039
190.862
190.678
190.485
190.284
190.074
189.855
189.626
189.388
189.141
188.885
188.619
188.345
188.062
187.771
187.472
187.167
186.855
186.537
186.216
185.891
185.563
185.235
184.908
184.583
184.261
183.945
183.635
183.333
183.041
182.76
182.491
182.27
182.083
181.896
181.71
181.529
181.354
181.191
181.036
180.909
180.785
180.726
180.637
180.711
193.76
193.786
193.814
193.843
193.873
193.906
193.94
193.975
194.013
194.053
194.094
194.138
194.185
194.233
194.284
194.338
194.394
194.453
194.516
194.581
194.649
194.721
194.797
194.876
194.959
195.045
195.136
195.231
195.33
195.434
195.542
195.655
195.773
195.895
196.023
196.155
196.293
196.435
196.583
196.735
196.893
197.055
197.223
197.394
197.57
197.75
197.934
198.121
198.311
198.503
198.697
198.892
199.088
199.284
199.478
199.671
199.862
200.049
200.232
200.411
200.583
200.75
200.909
201.061
201.205
201.34
201.467
201.567
201.649
201.73
201.809
201.885
201.956
202.023
202.082
202.133
202.172
202.194
202.208
202.145
193.42
193.396
193.37
193.343
193.315
193.285
193.253
193.22
193.184
193.147
193.108
193.067
193.023
192.977
192.928
192.877
192.823
192.765
192.705
192.642
192.575
192.505
192.432
192.355
192.274
192.189
192.1
192.009
191.915
191.818
191.716
191.607
191.489
191.363
191.227
191.082
190.928
190.766
190.597
190.42
190.235
190.041
189.839
189.628
189.409
189.18
188.942
188.695
188.44
188.175
187.903
187.622
187.334
187.039
186.738
186.431
186.12
185.805
185.488
185.17
184.852
184.536
184.224
183.916
183.614
183.32
183.034
182.797
182.594
182.388
182.182
181.978
181.777
181.588
181.406
181.25
181.098
181.01
180.898
180.94
193.442
193.465
193.49
193.515
193.542
193.57
193.6
193.631
193.664
193.699
193.736
193.774
193.815
193.858
193.903
193.95
194
194.052
194.107
194.165
194.226
194.289
194.356
194.427
194.5
194.578
194.659
194.744
194.832
194.925
195.023
195.124
195.231
195.342
195.457
195.578
195.704
195.834
195.97
196.111
196.257
196.408
196.565
196.726
196.892
197.063
197.239
197.419
197.603
197.791
197.982
198.176
198.372
198.57
198.769
198.969
199.168
199.366
199.562
199.756
199.946
200.132
200.313
200.488
200.657
200.819
200.973
201.098
201.201
201.305
201.408
201.509
201.606
201.697
201.782
201.857
201.918
201.959
201.991
201.941
193.162
193.141
193.119
193.095
193.07
193.044
193.016
192.987
192.956
192.923
192.889
192.853
192.814
192.774
192.731
192.686
192.638
192.588
192.535
192.479
192.42
192.358
192.293
192.225
192.154
192.079
192
191.917
191.831
191.742
191.651
191.556
191.455
191.348
191.233
191.109
190.975
190.833
190.683
190.525
190.36
190.188
190.007
189.818
189.621
189.415
189.2
188.976
188.744
188.503
188.253
187.994
187.727
187.453
187.17
186.881
186.586
186.286
185.981
185.672
185.361
185.049
184.738
184.428
184.121
183.819
183.523
183.273
183.059
182.839
182.616
182.393
182.172
181.96
181.753
181.572
181.395
181.279
181.148
181.159
193.182
193.203
193.224
193.247
193.271
193.296
193.322
193.35
193.38
193.411
193.444
193.478
193.514
193.552
193.593
193.635
193.679
193.726
193.776
193.828
193.882
193.939
194
194.063
194.129
194.199
194.272
194.349
194.43
194.514
194.603
194.695
194.792
194.894
195
195.11
195.226
195.346
195.472
195.603
195.739
195.88
196.026
196.178
196.335
196.497
196.665
196.837
197.015
197.196
197.382
197.573
197.766
197.963
198.163
198.364
198.568
198.772
198.976
199.179
199.381
199.581
199.778
199.971
200.158
200.341
200.517
200.662
200.783
200.907
201.03
201.152
201.272
201.386
201.493
201.59
201.672
201.732
201.78
201.743
192.959
192.94
192.92
192.899
192.877
192.854
192.83
192.804
192.776
192.747
192.717
192.685
192.651
192.615
192.577
192.537
192.495
192.451
192.404
192.354
192.302
192.247
192.189
192.128
192.064
191.996
191.926
191.852
191.773
191.691
191.606
191.518
191.427
191.333
191.233
191.127
191.012
190.888
190.756
190.615
190.466
190.31
190.147
189.977
189.798
189.611
189.416
189.212
188.999
188.777
188.547
188.307
188.059
187.803
187.538
187.265
186.984
186.697
186.404
186.105
185.802
185.496
185.188
184.878
184.57
184.263
183.96
183.702
183.478
183.247
183.011
182.773
182.535
182.303
182.076
181.872
181.673
181.532
181.384
181.364
192.977
192.995
193.014
193.034
193.056
193.078
193.102
193.127
193.154
193.181
193.211
193.242
193.274
193.309
193.345
193.383
193.423
193.465
193.51
193.556
193.606
193.657
193.712
193.769
193.829
193.893
193.959
194.029
194.102
194.179
194.26
194.345
194.434
194.527
194.624
194.726
194.833
194.944
195.061
195.182
195.309
195.441
195.578
195.721
195.869
196.023
196.182
196.347
196.517
196.693
196.873
197.058
197.248
197.442
197.64
197.842
198.046
198.253
198.462
198.671
198.881
199.091
199.299
199.505
199.708
199.907
200.101
200.262
200.399
200.539
200.68
200.82
200.959
201.094
201.221
201.338
201.438
201.516
201.578
201.555
192.805
192.788
192.77
192.752
192.732
192.711
192.689
192.666
192.641
192.616
192.588
192.559
192.529
192.497
192.463
192.427
192.389
192.349
192.307
192.263
192.216
192.166
192.114
192.059
192
191.939
191.875
191.807
191.736
191.662
191.584
191.501
191.416
191.328
191.237
191.142
191.041
190.933
190.816
190.691
190.557
190.415
190.266
190.109
189.945
189.774
189.595
189.406
189.21
189.005
188.79
188.567
188.335
188.094
187.844
187.586
187.319
187.045
186.763
186.474
186.179
185.879
185.576
185.269
184.96
184.652
184.344
184.08
183.85
183.61
183.364
183.114
182.861
182.613
182.369
182.145
181.928
181.764
181.601
181.552
192.821
192.838
192.855
192.873
192.893
192.913
192.935
192.957
192.981
193.007
193.033
193.061
193.091
193.122
193.155
193.19
193.226
193.265
193.305
193.348
193.392
193.44
193.489
193.542
193.597
193.654
193.715
193.779
193.846
193.917
193.991
194.069
194.151
194.237
194.327
194.421
194.52
194.623
194.731
194.844
194.963
195.086
195.215
195.35
195.489
195.635
195.786
195.943
196.106
196.275
196.449
196.629
196.814
197.004
197.199
197.398
197.602
197.809
198.02
198.233
198.448
198.664
198.88
199.096
199.31
199.522
199.73
199.904
200.053
200.206
200.362
200.519
200.674
200.826
200.971
201.105
201.222
201.314
201.391
201.381
192.679
192.664
192.648
192.631
192.613
192.594
192.574
192.553
192.53
192.507
192.482
192.456
192.428
192.399
192.368
192.335
192.3
192.264
192.226
192.185
192.142
192.097
192.049
191.999
191.946
191.89
191.83
191.768
191.703
191.634
191.562
191.486
191.406
191.323
191.236
191.147
191.054
190.958
190.855
190.745
190.627
190.5
190.364
190.221
190.07
189.912
189.746
189.571
189.388
189.196
188.994
188.784
188.564
188.336
188.098
187.851
187.596
187.332
187.06
186.78
186.493
186.2
185.901
185.598
185.291
184.982
184.672
184.404
184.169
183.924
183.669
183.41
183.146
182.885
182.626
182.386
182.152
181.969
181.793
181.717
192.694
192.709
192.725
192.742
192.76
192.779
192.799
192.82
192.842
192.865
192.889
192.915
192.943
192.971
193.002
193.034
193.067
193.103
193.14
193.18
193.221
193.265
193.311
193.359
193.411
193.464
193.521
193.58
193.643
193.708
193.777
193.85
193.926
194.006
194.09
194.179
194.271
194.368
194.47
194.576
194.688
194.804
194.926
195.053
195.186
195.325
195.469
195.619
195.775
195.937
196.105
196.279
196.459
196.645
196.836
197.032
197.234
197.44
197.651
197.865
198.083
198.303
198.524
198.747
198.969
199.19
199.409
199.594
199.753
199.917
200.085
200.254
200.424
200.59
200.749
200.898
201.028
201.135
201.223
201.226
192.617
192.603
192.588
192.572
192.556
192.538
192.52
192.501
192.48
192.459
192.436
192.412
192.386
192.359
192.331
192.301
192.269
192.235
192.2
192.163
192.123
192.082
192.038
191.991
191.942
191.891
191.836
191.778
191.717
191.653
191.586
191.515
191.44
191.362
191.279
191.193
191.103
191.011
190.915
190.812
190.702
190.583
190.454
190.317
190.171
190.018
189.859
189.692
189.518
189.336
189.145
188.945
188.737
188.519
188.293
188.057
187.812
187.558
187.295
187.024
186.744
186.458
186.164
185.864
185.56
185.252
184.942
184.672
184.433
184.184
183.924
183.657
183.385
183.113
182.843
182.589
182.342
182.142
181.956
181.856
192.63
192.644
192.659
192.675
192.691
192.708
192.727
192.746
192.766
192.788
192.81
192.834
192.86
192.886
192.914
192.944
192.975
193.007
193.042
193.078
193.117
193.157
193.2
193.245
193.292
193.341
193.394
193.449
193.507
193.568
193.632
193.7
193.77
193.845
193.924
194.006
194.093
194.183
194.279
194.379
194.484
194.594
194.709
194.83
194.956
195.088
195.225
195.369
195.519
195.675
195.837
196.005
196.18
196.361
196.548
196.741
196.94
197.145
197.354
197.569
197.787
198.009
198.234
198.461
198.689
198.917
199.144
199.337
199.503
199.676
199.854
200.035
200.216
200.396
200.568
200.728
200.868
200.982
201.078
201.091
192.532
192.519
192.505
192.49
192.474
192.457
192.44
192.421
192.401
192.38
192.358
192.335
192.31
192.284
192.256
192.227
192.196
192.164
192.129
192.093
192.054
192.013
191.97
191.924
191.875
191.824
191.769
191.712
191.65
191.585
191.516
191.442
191.363
191.279
191.189
191.095
191.001
190.911
190.83
190.759
190.697
190.635
190.562
190.469
190.35
190.206
190.042
189.866
189.683
189.494
189.301
189.1
188.893
188.677
188.454
188.222
187.982
187.733
187.476
187.21
186.936
186.654
186.364
186.068
185.765
185.458
185.147
184.876
184.635
184.383
184.119
183.846
183.567
183.288
183.009
182.744
182.488
182.274
182.081
181.96
192.545
192.559
192.573
192.588
192.604
192.62
192.638
192.657
192.676
192.697
192.719
192.742
192.766
192.792
192.819
192.847
192.877
192.909
192.942
192.977
193.014
193.053
193.094
193.137
193.182
193.23
193.28
193.333
193.389
193.448
193.509
193.574
193.642
193.714
193.79
193.869
193.952
194.039
194.131
194.227
194.328
194.434
194.544
194.661
194.782
194.909
195.042
195.181
195.327
195.478
195.636
195.8
195.971
196.148
196.332
196.522
196.719
196.922
197.13
197.344
197.563
197.787
198.014
198.244
198.476
198.709
198.942
199.142
199.314
199.494
199.679
199.868
200.056
200.241
200.418
200.585
200.735
200.864
200.975
200.996
192.624
192.613
192.601
192.588
192.574
192.56
192.545
192.529
192.512
192.494
192.476
192.456
192.435
192.413
192.39
192.365
192.339
192.312
192.283
192.253
192.221
192.187
192.152
192.115
192.075
192.034
191.99
191.944
191.896
191.844
191.79
191.733
191.676
191.622
191.572
191.529
191.487
191.434
191.356
191.237
191.07
190.86
190.625
190.39
190.178
189.998
189.846
189.708
189.57
189.422
189.261
189.089
188.906
188.713
188.509
188.295
188.07
187.834
187.588
187.331
187.064
186.788
186.504
186.211
185.911
185.605
185.295
185.023
184.781
184.526
184.259
183.983
183.699
183.413
183.127
182.855
182.592
182.368
182.172
182.031
192.635
192.647
192.659
192.672
192.686
192.701
192.716
192.732
192.749
192.767
192.786
192.806
192.827
192.849
192.873
192.898
192.924
192.952
192.981
193.012
193.045
193.079
193.116
193.154
193.195
193.237
193.283
193.33
193.38
193.434
193.489
193.549
193.611
193.677
193.746
193.819
193.896
193.977
194.063
194.153
194.248
194.347
194.452
194.563
194.679
194.801
194.929
195.063
195.203
195.35
195.504
195.665
195.832
196.007
196.188
196.376
196.571
196.772
196.98
197.193
197.413
197.636
197.865
198.096
198.331
198.566
198.802
199.004
199.18
199.364
199.557
199.759
199.967
200.178
200.381
200.561
200.698
200.787
200.861
200.891
)
;

boundaryField
{
    inlet
    {
        type            freestreamPressure;
    }
    outlet
    {
        type            freestreamPressure;
    }
    walls
    {
        type            zeroGradient;
    }
    frontAndBack
    {
        type            empty;
    }
}


// ************************************************************************* //
