/*--------------------------------*- C++ -*----------------------------------*\
| =========                 |                                                 |
| \\      /  F ield         | OpenFOAM: The Open Source CFD Toolbox           |
|  \\    /   O peration     | Version:  3.0.0                                 |
|   \\  /    A nd           | Web:      www.OpenFOAM.org                      |
|    \\/     M anipulation  |                                                 |
\*---------------------------------------------------------------------------*/
FoamFile
{
    version     2.0;
    format      ascii;
    class       volScalarField;
    location    "2.5";
    object      p;
}
// * * * * * * * * * * * * * * * * * * * * * * * * * * * * * * * * * * * * * //

dimensions      [0 2 -2 0 0 0 0];

internalField   nonuniform List<scalar> 
4096
(
0.0249123
0.0256961
0.0294584
0.025862
0.016302
0.00666962
0.000902289
-0.00116959
-0.000754747
0.00242927
0.00818237
0.0140489
0.0170838
0.0164769
0.0147113
0.0213634
0.039379
0.0320569
0.0322344
0.0254436
0.0140669
0.00362427
-0.00271803
-0.00458722
-0.00209124
0.00465815
0.0136788
0.0213799
0.0253117
0.025273
0.0238992
0.0351855
0.0506507
0.0351024
0.0340456
0.0271785
0.0168409
0.00767621
0.001853
-0.000177693
0.00252617
0.0107416
0.0221679
0.0321473
0.0371393
0.0363878
0.0330439
0.0473763
0.0541954
0.0325269
0.031792
0.0268042
0.0190561
0.0121213
0.00748065
0.00597424
0.00941187
0.0190465
0.032054
0.04269
0.0468918
0.0437819
0.0371874
0.0525653
0.0481615
0.0237755
0.0244054
0.0225548
0.0186359
0.0149882
0.0125247
0.0123964
0.0168816
0.0274073
0.0407292
0.050387
0.0521613
0.0455314
0.0351044
0.0486339
0.0326753
0.00987162
0.0124357
0.0143052
0.0147986
0.0149397
0.0150623
0.0164728
0.021738
0.0322838
0.0447852
0.0524312
0.0510455
0.0407359
0.0267426
0.0357055
0.0116031
-0.00653942
-0.00182504
0.00382159
0.00856075
0.0121217
0.0142533
0.0163816
0.0215391
0.0307853
0.0416702
0.0470367
0.0427847
0.0296841
0.0132816
0.0163902
-0.0105057
-0.0221224
-0.0151442
-0.00606046
0.00217297
0.00799659
0.010726
0.0119386
0.0150152
0.0222239
0.0309126
0.0342846
0.0282952
0.0140323
-0.00301561
-0.00531138
-0.0292519
-0.0338619
-0.024567
-0.0126331
-0.00217873
0.00418313
0.00565035
0.00428509
0.00410877
0.00811489
0.0142535
0.016245
0.0100354
-0.00353402
-0.0192282
-0.0249306
-0.0414292
-0.0397392
-0.0282338
-0.0142075
-0.00327164
0.00164191
0.000123525
-0.00488307
-0.00880722
-0.00830791
-0.00470049
-0.00341042
-0.00855547
-0.0196546
-0.0324653
-0.038886
-0.0454909
-0.0390363
-0.0253317
-0.0108545
-0.00108729
0.000655207
-0.00478625
-0.0133245
-0.0202747
-0.0225626
-0.0209912
-0.0199585
-0.0233148
-0.0311751
-0.040323
-0.0450092
-0.0417209
-0.0321315
-0.0172924
-0.00347374
0.00339968
0.00097108
-0.00805534
-0.0186752
-0.0268057
-0.0301755
-0.0296101
-0.0285692
-0.030363
-0.0355136
-0.0413183
-0.0430654
-0.0319844
-0.0208331
-0.00591904
0.00570415
0.00847491
0.00198622
-0.00903151
-0.0194134
-0.0263091
-0.0289836
-0.0283353
-0.027171
-0.0282273
-0.0318938
-0.0356292
-0.0347237
-0.0187276
-0.00733898
0.00616313
0.0140944
0.0122299
0.00271541
-0.00821976
-0.0161682
-0.0202491
-0.0209462
-0.0194921
-0.0183567
-0.0194345
-0.0224964
-0.0253156
-0.0225125
-0.00359939
0.00640327
0.0171776
0.0200124
0.0137034
0.00266831
-0.00664909
-0.0113782
-0.0122868
-0.0107073
-0.00830666
-0.00709203
-0.00822923
-0.0108983
-0.0122942
-0.00814553
0.0143278
0.0213446
0.0276077
0.0262662
0.0176794
0.00827658
0.00257543
0.000506375
-0.000273878
0.000375568
0.00295548
0.00581197
0.00669986
0.0053369
0.0044288
0.00959687
0.0246767
0.0201933
0.0213608
0.0196217
0.0144755
0.00769953
0.00051362
-0.00609644
-0.00984325
-0.00798228
-0.000252244
0.00965198
0.0171564
0.0197967
0.0186994
0.0223672
0.0374342
0.0282661
0.0275268
0.0224239
0.0134242
0.00315232
-0.00629777
-0.0125845
-0.0127036
-0.00508023
0.007608
0.0197875
0.0270353
0.028452
0.0264595
0.0337655
0.047456
0.0330117
0.0314998
0.0258666
0.0169956
0.00749364
-0.00101246
-0.00643925
-0.00539534
0.00408536
0.0188232
0.0321381
0.0391277
0.0389829
0.0349483
0.0444013
0.0494152
0.0316151
0.0305817
0.0262306
0.0191596
0.0116632
0.00508454
0.00140591
0.00411933
0.0151925
0.0307768
0.0434126
0.0482507
0.0450337
0.0379986
0.0479281
0.0425673
0.0241701
0.0244806
0.022657
0.0186954
0.0142706
0.0104037
0.00899099
0.0133577
0.0252844
0.0404809
0.0510244
0.0524125
0.045325
0.0349403
0.0432533
0.0284777
0.0120244
0.0142648
0.0156702
0.0154686
0.0144744
0.0132838
0.0137132
0.0189724
0.0307131
0.0446327
0.0525141
0.0502589
0.0394912
0.026133
0.0311524
0.00999092
-0.00249053
0.00196352
0.00669902
0.0100695
0.0119172
0.0124137
0.0134193
0.0182906
0.0288842
0.0410577
0.0465327
0.0413951
0.0280016
0.0127154
0.0137824
-0.00955754
-0.0168791
-0.0101504
-0.00243573
0.00373126
0.00723789
0.00795261
0.00787039
0.011021
0.0196127
0.0298513
0.0335644
0.0268295
0.0123914
-0.00336765
-0.00581475
-0.027019
-0.0288721
-0.0199835
-0.00992184
-0.00204091
0.00178148
0.0013623
-0.000890553
-0.000596724
0.00525164
0.013364
0.0159499
0.00901848
-0.00488444
-0.0196025
-0.0242488
-0.0396253
-0.0365889
-0.02586
-0.0142726
-0.00583983
-0.00286289
-0.00531573
-0.0103165
-0.0131517
-0.010409
-0.00459565
-0.00271152
-0.0087753
-0.0207925
-0.0332087
-0.0383035
-0.0453519
-0.0387817
-0.0267556
-0.0147175
-0.00678347
-0.0054182
-0.0101319
-0.0176094
-0.0231372
-0.023286
-0.0197339
-0.0183419
-0.022959
-0.0322777
-0.0416252
-0.0455427
-0.0435059
-0.0350871
-0.0228554
-0.0113838
-0.0048617
-0.00541547
-0.0119703
-0.0209491
-0.0281494
-0.030359
-0.0286111
-0.0275195
-0.0305499
-0.0369834
-0.0431498
-0.0449916
-0.0350563
-0.0265045
-0.0151928
-0.00542182
-0.00102222
-0.00342213
-0.0110187
-0.0204381
-0.0279292
-0.0309371
-0.0300998
-0.028904
-0.0302968
-0.0340979
-0.0375808
-0.0374632
-0.0221789
-0.0148211
-0.00554605
0.00140622
0.00302547
-0.00119212
-0.00922679
-0.0180878
-0.0247419
-0.0271647
-0.0258882
-0.0237933
-0.023467
-0.0250815
-0.0266441
-0.0252314
-0.00662472
-0.00159527
0.00487942
0.0079295
0.00604542
-0.000285541
-0.00883937
-0.0169258
-0.0219089
-0.0222834
-0.0189681
-0.0149168
-0.0126915
-0.0124829
-0.0126381
-0.0102445
0.0130429
0.0136663
0.0164034
0.0163373
0.0131396
0.00793431
0.00136913
-0.00616582
-0.0121739
-0.0136928
-0.00962911
-0.00263218
0.00335241
0.00614309
0.00682908
0.0097837
0.023028
0.0176323
0.0174183
0.0165675
0.0139855
0.00954279
0.00292174
-0.00492644
-0.0108798
-0.011177
-0.00473495
0.00532473
0.0141035
0.0184818
0.0185631
0.0201764
0.0303658
0.0229891
0.0220143
0.0185863
0.0120396
0.00318668
-0.0067153
-0.0148529
-0.0171473
-0.0109386
0.00167822
0.0148121
0.0232543
0.0255737
0.0238132
0.0270489
0.037385
0.0269677
0.02542
0.0216585
0.0154173
0.00756409
-0.00113887
-0.00830596
-0.00953978
-0.00170882
0.0126803
0.0266865
0.0344841
0.0350679
0.0313652
0.0354301
0.0377851
0.0260196
0.0252198
0.0225468
0.0176827
0.0114903
0.00465443
-0.000622453
1.03911e-05
0.00964049
0.0249445
0.0379544
0.0431398
0.0403755
0.0337961
0.0377213
0.031747
0.0203705
0.0210678
0.0203419
0.0175972
0.0135306
0.00890937
0.00592547
0.00865578
0.0197876
0.0351492
0.04609
0.0474428
0.0406249
0.0308858
0.0336056
0.0207096
0.0110387
0.0135123
0.0150965
0.0147671
0.0128869
0.0102229
0.00904968
0.013293
0.0252136
0.0400471
0.0485844
0.0462879
0.0356761
0.0231807
0.0239172
0.00637642
-0.000626229
0.00363481
0.00747405
0.00934463
0.00914547
0.00756285
0.00702894
0.0116622
0.023502
0.0375292
0.044138
0.0390571
0.0257925
0.0114942
0.00998742
-0.00937752
-0.0130331
-0.00704267
-0.00118064
0.00243664
0.00317592
0.00161851
0.000410625
0.00404393
0.0148787
0.0277844
0.0330489
0.0264546
0.0120342
-0.00281918
-0.00627708
-0.0243675
-0.0242811
-0.0165963
-0.0089891
-0.00414518
-0.00319879
-0.00560671
-0.00844821
-0.00686195
0.00192472
0.0131256
0.0173392
0.0103959
-0.00373263
-0.0178095
-0.0223966
-0.0360245
-0.032283
-0.0229956
-0.0140481
-0.00851926
-0.00795693
-0.0117324
-0.0165663
-0.0176125
-0.0116885
-0.00291377
0.000194167
-0.00630463
-0.0189042
-0.0309922
-0.0354949
-0.0419442
-0.0353346
-0.0247894
-0.0151152
-0.00949951
-0.00970595
-0.0149332
-0.0217099
-0.0252017
-0.0224382
-0.0166107
-0.0147712
-0.0203544
-0.0305349
-0.0397374
-0.0429322
-0.040829
-0.0326757
-0.0218527
-0.0122163
-0.0071292
-0.00827485
-0.0146457
-0.022823
-0.0281336
-0.028182
-0.0252079
-0.0244857
-0.0287634
-0.036024
-0.0420005
-0.043213
-0.0331647
-0.0251461
-0.0151375
-0.0065855
-0.00265774
-0.00475485
-0.0117163
-0.0203683
-0.0268381
-0.0288991
-0.0278856
-0.0274852
-0.029914
-0.0341178
-0.0371909
-0.0366211
-0.021105
-0.0146254
-0.00657025
-0.000223963
0.00179259
-0.00153879
-0.00893329
-0.0176189
-0.0243183
-0.0268761
-0.0260105
-0.0245002
-0.0245193
-0.0259265
-0.0268809
-0.0253002
-0.00675494
-0.00280872
0.00240591
0.00543473
0.00463379
-0.000711549
-0.00914646
-0.0179571
-0.0238783
-0.0249624
-0.0219358
-0.0176938
-0.0148456
-0.0138689
-0.0134655
-0.0114297
0.0129363
0.0115782
0.01254
0.0131077
0.011911
0.00872909
0.00264435
-0.00591434
-0.0139471
-0.0174676
-0.0146239
-0.00746291
-1.76645e-06
0.00483631
0.00689897
0.00903016
0.0177316
0.0136844
0.0137239
0.0143564
0.0136305
0.00999041
0.00257805
-0.00707861
-0.0151604
-0.0173546
-0.01209
-0.00207168
0.00764508
0.0133817
0.0146127
0.0150743
0.0189978
0.0148801
0.0148044
0.0134259
0.00885999
0.000629124
-0.0102193
-0.0202678
-0.0246411
-0.0200423
-0.00796172
0.00576488
0.0151201
0.0181014
0.0166274
0.0167606
0.0227707
0.0169438
0.016059
0.0142216
0.0101312
0.00335699
-0.00571306
-0.0142948
-0.0173858
-0.0112194
0.00226419
0.0167415
0.0248965
0.0259115
0.0226335
0.0225901
0.0219511
0.0157346
0.015412
0.0142362
0.011182
0.00598509
-0.000995923
-0.0072873
-0.00811829
0.000145615
0.014826
0.0277152
0.0329576
0.0304695
0.0245021
0.0239138
0.0172878
0.0117067
0.0126868
0.012788
0.0109985
0.00723942
0.00218501
-0.00167491
6.60226e-05
0.0104474
0.0255731
0.036448
0.0378111
0.0312288
0.022354
0.0209282
0.00994164
0.00553055
0.00796087
0.00948064
0.0089315
0.00631556
0.00262332
0.000536538
0.00429437
0.0163435
0.0316613
0.0405286
0.0382841
0.0280683
0.0167256
0.0143225
0.000449267
-0.0024481
0.00129774
0.00409646
0.00454218
0.00258995
-0.000570148
-0.00200804
0.00266946
0.0156747
0.0310528
0.0384744
0.0336244
0.020896
0.00793192
0.00455534
-0.0106877
-0.0116595
-0.00669424
-0.00269803
-0.00141242
-0.0030766
-0.00643344
-0.00823497
-0.00377854
0.00906932
0.0240191
0.0304184
0.0240521
0.0101488
-0.0033926
-0.00756746
-0.0222427
-0.0207628
-0.0144831
-0.00920434
-0.0070957
-0.00866698
-0.0126379
-0.0155166
-0.0122819
-0.000802615
0.0127218
0.0179301
0.0109573
-0.00293305
-0.0159358
-0.0204345
-0.0319455
-0.0277027
-0.0199422
-0.0133743
-0.0104388
-0.0120119
-0.0167774
-0.0210618
-0.0196422
-0.0107117
0.000151063
0.00365167
-0.00342894
-0.0162393
-0.0275657
-0.0315477
-0.0371762
-0.0305221
-0.0214183
-0.0137512
-0.0101731
-0.0118168
-0.0173179
-0.0228936
-0.0237067
-0.0181966
-0.0109566
-0.00953014
-0.0162717
-0.0270078
-0.0356964
-0.0382034
-0.0362604
-0.0282886
-0.0185462
-0.0103219
-0.00649432
-0.00830823
-0.0143973
-0.0211148
-0.0242485
-0.0223801
-0.0189233
-0.0191996
-0.0248151
-0.0326304
-0.0381755
-0.0386468
-0.0294123
-0.0217274
-0.0123561
-0.00447171
-0.000977145
-0.00313033
-0.00970802
-0.0174571
-0.0227294
-0.0240215
-0.0232903
-0.0239689
-0.0273476
-0.0317069
-0.0342467
-0.0329381
-0.0189029
-0.0127998
-0.00489793
0.00158966
0.00388926
0.000785188
-0.00661786
-0.0154132
-0.0221995
-0.0250711
-0.0248318
-0.0239481
-0.0241176
-0.0251117
-0.0254626
-0.0232375
-0.00707047
-0.00337294
0.00217369
0.00623699
0.00612911
0.000914812
-0.00830028
-0.0183173
-0.0254487
-0.0274472
-0.0248715
-0.0204443
-0.0168348
-0.0149804
-0.0140377
-0.0117931
0.0106657
0.00898557
0.00993253
0.0116672
0.0122583
0.0097818
0.00286828
-0.00740724
-0.0173011
-0.0223804
-0.0204893
-0.0132651
-0.00468231
0.00177414
0.00504007
0.00711637
0.0129412
0.009908
0.0115063
0.0136865
0.0135341
0.00902431
-0.0002392
-0.0119116
-0.0215786
-0.0249067
-0.0202769
-0.0101112
0.000366077
0.00705389
0.00892488
0.0106997
0.00868422
0.00628136
0.00768231
0.00802925
0.00448978
-0.00389731
-0.0157875
-0.0272696
-0.0331283
-0.0299111
-0.0185166
-0.00456565
0.0056908
0.00917348
0.00763171
0.00736751
0.00865014
0.00521737
0.00535
0.00506771
0.00232596
-0.00401405
-0.0134842
-0.0228905
-0.0270658
-0.0221138
-0.00926492
0.00491557
0.0135291
0.0146924
0.0113866
0.00999016
0.00619274
0.00298446
0.00324586
0.00322816
0.00139894
-0.00320265
-0.0102371
-0.0169321
-0.0184833
-0.0112464
0.00264327
0.0154282
0.0207351
0.0182188
0.0124436
0.00989977
0.00259241
0.000284881
0.00148174
0.00218028
0.001062
-0.002462
-0.00768229
-0.0118246
-0.0104902
-0.000734984
0.0139457
0.024733
0.0260531
0.0195134
0.0111982
0.00774822
-0.00138635
-0.00264056
-0.000323524
0.00110301
0.000391263
-0.00271151
-0.00697314
-0.00937385
-0.00569703
0.00629728
0.0216493
0.0305649
0.0283074
0.0183843
0.00803187
0.00403884
-0.00619505
-0.00645236
-0.00318751
-0.00118728
-0.00177063
-0.00492135
-0.00900445
-0.0106628
-0.00558118
0.00798421
0.0238297
0.0313888
0.0265031
0.0142992
0.00267197
-0.00155857
-0.0125741
-0.0116685
-0.0074929
-0.00483726
-0.00518088
-0.0084431
-0.0127511
-0.0144148
-0.00893031
0.00509555
0.0207292
0.027222
0.0202923
0.00707915
-0.00499341
-0.00927387
-0.0202255
-0.0175962
-0.0122495
-0.00854723
-0.00823344
-0.011357
-0.0159397
-0.0180417
-0.0130645
1.13927e-05
0.0140512
0.0186819
0.0110403
-0.00256894
-0.0142586
-0.0183218
-0.0272506
-0.0223634
-0.0154713
-0.0103307
-0.00895034
-0.0116556
-0.0164415
-0.019238
-0.0155785
-0.00496279
0.00600666
0.00823482
-7.7021e-05
-0.0130195
-0.0233377
-0.0266028
-0.0309559
-0.0239312
-0.0154457
-0.00877168
-0.00623419
-0.00844299
-0.0134384
-0.0172632
-0.0156482
-0.00870531
-0.00194766
-0.0022691
-0.0106148
-0.0218034
-0.0298217
-0.0314833
-0.0294603
-0.0213691
-0.0117658
-0.00396287
-0.000601867
-0.00253111
-0.00793818
-0.0130762
-0.0143996
-0.011749
-0.00914193
-0.0112211
-0.0183362
-0.0266216
-0.0317301
-0.0311935
-0.0229533
-0.0153686
-0.00559629
0.00249253
0.00599842
0.00383095
-0.00246855
-0.00948507
-0.0140029
-0.0152398
-0.0154658
-0.0175152
-0.0218064
-0.0262995
-0.0284602
-0.0258668
-0.013848
-0.0080253
0.000843262
0.00814798
0.0107879
0.00741633
-0.00051698
-0.00977147
-0.0169434
-0.0204012
-0.0209965
-0.0207664
-0.0210014
-0.0216025
-0.0215468
-0.0177541
-0.00474627
-0.00135802
0.00564819
0.0110851
0.0114401
0.0056548
-0.00486431
-0.0163371
-0.0247118
-0.0276897
-0.0257128
-0.0212242
-0.0168843
-0.0142002
-0.0129146
-0.0090885
0.0093057
0.0074436
0.00992471
0.0134105
0.0148901
0.0116749
0.00282852
-0.00944536
-0.020685
-0.0265204
-0.0250297
-0.017688
-0.00837436
-0.000937762
0.00291073
0.00661422
0.0123359
0.00769529
0.0115929
0.0145988
0.0134278
0.00667987
-0.00490933
-0.0180362
-0.0281362
-0.031362
-0.0265363
-0.0160749
-0.00486156
0.00233167
0.00372307
0.00967219
0.00343553
-0.000689058
0.0021994
0.00342497
-0.000277574
-0.00938633
-0.0219881
-0.0338856
-0.0401264
-0.0375398
-0.0267674
-0.0127391
-0.00179644
0.00205508
-0.000313053
0.00211321
-0.000906378
-0.00555932
-0.00446835
-0.00385401
-0.00625186
-0.0127552
-0.0224876
-0.0319275
-0.0361501
-0.0316434
-0.0193339
-0.00521661
0.00385625
0.00504314
0.000882192
0.000950878
-0.00551261
-0.00923454
-0.00855452
-0.00787624
-0.00919386
-0.0136564
-0.0206799
-0.0272079
-0.028681
-0.0218672
-0.00851596
0.00428328
0.00989249
0.00732756
0.000990118
-0.00110904
-0.0088697
-0.0108694
-0.00962612
-0.00857302
-0.00934819
-0.0127923
-0.0180169
-0.0220067
-0.0205942
-0.0112497
0.00295851
0.0137773
0.0153281
0.0089104
0.000572104
-0.00303077
-0.0104224
-0.0107751
-0.00853476
-0.00720074
-0.0079846
-0.0113131
-0.0157484
-0.0180379
-0.0142289
-0.00257589
0.0123133
0.0211072
0.0189913
0.00945031
-0.000260213
-0.0045184
-0.0113821
-0.010454
-0.00750631
-0.00588287
-0.00692839
-0.0105908
-0.0148975
-0.0162696
-0.0108063
0.0025153
0.0176932
0.0246536
0.0197059
0.00805938
-0.00237245
-0.00657326
-0.0135566
-0.0115383
-0.00769589
-0.00556071
-0.00654417
-0.0103515
-0.0146626
-0.0156056
-0.00932318
0.00452689
0.0190576
0.0240551
0.0169329
0.00416395
-0.00646698
-0.0103284
-0.0174267
-0.0138669
-0.00870123
-0.00540175
-0.00561524
-0.00903385
-0.0131801
-0.0140064
-0.00781522
0.00510298
0.0174506
0.0199431
0.0112164
-0.00203297
-0.0123193
-0.015634
-0.0214519
-0.0157655
-0.00874219
-0.00370126
-0.00251844
-0.00512675
-0.00904246
-0.0101122
-0.00505385
0.00528144
0.0140528
0.0136604
0.00377034
-0.00915391
-0.0183836
-0.0207387
-0.0229951
-0.0152313
-0.00624995
0.000727823
0.00340713
0.00151391
-0.00239513
-0.00431404
-0.00165471
0.00480884
0.00932401
0.00634729
-0.00367851
-0.0151543
-0.0225258
-0.0231492
-0.0200513
-0.0116259
-0.000999586
0.00747419
0.0111
0.00939652
0.00468952
0.00075323
0.000193202
0.00228697
0.00301906
-0.00118948
-0.00965649
-0.018317
-0.0231875
-0.0212525
-0.0129978
-0.0056328
0.00561189
0.0146182
0.0182593
0.0157982
0.00938554
0.00263073
-0.00167814
-0.00345103
-0.00491796
-0.00826754
-0.0133004
-0.0179976
-0.0202105
-0.0156356
-0.00463041
0.00040566
0.0111308
0.0194942
0.0220331
0.0176033
0.00860465
-0.00128417
-0.00878444
-0.012688
-0.0139359
-0.0142443
-0.0145566
-0.0150003
-0.0151008
-0.00856396
0.00220775
0.00423033
0.0133921
0.0199855
0.0198734
0.0127746
0.00073727
-0.0118027
-0.0208001
-0.0242787
-0.0227503
-0.0183755
-0.0136353
-0.0104777
-0.00946573
-0.0023677
0.011616
0.00816495
0.0132375
0.0182875
0.01931
0.0139623
0.00261114
-0.0112014
-0.0226799
-0.0280507
-0.0261014
-0.0185134
-0.00890705
-0.00130837
0.00188766
0.00908788
0.0168592
0.00738127
0.0137004
0.0163652
0.0128625
0.00318398
-0.0104779
-0.0240346
-0.0331582
-0.0349059
-0.0289072
-0.0177788
-0.00602263
0.00122899
0.000874775
0.0124812
0.00431781
-0.00516784
-0.00131265
0.000103134
-0.00468127
-0.0148066
-0.0276852
-0.0390102
-0.0444546
-0.0414798
-0.030827
-0.0168314
-0.00534922
-0.00111427
-0.00508853
0.00181986
-0.0043403
-0.0136647
-0.011852
-0.0110158
-0.0139897
-0.0211808
-0.0310651
-0.0398592
-0.0431193
-0.0380738
-0.0257435
-0.0114982
-0.0017707
-0.000329698
-0.00609947
-0.00309465
-0.0114278
-0.0186882
-0.0178262
-0.0169747
-0.0185336
-0.0233685
-0.0304147
-0.0363389
-0.0369821
-0.0298055
-0.0165056
-0.00340209
0.00302146
0.000798435
-0.00671257
-0.00731701
-0.0152597
-0.019417
-0.0184146
-0.0173023
-0.0181478
-0.0217581
-0.0269322
-0.0304542
-0.0285243
-0.0192223
-0.00534263
0.00575895
0.00818413
0.00235114
-0.00639161
-0.00957624
-0.0154851
-0.016704
-0.0149479
-0.0135818
-0.0143732
-0.0177467
-0.0220499
-0.0239367
-0.0198919
-0.00878602
0.00524052
0.0139219
0.0125046
0.00382965
-0.00547337
-0.00968776
-0.0138856
-0.0130265
-0.01034
-0.00866379
-0.00960402
-0.013122
-0.0170662
-0.0178886
-0.012319
-9.84389e-05
0.0134321
0.0194408
0.0147589
0.00414197
-0.00538573
-0.00908701
-0.012912
-0.0105423
-0.00662688
-0.00419994
-0.00481829
-0.008165
-0.0117382
-0.0118294
-0.00546734
0.00664058
0.0189064
0.0217948
0.0143839
0.00257231
-0.00667411
-0.0100175
-0.0136216
-0.00948523
-0.00380513
0.000153822
0.000654132
-0.00197081
-0.00500394
-0.00467087
0.00161244
0.0125125
0.0215314
0.0213131
0.0117289
-0.000752529
-0.00967418
-0.0122919
-0.0147348
-0.00838693
-0.000394633
0.00571078
0.0078302
0.00620085
0.00356361
0.00368829
0.00874224
0.0169462
0.0221948
0.0188692
0.00783817
-0.004651
-0.0128665
-0.0144505
-0.0136484
-0.00547941
0.00492265
0.0131916
0.0167697
0.0157074
0.0127701
0.0116948
0.014306
0.0188688
0.0203671
0.0148807
0.00379941
-0.00756929
-0.0144782
-0.0141688
-0.00859044
-0.000264658
0.0120436
0.0217821
0.0259156
0.0243907
0.0199366
0.0164935
0.0157372
0.0164983
0.015211
0.00936486
0.000205034
-0.00856362
-0.0135813
-0.010297
-0.0003725
0.00606284
0.0192157
0.0292522
0.0326781
0.0294822
0.0225141
0.0156572
0.0112215
0.00889634
0.00653862
0.00247921
-0.00281881
-0.00766208
-0.0105219
-0.00370123
0.00798057
0.0109941
0.0237963
0.0328428
0.034294
0.028405
0.0181663
0.00784855
0.000457492
-0.00333782
-0.00468742
-0.00512138
-0.00538544
-0.00584325
-0.00694211
0.00298751
0.0132251
0.0121644
0.0235442
0.0305808
0.0292197
0.0201487
0.00682829
-0.005998
-0.0146689
-0.0178339
-0.0162673
-0.0120014
-0.00717411
-0.00401739
-0.00408161
0.00737239
0.0179812
0.0108599
0.0188626
0.0247791
0.0240051
0.0156032
0.00183662
-0.0125973
-0.0230483
-0.0267388
-0.0234498
-0.0152843
-0.00567107
0.00132753
0.00263948
0.0143214
0.0239328
0.00814684
0.0158892
0.0180738
0.0119094
-0.00042872
-0.015217
-0.0279357
-0.034863
-0.0341949
-0.0265464
-0.0148738
-0.00314407
0.00343884
0.000330295
0.0169715
0.00875955
-0.00744338
-0.00242205
-0.00169423
-0.00791252
-0.0190266
-0.0318043
-0.0419606
-0.045849
-0.0417481
-0.0307903
-0.0169507
-0.00538569
-0.00100832
-0.00695941
0.00438811
-0.00350849
-0.0186171
-0.0161607
-0.0155627
-0.0196427
-0.0278275
-0.0377744
-0.0454944
-0.0471557
-0.0409191
-0.0281504
-0.013833
-0.00362448
-0.00179001
-0.00935602
-0.00355343
-0.0128511
-0.0245326
-0.0236143
-0.0229709
-0.0253358
-0.0309402
-0.0380321
-0.0430461
-0.0423627
-0.0342885
-0.0207369
-0.00732819
5.3667e-05
-0.00136871
-0.0101075
-0.00947784
-0.0174955
-0.0245904
-0.0239859
-0.023095
-0.0243942
-0.028393
-0.0334522
-0.0362506
-0.0334999
-0.0239812
-0.0103797
0.000998295
0.00470943
0.000106206
-0.00905626
-0.0121144
-0.0172801
-0.0201722
-0.0189379
-0.0176376
-0.0184341
-0.0217131
-0.0256244
-0.026908
-0.0226205
-0.0122289
0.000628746
0.00915997
0.00903055
0.00190575
-0.00699839
-0.0115619
-0.0142857
-0.0142756
-0.0118324
-0.00983348
-0.0102132
-0.0130666
-0.0162564
-0.0165003
-0.0112442
-0.00075334
0.010462
0.0155401
0.0118185
0.00289805
-0.00549466
-0.00972828
-0.0113532
-0.00932518
-0.00513313
-0.00180969
-0.00129586
-0.00346525
-0.00595527
-0.00545595
0.000132768
0.00975307
0.0183316
0.0196207
0.0127623
0.00247689
-0.00548122
-0.00875032
-0.00979127
-0.00562548
0.000894176
0.0062706
0.00829297
0.00712805
0.00530744
0.0061189
0.0112703
0.0190367
0.0241859
0.0217455
0.0122757
0.0011792
-0.00656343
-0.00899711
-0.00843207
-0.0018691
0.00741135
0.0152125
0.0188963
0.0185926
0.0169882
0.017368
0.0211404
0.0262543
0.0279112
0.022473
0.011424
-5.37166e-06
-0.00743647
-0.0088628
-0.00474348
0.00338595
0.0153262
0.025247
0.0299516
0.0296522
0.0272689
0.0261376
0.0276097
0.0297433
0.0285804
0.0216452
0.010656
-3.54885e-05
-0.00677055
-0.00619043
0.002632
0.0102395
0.0241617
0.0351266
0.0395737
0.0379376
0.03351
0.0296924
0.0282239
0.027636
0.0249651
0.0185411
0.00965492
0.00121779
-0.00431983
-0.00027481
0.0124283
0.0170186
0.0317959
0.0424765
0.045226
0.0409265
0.0332415
0.0261701
0.0217242
0.019245
0.0167017
0.0127381
0.00780246
0.0030722
-0.00114075
0.00753399
0.0211941
0.0210409
0.0354752
0.0446409
0.0446277
0.0369307
0.0256719
0.0154348
0.00872915
0.005655
0.00481069
0.00469856
0.00465714
0.00395122
0.00134897
0.0142834
0.025396
0.0199228
0.0329844
0.0398511
0.0366948
0.0257737
0.0117942
-0.000497728
-0.00806793
-0.0102473
-0.00819235
-0.00394688
0.000864608
0.00362268
0.0017269
0.0174156
0.0260916
0.0140942
0.0247865
0.0309352
0.0275903
0.0160816
0.000674039
-0.0132306
-0.0216009
-0.0228744
-0.0178747
-0.00911837
1.09659e-05
0.00577534
0.00413277
0.020073
0.0282799
0.00869601
0.0175426
0.0192975
0.0111385
-0.00278699
-0.0175087
-0.0283942
-0.0325774
-0.0294989
-0.0207155
-0.00942389
0.000901457
0.00575172
-0.000316419
0.0191706
0.0114427
-0.00880459
-0.00278482
-0.00219521
-0.00940184
-0.0212384
-0.0337321
-0.0426058
-0.0448614
-0.0396269
-0.0285945
-0.0154596
-0.00474212
-0.00098154
-0.00862767
0.0056637
-0.00297658
-0.021164
-0.0178751
-0.0173867
-0.0226298
-0.0318346
-0.0417614
-0.0482491
-0.0482518
-0.0409094
-0.0280274
-0.014278
-0.00442116
-0.00267628
-0.0115041
-0.00401393
-0.0136101
-0.0273381
-0.0261756
-0.0258521
-0.0292667
-0.035785
-0.0428459
-0.0467966
-0.0447258
-0.0358546
-0.0223937
-0.00930079
-0.00157778
-0.00233073
-0.011637
-0.0105659
-0.0185554
-0.0270737
-0.026774
-0.0262837
-0.0282577
-0.0327065
-0.0375018
-0.0394121
-0.035826
-0.0262434
-0.0132597
-0.0020928
0.00261196
-0.000586968
-0.00960229
-0.0130207
-0.0180461
-0.0221225
-0.0213698
-0.020212
-0.021
-0.0240535
-0.0273284
-0.0279211
-0.0235374
-0.0141147
-0.00269336
0.00545187
0.00670246
0.00148339
-0.00673253
-0.011888
-0.0144089
-0.0155335
-0.0133222
-0.0108574
-0.0103979
-0.0122358
-0.0144761
-0.0143028
-0.00977664
-0.0014221
0.00752306
0.0118019
0.00952278
0.00274132
-0.00467529
-0.00942985
-0.0105344
-0.00949827
-0.00504061
-0.000532199
0.00153993
0.000896254
-0.00050797
7.36754e-05
0.00421978
0.0108766
0.016349
0.0165854
0.0110146
0.00295058
-0.00403541
-0.00774928
-0.00765657
-0.00420316
0.00307158
0.0101412
0.0140492
0.0144991
0.0136232
0.0141738
0.0174205
0.0218579
0.0238138
0.0202994
0.0120875
0.00292212
-0.00403113
-0.00703118
-0.0045052
0.001523
0.0118538
0.0214433
0.0268063
0.0277334
0.0266734
0.0265234
0.0283591
0.0304648
0.0294909
0.023372
0.0135855
0.00376639
-0.00326941
-0.00547596
0.00133429
0.0087319
0.0217791
0.0331477
0.0388313
0.0390189
0.0366493
0.0349099
0.0348783
0.0349187
0.0321707
0.0251885
0.0154796
0.00599828
-0.000880548
-0.0010455
0.0107954
0.0170022
0.0319513
0.0437338
0.0481865
0.0461517
0.0412576
0.0370745
0.0349099
0.0334466
0.0303496
0.0244333
0.0167162
0.00900212
0.00272048
0.00654182
0.0220148
0.0242194
0.0399698
0.0508215
0.0525928
0.0471844
0.0389184
0.0318722
0.0276856
0.0254943
0.0234094
0.0201994
0.0160651
0.0114008
0.00606956
0.0153249
0.0310654
0.0275632
0.0430272
0.0519319
0.05023
0.0411465
0.0294974
0.0198338
0.0141892
0.0121611
0.0121433
0.0125968
0.0127572
0.0117715
0.00733528
0.0220839
0.0342694
0.0247267
0.0391208
0.0455834
0.0408331
0.0287235
0.0145967
0.00325365
-0.00291671
-0.00389705
-0.00118488
0.0031891
0.00758577
0.00953311
0.00547469
0.0241318
0.0316236
0.0158533
0.0292509
0.0353192
0.029479
0.015615
-0.000298002
-0.0126642
-0.018411
-0.0172992
-0.0110828
-0.0026236
0.00532062
0.00912461
0.00405802
0.0229614
0.0255715
0.00716805
0.0178972
0.0199448
0.0110113
-0.00333105
-0.0171623
-0.0259836
-0.0278156
-0.0232207
-0.0144999
-0.00491433
0.00271357
0.00474654
-0.00332545
0.0163782
0.00812355
-0.0102717
-0.00282286
-0.0016251
-0.00910954
-0.0213662
-0.0335944
-0.0413862
-0.0424184
-0.036684
-0.0263003
-0.0148742
-0.0060192
-0.00378744
-0.0120389
0.00282252
-0.00655809
-0.0221137
-0.0175775
-0.0169618
-0.0230541
-0.0331236
-0.0428891
-0.0482619
-0.0470082
-0.0392053
-0.027122
-0.0148897
-0.006501
-0.0056519
-0.0145168
-0.00689484
-0.0165311
-0.0279384
-0.0261473
-0.0261414
-0.0305941
-0.0379375
-0.0448028
-0.0477006
-0.0445915
-0.0355394
-0.0229487
-0.0110808
-0.00402622
-0.00469043
-0.0133819
-0.0125602
-0.0206434
-0.0278761
-0.0275929
-0.0275884
-0.0302969
-0.0350567
-0.0393851
-0.0403902
-0.0362538
-0.0270422
-0.0151921
-0.0048953
6.42207e-05
-0.00208291
-0.0101173
-0.0139702
-0.0194287
-0.0236964
-0.0232882
-0.0223475
-0.0231096
-0.0256446
-0.0281065
-0.0280498
-0.0238126
-0.0155471
-0.00568295
0.00187795
0.00416948
0.000669125
-0.0065559
-0.0120543
-0.0155365
-0.0180295
-0.0160597
-0.0131228
-0.0116816
-0.0122805
-0.0135
-0.0130659
-0.00947431
-0.00308529
0.00382806
0.00777631
0.00709018
0.00233739
-0.0043249
-0.0094361
-0.0116364
-0.0124083
-0.00786549
-0.0021717
0.00159992
0.0025802
0.00213498
0.00249829
0.00502084
0.00911004
0.0124553
0.0125788
0.00895708
0.00297125
-0.00358737
-0.0080154
-0.00850387
-0.00670369
0.000939041
0.00958638
0.0153872
0.0173653
0.0171217
0.0170344
0.0183065
0.0200904
0.0201888
0.0169666
0.0108724
0.0036858
-0.00314097
-0.00741893
-0.00449169
0.000113648
0.0109012
0.0219891
0.0288666
0.0308003
0.029917
0.0289009
0.0288686
0.0287861
0.0266063
0.0212664
0.0136865
0.0056519
-0.00154466
-0.00548074
0.00269864
0.0086521
0.0220853
0.0344716
0.0408895
0.0413458
0.0387496
0.0362103
0.0348501
0.0335664
0.0304602
0.0246558
0.0170613
0.00904448
0.00172868
-0.000150182
0.0135897
0.0179821
0.0332283
0.0453932
0.0496959
0.0472567
0.041945
0.0373502
0.0346865
0.032886
0.0301569
0.025563
0.0195777
0.0128216
0.0057755
0.00837807
0.0255747
0.025616
0.041725
0.0524694
0.0533861
0.0471811
0.0386168
0.0317512
0.0279538
0.0262735
0.0249693
0.0228364
0.0197351
0.0153106
0.00878845
0.0175798
0.0343237
0.0286735
0.0447087
0.0534499
0.0504754
0.0406491
0.0290256
0.0201098
0.0155011
0.0144427
0.0151983
0.0161669
0.0165397
0.0149143
0.0088991
0.0239722
0.0361855
0.0249095
0.0402366
0.0468359
0.0412296
0.0285531
0.0146701
0.00432094
-0.000593469
-0.000582756
0.00255926
0.00673258
0.0104228
0.011159
0.00524193
0.0248875
0.0310001
0.0158911
0.0312993
0.0371742
0.0295561
0.0144033
-0.000993661
-0.0112648
-0.0145056
-0.0116443
-0.00514559
0.00203851
0.007679
0.00866061
0.00076533
0.0207784
0.0162186
0.0049975
0.0174293
0.0202616
0.0114198
-0.00274166
-0.0156129
-0.0228098
-0.0232096
-0.018185
-0.0104953
-0.0032985
0.00110046
0.000118537
-0.00824047
0.00927764
-0.000463192
-0.0111935
-0.00211511
-4.17125e-06
-0.0074407
-0.0199671
-0.0319385
-0.0389289
-0.0392746
-0.0337147
-0.0246585
-0.0154515
-0.00905684
-0.00867192
-0.0159577
-0.00300023
-0.0131088
-0.0210787
-0.0151724
-0.0144636
-0.0212916
-0.0320057
-0.0415272
-0.0459907
-0.0440266
-0.0364813
-0.0258192
-0.0157512
-0.00943296
-0.0097702
-0.017138
-0.010909
-0.020581
-0.0261994
-0.0235941
-0.0240684
-0.0295358
-0.0374909
-0.044019
-0.046038
-0.0423746
-0.0337207
-0.0224792
-0.0122883
-0.0064869
-0.00742558
-0.014465
-0.0144241
-0.0224373
-0.0269907
-0.0265162
-0.0271536
-0.030545
-0.0354009
-0.0391101
-0.039339
-0.0349803
-0.0264357
-0.0158477
-0.00662234
-0.00191849
-0.00348519
-0.0100819
-0.0137679
-0.0202836
-0.0249513
-0.0247322
-0.0240505
-0.024703
-0.0265632
-0.0280844
-0.0274525
-0.0234689
-0.0162416
-0.00756541
-0.000422455
0.0025518
0.000168796
-0.00625312
-0.0111284
-0.0168535
-0.0217717
-0.0200396
-0.016683
-0.0142153
-0.0134733
-0.0136283
-0.0129706
-0.010183
-0.00516377
0.000642582
0.00486058
0.00562017
0.00222106
-0.00441385
-0.00924139
-0.0142525
-0.0180237
-0.0136173
-0.00689799
-0.00148245
0.00110502
0.00155665
0.00169867
0.00296046
0.00546556
0.00804184
0.00904009
0.00743078
0.0028769
-0.004257
-0.00931626
-0.0122516
-0.0131398
-0.00559753
0.00430633
0.0118253
0.0152054
0.0154668
0.0147728
0.0145831
0.0148888
0.0146619
0.01289
0.00915401
0.00341401
-0.00419201
-0.0101523
-0.00854094
-0.006222
0.00435731
0.0165035
0.0246708
0.0274494
0.0266162
0.0248027
0.0234367
0.0222743
0.0202796
0.0167643
0.0117227
0.00515434
-0.00279347
-0.00911563
-0.00114901
0.00290003
0.0159729
0.0289927
0.0359565
0.0365993
0.0337253
0.0304747
0.0282069
0.0264109
0.0239127
0.0200587
0.0148782
0.00825614
0.000312202
-0.00383243
0.0102286
0.0129127
0.0278033
0.0400465
0.0442202
0.0414775
0.0358245
0.0308855
0.0279327
0.0261965
0.0243235
0.0214362
0.0173508
0.0116398
0.00400265
0.00482272
0.022212
0.0210312
0.0370077
0.0475476
0.0479462
0.0412516
0.0325634
0.0258988
0.022452
0.0212835
0.0208084
0.0197915
0.0177173
0.0136251
0.00635625
0.0138905
0.0300499
0.0242289
0.0406326
0.0492167
0.0459575
0.0356765
0.0242608
0.0160416
0.0122379
0.0118674
0.0131475
0.0144235
0.0147769
0.0125614
0.00557296
0.0196355
0.0303059
0.0206104
0.0368672
0.0438991
0.0381725
0.0253228
0.0118661
0.00247247
-0.00143834
-0.000808233
0.00237269
0.005984
0.00860302
0.00790235
0.000939926
0.0194982
0.0240096
0.013617
0.0305768
0.0363952
0.0277928
0.0123112
-0.00198029
-0.0101772
-0.011469
-0.00768565
-0.00171582
0.00356121
0.00634763
0.00432862
-0.00493663
0.014187
0.00519781
0.00364976
0.0172557
0.0205725
0.011854
-0.0021835
-0.0144373
-0.0207003
-0.0204749
-0.0156261
-0.00910019
-0.00390844
-0.00213177
-0.00524132
-0.0123183
0.00156482
-0.00881086
-0.00975881
0.000465322
0.00284073
-0.00481713
-0.0176486
-0.0292695
-0.0355234
-0.0354573
-0.0303442
-0.0226681
-0.0154477
-0.0112079
-0.0120904
-0.0172721
-0.00760834
-0.0170829
-0.0167108
-0.00994693
-0.00979815
-0.0175685
-0.0288265
-0.0380134
-0.0417448
-0.039422
-0.0323533
-0.0230044
-0.0146709
-0.0100757
-0.0111381
-0.0162855
-0.0116697
-0.0202985
-0.0210023
-0.0179636
-0.0193314
-0.0259134
-0.0343395
-0.0404974
-0.0418659
-0.0379712
-0.0297873
-0.0196145
-0.010669
-0.00587223
-0.00695651
-0.0121309
-0.0116544
-0.0195561
-0.0234165
-0.0228263
-0.0242287
-0.0283049
-0.0331311
-0.0362286
-0.0358809
-0.0314462
-0.0233748
-0.013506
-0.00487225
-0.000390482
-0.00174678
-0.00738284
-0.00905236
-0.0172677
-0.0247191
-0.0245869
-0.0241599
-0.0246803
-0.0257884
-0.0264065
-0.025276
-0.0214169
-0.0146532
-0.00629226
0.000987038
0.00444252
0.00235403
-0.00425421
-0.00677507
-0.0160821
-0.0253606
-0.0237836
-0.0200522
-0.016615
-0.014539
-0.0136508
-0.012674
-0.0102806
-0.0056825
0.000240187
0.00533379
0.00717852
0.00405084
-0.00381269
-0.00718606
-0.0167121
-0.0247675
-0.0205831
-0.0130505
-0.00616125
-0.00204495
-0.000699269
-0.000558153
0.00011913
0.0022529
0.00539794
0.00793182
0.00791683
0.00377902
-0.00543215
-0.0104533
-0.0175885
-0.0218909
-0.0147394
-0.0039292
0.00507388
0.00973402
0.01051
0.00949309
0.00859511
0.00864421
0.00934991
0.00957181
0.00784056
0.00256431
-0.00675661
-0.0141964
-0.0157954
-0.015945
-0.00598545
0.00682649
0.0160633
0.0195945
0.0188392
0.0164963
0.0144446
0.0131832
0.0123305
0.0110681
0.00823187
0.00243161
-0.00670992
-0.0151634
-0.00921678
-0.00707302
0.00522356
0.0184798
0.0259301
0.0267652
0.0236658
0.0198927
0.017127
0.0154038
0.0140722
0.0123635
0.00934314
0.00375011
-0.0048313
-0.011129
0.00168844
0.00315347
0.0173171
0.0294439
0.0335867
0.0306611
0.0247434
0.0195329
0.016422
0.0149307
0.0140712
0.0128893
0.010529
0.00575652
-0.00210076
-0.00306538
0.0130593
0.0118571
0.0273872
0.0376824
0.0378269
0.0308678
0.0221468
0.0156469
0.0124378
0.0116502
0.0118871
0.011875
0.0106974
0.00697966
-0.000374246
0.00558509
0.0199059
0.0159707
0.0323987
0.0409134
0.0375375
0.0271519
0.0160713
0.00848759
0.00526262
0.00528546
0.00682853
0.00825015
0.00844266
0.00575134
-0.00133804
0.0108643
0.0190295
0.0137655
0.0305473
0.0378974
0.0322809
0.0195667
0.00678211
-0.00159162
-0.00467236
-0.0037542
-0.000860701
0.00198281
0.00339431
0.001385
-0.00550585
0.0104508
0.01336
0.010658
0.0281341
0.033533
0.0244083
0.00919184
-0.00379306
-0.010254
-0.0102618
-0.00618267
-0.00103113
0.00245188
0.00273766
-0.00155706
-0.010347
0.00596134
-0.00221519
0.00461466
0.0183626
0.0211977
0.0120994
-0.00207902
-0.0140036
-0.0198383
-0.0194667
-0.0148325
-0.00883861
-0.00449723
-0.00393821
-0.00773075
-0.012829
-0.00273127
-0.010684
-0.00449542
0.00579941
0.00713912
-0.00144547
-0.0145687
-0.0256643
-0.0311487
-0.0306863
-0.0257768
-0.018838
-0.0126924
-0.00961576
-0.0107974
-0.013796
-0.00643462
-0.0129794
-0.00813069
-0.00162916
-0.00288927
-0.0119849
-0.0237271
-0.0325594
-0.0357058
-0.0330873
-0.0261425
-0.0173027
-0.00967833
-0.00582406
-0.00691866
-0.0102542
-0.00477443
-0.011024
-0.011859
-0.00900745
-0.0116926
-0.0195214
-0.0283741
-0.0342598
-0.0352066
-0.031098
-0.0229296
-0.0128958
-0.00420103
0.000289359
-0.000778449
-0.00506943
-0.00149354
-0.00867361
-0.0164555
-0.0159
-0.0181074
-0.0228738
-0.0276941
-0.0303532
-0.0296005
-0.0249691
-0.0167365
-0.00660219
0.00225671
0.00673617
0.00508406
-0.000835011
0.00195411
-0.00839554
-0.0218214
-0.0215999
-0.0213122
-0.0217312
-0.0222019
-0.0220742
-0.0204845
-0.0164008
-0.00926821
-0.000214104
0.00776074
0.0114008
0.00853953
0.000512921
0.00218315
-0.0117473
-0.0270352
-0.0253411
-0.0212166
-0.0169729
-0.0137397
-0.0118916
-0.0104854
-0.00784345
-0.00270356
0.0042878
0.0105765
0.0127646
0.00847787
-0.00155841
-0.00238729
-0.0175783
-0.030425
-0.026263
-0.0180631
-0.00997507
-0.00450792
-0.00227206
-0.00186509
-0.00107571
0.00171879
0.00631529
0.0104225
0.0109684
0.00551454
-0.00582397
-0.0104179
-0.0228538
-0.0304778
-0.0236186
-0.0121749
-0.00196659
0.00384584
0.00518238
0.00413646
0.00317468
0.00385243
0.00615884
0.00826805
0.00745713
0.00144164
-0.0101271
-0.0183765
-0.0241507
-0.0264523
-0.0170876
-0.00388523
0.00625168
0.0104864
0.00987468
0.00722962
0.00495243
0.00416907
0.00481361
0.00550877
0.00395553
-0.00197771
-0.0125023
-0.0224109
-0.0195132
-0.0186581
-0.00713538
0.00615869
0.0141076
0.0151743
0.0119193
0.00775484
0.00469584
0.00326793
0.00315265
0.00322524
0.00165253
-0.00349776
-0.0125876
-0.0203443
-0.00991968
-0.00874338
0.00462016
0.0166249
0.0208995
0.0179037
0.0118039
0.00634807
0.00302454
0.00172019
0.00171462
0.00190383
0.000808457
-0.00331748
-0.0110222
-0.0133388
0.00052402
0.000569302
0.0154908
0.025573
0.0256841
0.0186264
0.00996917
0.00358505
0.000416137
-0.000252209
0.000450583
0.00122872
0.000746609
-0.00260885
-0.00945399
-0.00507788
0.00681155
0.00633315
0.022421
0.0307436
0.0273342
0.0170438
0.00644807
-0.000560004
-0.00343297
-0.00332958
-0.00175529
-0.000238624
-0.000166689
-0.00309532
-0.00945399
0.000403659
0.00653277
0.007006
0.023554
0.0306214
0.025015
0.0126764
0.000883784
-0.00639555
-0.00886214
-0.00794424
-0.00548056
-0.00330415
-0.00282385
-0.00555718
-0.0113743
0.00117801
0.00373557
0.00885242
0.0255391
0.0298317
0.0203408
0.00572477
-0.00594727
-0.0111729
-0.0105987
-0.0066275
-0.00208969
0.000382178
-0.000711837
-0.00589016
-0.0128325
-0.000437474
-0.00296955
0.00799646
0.0205547
0.0220416
0.0122871
-0.00190103
-0.0135687
-0.0194199
-0.0192904
-0.0146731
-0.00822722
-0.00325409
-0.00218841
-0.0052801
-0.00864789
-0.00123881
-0.00316022
0.00443145
0.0130818
0.0124091
0.00246929
-0.0108388
-0.0214029
-0.0262863
-0.0253798
-0.0200432
-0.0126646
-0.00622
-0.0030281
-0.00371594
-0.00547092
0.00197953
0.0018523
0.00373375
0.00883086
0.00554719
-0.00503322
-0.0172018
-0.0258367
-0.0286331
-0.0256078
-0.0180248
-0.00843093
-0.000198729
0.003959
0.00315431
0.000596468
0.00853707
0.00705982
0.000151449
0.00221274
-0.00196118
-0.0109759
-0.0202515
-0.026085
-0.0268129
-0.0222739
-0.0133103
-0.00224563
0.0072338
0.0119597
0.0105786
0.00610351
0.0149319
0.00880844
-0.00679128
-0.00638473
-0.00926624
-0.0146512
-0.0195565
-0.0220064
-0.020945
-0.0157908
-0.00658722
0.00476771
0.0144379
0.0188439
0.0160851
0.00884836
0.0176307
0.00470699
-0.0161458
-0.0155793
-0.0152807
-0.0156526
-0.015698
-0.0150231
-0.0129353
-0.00819598
7.85198e-05
0.0105195
0.0192546
0.022423
0.017699
0.00741261
0.0139518
-0.00485842
-0.0258201
-0.0236088
-0.0190381
-0.0142327
-0.0101416
-0.00746933
-0.00544981
-0.00210431
0.00429015
0.0129149
0.0198644
0.0212845
0.0146771
0.00190915
0.00393888
-0.0168392
-0.0333026
-0.028703
-0.0199384
-0.0110079
-0.00447231
-0.00139829
-0.000510732
0.000830651
0.00482193
0.0110281
0.0159846
0.0157848
0.00800075
-0.00595183
-0.00951362
-0.0271064
-0.0367244
-0.0296817
-0.0177704
-0.00667219
0.000128057
0.00204319
0.00114582
0.000411495
0.00203126
0.0058602
0.00896677
0.00772028
-0.000143421
-0.0137215
-0.021993
-0.0320769
-0.0353029
-0.0260787
-0.0125804
-0.00165049
0.00329372
0.0028869
3.797e-05
-0.00238106
-0.00263404
-0.000769994
0.000992354
-0.000500216
-0.0074191
-0.0192065
-0.0294073
-0.030079
-0.0293579
-0.0182087
-0.00476031
0.00380443
0.00530387
0.00200801
-0.00254659
-0.00600023
-0.00731362
-0.00660237
-0.00550171
-0.0066148
-0.0120177
-0.0214737
-0.0296918
-0.0223469
-0.0203336
-0.00748769
0.00461831
0.00936351
0.00667302
0.000560046
-0.00519723
-0.0089877
-0.0104881
-0.0100683
-0.00905646
-0.00954713
-0.0134844
-0.0208543
-0.0239899
-0.0128025
-0.0105846
0.00373619
0.0138452
0.0143275
0.00765619
-0.000708322
-0.00710353
-0.0106554
-0.0116922
-0.0108939
-0.00960592
-0.00962095
-0.012688
-0.0187039
-0.0159151
-0.00594876
-0.00271104
0.0126281
0.0208095
0.0175944
0.00788642
-0.00195736
-0.00855966
-0.0116414
-0.0119537
-0.0105243
-0.00888176
-0.00867251
-0.0114037
-0.0165139
-0.00931441
-0.00360045
0.00194633
0.017336
0.0234765
0.0180027
0.00649509
-0.00404338
-0.0105103
-0.0129337
-0.0123754
-0.0102564
-0.0082344
-0.00798188
-0.0105642
-0.0146904
-0.00569633
-0.0013828
0.00883917
0.0236202
0.0263206
0.0168479
0.00324419
-0.0072407
-0.0120505
-0.0118317
-0.00834828
-0.00393804
-0.00126403
-0.00213694
-0.00663086
-0.0112501
-0.00262795
0.00306391
0.0122143
0.0221244
0.022241
0.0127881
-0.000436619
-0.0117122
-0.018022
-0.018635
-0.0140551
-0.00651516
0.00030473
0.0033125
0.001925
-0.000227571
0.00576936
0.0114833
0.0142412
0.0202529
0.0174087
0.00663826
-0.00641999
-0.0165905
-0.0213406
-0.0201482
-0.0138564
-0.00491345
0.00313319
0.0075389
0.00763627
0.0064566
0.0154535
0.0217175
0.0158959
0.019033
0.0139885
0.00250763
-0.00972421
-0.0183562
-0.0212491
-0.017915
-0.00915042
0.00228729
0.0122471
0.0174392
0.016885
0.0139473
0.0260572
0.0280204
0.0123871
0.0134466
0.00815941
-0.00134439
-0.0107759
-0.0167787
-0.0176627
-0.0127449
-0.00242874
0.010544
0.0215104
0.0266808
0.0245994
0.0188326
0.0330075
0.0269046
0.00364435
0.00400093
0.00090246
-0.00464561
-0.00958097
-0.0121151
-0.0110511
-0.00534834
0.00529772
0.0184397
0.0290977
0.0330814
0.0286195
0.0193761
0.0329299
0.0174077
-0.00864291
-0.00744696
-0.00676347
-0.00697099
-0.00683076
-0.00599217
-0.00365986
0.00180516
0.0115543
0.023565
0.0327231
0.0345994
0.0274211
0.0147257
0.0245094
0.00188927
-0.0216569
-0.0184671
-0.0132871
-0.00814388
-0.00371473
-0.000661475
0.00179125
0.00591201
0.0137514
0.0236817
0.0306844
0.0303126
0.0208172
0.00556919
0.00936247
-0.015358
-0.0325186
-0.0268746
-0.0175232
-0.00819275
-0.00118125
0.00232869
0.00357073
0.00552858
0.0107406
0.0181156
0.0228775
0.0207663
0.0101149
-0.00599679
-0.00862327
-0.0298699
-0.0391357
-0.0312079
-0.0189019
-0.00738883
-3.23161e-05
0.00226532
0.00145448
0.000921063
0.00334936
0.00818141
0.0110708
0.00816482
-0.00206696
-0.0172389
-0.0247639
-0.0382774
-0.0407021
-0.0309163
-0.0171681
-0.00570237
-5.04401e-05
-0.000137166
-0.00321498
-0.00595872
-0.00600205
-0.0036073
-0.0019564
-0.00452143
-0.0129098
-0.0256796
-0.0350886
-0.0391052
-0.037274
-0.025986
-0.0123492
-0.00292497
-0.000435584
-0.0033305
-0.00830568
-0.0125575
-0.0142622
-0.0132897
-0.0120247
-0.0136953
-0.0200485
-0.0298455
-0.0376312
-0.0334229
-0.0298207
-0.0173817
-0.00503598
0.000981857
-0.000282508
-0.00570797
-0.0119168
-0.0168297
-0.0191856
-0.018887
-0.0176696
-0.0182959
-0.0226062
-0.0297157
-0.0332761
-0.024508
-0.0201363
-0.00686603
0.00343877
0.0055578
0.000810005
-0.00648205
-0.0133221
-0.0181052
-0.0202946
-0.0198858
-0.0184263
-0.0182813
-0.0212006
-0.026338
-0.0251611
-0.0160528
-0.0103229
0.00321117
0.0111669
0.00972738
0.00229038
-0.00618701
-0.0130319
-0.0173576
-0.0188138
-0.0178068
-0.0159667
-0.0153793
-0.0175054
-0.02116
-0.0166711
-0.00927591
-0.00154764
0.0112755
0.0165311
0.0122573
0.00301333
-0.00610364
-0.0125765
-0.0159556
-0.0161834
-0.0142258
-0.0118731
-0.0110339
-0.0126066
-0.0149685
-0.0089709
-0.000873533
0.00942595
0.0214635
0.0227266
0.0146215
0.00322331
-0.00611564
-0.0115445
-0.0127611
-0.0103184
-0.00574278
-0.00185695
-0.00104163
-0.00354251
-0.00587583
-1.18699e-05
0.017764
0.0212406
0.0270454
0.024883
0.0157886
0.00515641
-0.00278973
-0.00683732
-0.00716176
-0.00375904
0.00236796
0.00851257
0.0119296
0.0118291
0.0110022
0.018078
0.030462
0.0253124
0.0276202
0.0225907
0.0121724
0.00157308
-0.00574184
-0.00876627
-0.00742322
-0.00182034
0.00654026
0.0145516
0.0194677
0.0203413
0.0195742
0.0311502
0.0410738
0.0268276
0.0277483
0.0222248
0.0122796
0.00254099
-0.00411666
-0.00674721
-0.00456093
0.00302885
0.0142698
0.0249631
0.0310432
0.0309631
0.0275742
0.0424245
0.0450058
0.0230274
0.0237953
0.0198653
0.012134
0.00473845
-0.00046935
-0.00238172
0.000616305
0.00981759
0.0231577
0.0351582
0.0408959
0.0383508
0.0312468
0.0473216
0.0399256
0.0139909
0.0156136
0.0144369
0.0107184
0.00689752
0.004028
0.00335442
0.00713925
0.0172603
0.0313838
0.0430537
0.0468138
0.0407476
0.0294073
0.0435882
0.0264906
0.000953974
0.00418147
0.00672421
0.00762231
0.00782154
0.00757522
0.00818684
0.0124334
0.0226201
0.0361886
0.0461479
0.046949
0.0371265
0.0218814
0.0313026
0.00733724
-0.0137356
-0.0084622
-0.00203171
0.00332009
0.00712749
0.00893316
0.0101678
0.013927
0.0233071
0.035154
0.0425826
0.0402765
0.0275486
0.00978062
0.0129225
-0.0130306
-0.0271637
-0.0197801
-0.00995561
-0.00106866
0.00509766
0.00779838
0.00866483
0.0111889
0.0181474
0.0273245
0.0321583
0.0277078
0.013701
-0.00468169
-0.00754219
-0.0302447
-0.0368736
-0.0275724
-0.0151582
-0.00412256
0.0027632
0.00481449
0.00401063
0.00402169
0.00778826
0.0139243
0.0167697
0.0116147
-0.00173831
-0.0187146
-0.0257258
-0.0409786
-0.041105
-0.0301444
-0.0162461
-0.00488052
0.000910533
0.000917749
-0.00240397
-0.00539699
-0.00505053
-0.00182503
1.75288e-05
-0.0044307
-0.0156099
-0.0296573
-0.0379384
-0.0436438
-0.0393084
-0.0269002
-0.0129298
-0.00296927
0.00019454
-0.0026373
-0.00852441
-0.0140416
-0.0164042
-0.0154983
-0.0145137
-0.0174239
-0.0253309
-0.0355453
-0.042178
-0.0388578
-0.0320371
-0.0187391
-0.00584955
0.00121362
0.000884683
-0.00471833
-0.0123333
-0.0191021
-0.022867
-0.023147
-0.0223844
-0.0239039
-0.029079
-0.0358786
-0.0388419
-0.0291285
-0.0209709
-0.00746239
0.00321898
0.00647807
0.00263465
-0.00487211
-0.0127598
-0.0193151
-0.0227666
-0.0231324
-0.0224272
-0.0232865
-0.0268395
-0.031176
-0.0302479
-0.0174285
-0.00830801
0.00433829
0.0118625
0.0110731
0.0043935
-0.00377872
-0.0107892
-0.0155679
-0.017565
-0.0173902
-0.0167663
-0.0175661
-0.0202916
-0.0228572
-0.0191527
-0.00503402
0.00430241
0.0146846
0.0181321
0.0136317
0.00521597
-0.00235912
-0.0074891
-0.0101946
-0.0103097
-0.00937257
-0.00866959
-0.00934901
-0.0112992
-0.0121983
-0.00682864
0.00960929
0.0179072
0.0256208
0.0250038
0.0172339
0.00792699
0.00169355
-0.00130614
-0.00203774
-0.00152361
0.000812088
0.00322714
0.00379727
0.00236735
0.00179733
0.00805556
)
;

boundaryField
{
    patch0_half0
    {
        type            cyclic;
    }
    patch0_half1
    {
        type            cyclic;
    }
    patch1_half0
    {
        type            cyclic;
    }
    patch1_half1
    {
        type            cyclic;
    }
    patch2_half0
    {
        type            cyclic;
    }
    patch2_half1
    {
        type            cyclic;
    }
}


// ************************************************************************* //
