/*--------------------------------*- C++ -*----------------------------------*\
| =========                 |                                                 |
| \\      /  F ield         | OpenFOAM: The Open Source CFD Toolbox           |
|  \\    /   O peration     | Version:  3.0.0                                 |
|   \\  /    A nd           | Web:      www.OpenFOAM.org                      |
|    \\/     M anipulation  |                                                 |
\*---------------------------------------------------------------------------*/
FoamFile
{
    version     2.0;
    format      ascii;
    class       volScalarField;
    location    "2.25";
    object      p;
}
// * * * * * * * * * * * * * * * * * * * * * * * * * * * * * * * * * * * * * //

dimensions      [0 2 -2 0 0 0 0];

internalField   nonuniform List<scalar> 
4096
(
0.0287768
0.0261325
0.0247106
0.0167882
0.00434612
-0.00677466
-0.0119926
-0.0106034
-0.00437177
0.00461354
0.0138458
0.0207315
0.0237759
0.0234688
0.0222947
0.0273129
0.0323765
0.0235081
0.0218255
0.0155585
0.00679649
0.000415992
-0.000578181
0.00383815
0.0122348
0.0225738
0.0318626
0.0369615
0.0368187
0.0324023
0.026846
0.0319713
0.0334267
0.0189283
0.0191528
0.0167348
0.0131646
0.011957
0.0147256
0.0211184
0.0302338
0.0404771
0.0487269
0.0514404
0.047588
0.0383805
0.0279072
0.033732
0.0303172
0.0122458
0.0157898
0.018458
0.0204879
0.0240294
0.0296789
0.0372491
0.04658
0.0564609
0.063254
0.0630347
0.0548043
0.0404823
0.0249297
0.0310649
0.0224195
0.00371379
0.0110222
0.0188482
0.0260885
0.0335612
0.0412705
0.0494283
0.0585571
0.067651
0.0726723
0.0693076
0.056805
0.03768
0.0179316
0.0232641
0.0100294
-0.00580808
0.00487073
0.0168804
0.0279806
0.0379165
0.0463724
0.0541043
0.0622902
0.0702163
0.0736005
0.0677079
0.0519726
0.0296547
0.00751789
0.0109125
-0.00392545
-0.014615
-0.00157373
0.0129836
0.0259472
0.0362752
0.0435933
0.0492817
0.0554075
0.0616629
0.0639205
0.0569448
0.040078
0.017097
-0.0049874
-0.003832
-0.01651
-0.0209436
-0.0066708
0.00861602
0.0212297
0.0296407
0.0336966
0.0354855
0.0380821
0.0422806
0.0439915
0.0377797
0.0224338
0.00167831
-0.0177321
-0.0181107
-0.0252282
-0.0234946
-0.00897903
0.00538205
0.0155571
0.0198595
0.0187143
0.0151236
0.0132583
0.0149385
0.0168572
0.0131113
0.00174102
-0.0141926
-0.0286886
-0.0291262
-0.0285349
-0.0216768
-0.00765424
0.00441024
0.0104066
0.00888419
0.00128544
-0.00823506
-0.0145839
-0.0151076
-0.0125407
-0.0126318
-0.0183257
-0.0277595
-0.0359583
-0.0347817
-0.0259621
-0.0156842
-0.00266638
0.00605344
0.00670968
-0.00147965
-0.0156034
-0.0302773
-0.0399632
-0.0418294
-0.0382193
-0.0340902
-0.033625
-0.036396
-0.0380571
-0.0340017
-0.0182023
-0.00632584
0.00493123
0.00976879
0.00469898
-0.0097696
-0.0289741
-0.0465938
-0.0574057
-0.0590344
-0.053527
-0.0460673
-0.040616
-0.0375766
-0.034178
-0.0270309
-0.00707476
0.00461109
0.0135484
0.014241
0.00394971
-0.0150882
-0.0365558
-0.0539152
-0.0630066
-0.0627645
-0.055477
-0.0457623
-0.0373181
-0.0310483
-0.024752
-0.0155998
0.00493222
0.0149843
0.0210399
0.0177627
0.00362127
-0.017292
-0.0376085
-0.0515497
-0.0567517
-0.0536103
-0.0447338
-0.0342598
-0.0253141
-0.0184809
-0.0117353
-0.00231015
0.0158336
0.0229322
0.0258128
0.0192176
0.00326405
-0.0165443
-0.0327344
-0.0412812
-0.0417562
-0.035728
-0.026111
-0.0163568
-0.0087641
-0.00334393
0.00201153
0.0103438
0.0250924
0.0278883
0.0277856
0.0192491
0.00431039
-0.0108504
-0.0205807
-0.0231635
-0.0201486
-0.013435
-0.00498131
0.00280781
0.0082128
0.0113885
0.0143633
0.0211641
0.0282854
0.0212442
0.0177706
0.0112026
0.00183092
-0.00703071
-0.0133515
-0.0155122
-0.0125472
-0.00451426
0.00650739
0.0169075
0.0237716
0.0260233
0.0251909
0.0278379
0.0316926
0.0208438
0.0181633
0.0130943
0.00619385
5.02401e-05
-0.00333162
-0.00238612
0.0039737
0.0150542
0.0273671
0.0362134
0.0390225
0.0360274
0.0300089
0.0319492
0.0320057
0.0181884
0.0178428
0.0163634
0.0139
0.0123711
0.0129368
0.0166766
0.0247104
0.036274
0.047541
0.0531113
0.0509602
0.0422435
0.0310422
0.0328036
0.0275704
0.0128606
0.016045
0.0191707
0.0216919
0.0247101
0.0287322
0.034645
0.0437223
0.0551728
0.0643127
0.0658146
0.0580606
0.0434466
0.0273999
0.028827
0.0185757
0.00552487
0.0125706
0.0204202
0.0276497
0.0344855
0.0409984
0.0481285
0.05736
0.0678504
0.0745769
0.0719066
0.0589289
0.0392787
0.0195695
0.0201979
0.00709641
-0.00255425
0.00791434
0.0196223
0.030273
0.0393114
0.0465763
0.0533317
0.0615124
0.0705351
0.0751127
0.0693505
0.0527187
0.0300035
0.00854548
0.00818288
-0.00507406
-0.0100006
0.00293187
0.0168818
0.0288682
0.0377762
0.0434844
0.0478574
0.0536677
0.0609056
0.0642573
0.0573683
0.0397293
0.0166075
-0.00427894
-0.00534658
-0.0157557
-0.0156783
-0.00153678
0.0127318
0.023712
0.0300525
0.0319934
0.0321899
0.0345061
0.0398202
0.0430365
0.0372669
0.0214566
0.000773896
-0.0172384
-0.0182414
-0.0234199
-0.0188596
-0.00477097
0.00802202
0.0159437
0.01778
0.0144481
0.00950181
0.00780232
0.0112291
0.015138
0.0122641
0.000664419
-0.0152324
-0.0285644
-0.0284904
-0.0269911
-0.0190569
-0.00608365
0.00381455
0.00731911
0.00363581
-0.00540632
-0.0153984
-0.0208102
-0.0190514
-0.0141078
-0.0131814
-0.0191686
-0.0288652
-0.0364577
-0.0343719
-0.0257884
-0.0160188
-0.00500822
0.00116552
-0.000254016
-0.00940074
-0.0234522
-0.0373662
-0.045482
-0.0449309
-0.0389926
-0.0342666
-0.0344132
-0.037632
-0.0393434
-0.0346698
-0.0198028
-0.0099138
-0.00159707
0.000610185
-0.00541855
-0.0189256
-0.0363041
-0.0522676
-0.0615355
-0.0614071
-0.054646
-0.046887
-0.0420291
-0.0395118
-0.0362027
-0.029088
-0.0100723
-0.00171771
0.00346358
0.00193738
-0.00768225
-0.0237896
-0.0422656
-0.058014
-0.0667702
-0.0662807
-0.0586864
-0.0488254
-0.0404088
-0.0338162
-0.0271519
-0.0186148
0.00143636
0.00696879
0.0089076
0.00425625
-0.00760702
-0.0243854
-0.0418319
-0.0555435
-0.0621013
-0.0601612
-0.051584
-0.0404437
-0.0301356
-0.0215992
-0.0138077
-0.00542206
0.0127545
0.0146415
0.0136548
0.00676368
-0.00593421
-0.0216993
-0.0365748
-0.0469819
-0.0504448
-0.0463061
-0.0364976
-0.0247028
-0.0140681
-0.00569038
0.00108316
0.00798097
0.0233688
0.0207857
0.0175035
0.00993191
-0.00112783
-0.0129218
-0.0229026
-0.0293015
-0.0306573
-0.0260861
-0.0166347
-0.00541127
0.0043405
0.0112685
0.0156534
0.0206472
0.0249864
0.0175226
0.0130749
0.00721406
-3.60637e-05
-0.00732468
-0.0133609
-0.0165741
-0.0152576
-0.00860782
0.00189318
0.0127447
0.0206837
0.0240948
0.0238467
0.024612
0.0248659
0.0156205
0.0125924
0.00867894
0.00355777
-0.00162011
-0.00547067
-0.00603195
-0.00129246
0.00885784
0.0213055
0.0310575
0.0349475
0.0328194
0.0271493
0.0258792
0.0225496
0.0123883
0.0120249
0.0119572
0.0114378
0.010929
0.0109617
0.0130144
0.0191828
0.0296282
0.0411406
0.0474823
0.0462235
0.0382665
0.0275114
0.0248674
0.016494
0.00734258
0.01077
0.0152528
0.019415
0.0231207
0.0264209
0.0305993
0.037882
0.0483756
0.0577947
0.0600293
0.0528764
0.0388068
0.023347
0.0196992
0.00784706
0.00135374
0.00878652
0.0175507
0.0256532
0.0324339
0.0377926
0.0431378
0.0509514
0.0609114
0.0682283
0.066346
0.0537243
0.0344623
0.0155393
0.0112795
-0.00160864
-0.00459132
0.0061789
0.0180661
0.0285333
0.0365522
0.0421089
0.0470298
0.0541486
0.0634631
0.0692426
0.0644766
0.0481476
0.0257353
0.00528078
0.000984871
-0.010513
-0.00982065
0.00304373
0.0162728
0.0269649
0.0339606
0.0375475
0.0402139
0.0455609
0.053945
0.0592089
0.0536635
0.0363539
0.0135209
-0.00622461
-0.0098407
-0.0179556
-0.0139662
-0.000447992
0.0122423
0.0210551
0.0249493
0.0247186
0.0236242
0.0262108
0.0334678
0.0391892
0.0350337
0.0195928
-0.000831602
-0.0177485
-0.0199672
-0.0233024
-0.0166618
-0.00376044
0.00684241
0.0121848
0.0115686
0.00646283
0.000920489
0.000213857
0.00616538
0.0128403
0.0115854
0.000245358
-0.0155377
-0.0279699
-0.028149
-0.0257635
-0.0172731
-0.00591252
0.00157038
0.00260179
-0.00303158
-0.0131029
-0.0229023
-0.026707
-0.0222115
-0.0146809
-0.0125109
-0.0185459
-0.0283557
-0.0353633
-0.0330184
-0.0244266
-0.0151133
-0.00593596
-0.00203385
-0.00542328
-0.0156658
-0.0298529
-0.0428872
-0.0490483
-0.0459739
-0.0380347
-0.0327544
-0.0333575
-0.0368928
-0.0382945
-0.0332647
-0.018839
-0.00996604
-0.00349022
-0.00316091
-0.0103919
-0.0241256
-0.0408836
-0.0555935
-0.0629628
-0.0609383
-0.0529803
-0.0453031
-0.0411691
-0.039054
-0.0355596
-0.0282248
-0.00966022
-0.00260778
0.000838526
-0.00206247
-0.0121225
-0.0277398
-0.0452218
-0.059849
-0.0670706
-0.0654163
-0.0574363
-0.0480215
-0.0402563
-0.0338755
-0.0270393
-0.0185228
0.00123155
0.00530908
0.00567666
0.000163308
-0.0115019
-0.0274228
-0.0439072
-0.0568401
-0.0627459
-0.0604261
-0.0519047
-0.0411064
-0.0310122
-0.0222971
-0.0142423
-0.00606499
0.0116867
0.0121345
0.00978197
0.00252742
-0.0095885
-0.0245024
-0.0388913
-0.0493124
-0.0529056
-0.0488824
-0.0390998
-0.0271356
-0.016047
-0.00704742
9.95862e-05
0.006449
0.0218333
0.0177329
0.013094
0.00587574
-0.0036036
-0.0139426
-0.0236461
-0.0309502
-0.0336682
-0.0301984
-0.0211086
-0.00933009
0.00167561
0.00998953
0.0151059
0.0190688
0.0187284
0.0129418
0.0091135
0.00452858
-0.0014404
-0.00845427
-0.0154214
-0.0203756
-0.0209253
-0.0156854
-0.00574348
0.00549853
0.0143546
0.0188334
0.0193048
0.0190007
0.013695
0.00767918
0.00545852
0.00286954
-0.00125103
-0.0065519
-0.0115868
-0.0138517
-0.0106602
-0.00146381
0.0109241
0.0213505
0.0260425
0.024529
0.0193149
0.0158767
0.00805917
0.00224643
0.00253554
0.00377732
0.00442351
0.00403897
0.00310382
0.00361198
0.00827359
0.01779
0.029199
0.0361378
0.0355138
0.0280945
0.0179658
0.0122963
0.000310822
-0.00366593
0.00017244
0.00570492
0.0107601
0.0145222
0.016969
0.0198186
0.0257842
0.0355589
0.0450403
0.047804
0.0411244
0.0275443
0.0129407
0.00586406
-0.00770234
-0.00882441
-0.0012079
0.00796645
0.0163559
0.0227684
0.027127
0.0312329
0.0378237
0.0476919
0.0554367
0.0542001
0.0420371
0.0233277
0.00553405
-0.00195725
-0.0143938
-0.0124352
-0.00182662
0.00974365
0.0196786
0.0266475
0.0309018
0.0346578
0.0411251
0.050694
0.057375
0.05352
0.037799
0.0160741
-0.00297832
-0.00981819
-0.0192082
-0.0145769
-0.00231511
0.00982217
0.0191116
0.0244424
0.0265015
0.0281689
0.0333556
0.0426082
0.0492909
0.0449799
0.0284421
0.00638301
-0.0117828
-0.0170281
-0.0223881
-0.0157683
-0.0033227
0.00762941
0.0144039
0.0162947
0.0145927
0.0129331
0.0159798
0.0247279
0.03225
0.029432
0.0147222
-0.00487829
-0.0202798
-0.0232477
-0.0242224
-0.0162193
-0.00474453
0.00371853
0.00680707
0.00427685
-0.0018903
-0.00737411
-0.00680029
0.0011226
0.00965934
0.00950997
-0.00147728
-0.0166276
-0.0277963
-0.0280851
-0.0243173
-0.0154321
-0.00566535
-0.000336225
-0.00135475
-0.00842049
-0.0188576
-0.027766
-0.0296491
-0.0229703
-0.0139072
-0.0112808
-0.0174693
-0.0270796
-0.0331737
-0.0305989
-0.0217083
-0.01258
-0.00493574
-0.00288482
-0.00779286
-0.0187849
-0.0326133
-0.0440938
-0.0479723
-0.0428549
-0.0339933
-0.0290251
-0.0303542
-0.0340875
-0.0349191
-0.0295437
-0.0157291
-0.00730061
-0.00210534
-0.00312043
-0.0112262
-0.0250375
-0.0409658
-0.0538519
-0.0591186
-0.0555569
-0.0473616
-0.0405431
-0.0374173
-0.0356678
-0.0318243
-0.0241626
-0.00691157
-0.000353101
0.00220188
-0.00144371
-0.0117629
-0.0270197
-0.043554
-0.0567615
-0.0626125
-0.060201
-0.0524928
-0.0440155
-0.037072
-0.0309085
-0.023781
-0.0149696
0.00279411
0.00653947
0.00647542
0.000803232
-0.0107124
-0.026183
-0.0421789
-0.0545825
-0.0600706
-0.0577245
-0.0496425
-0.0394172
-0.0295902
-0.0207464
-0.0123546
-0.00399963
0.0111479
0.0115754
0.00928397
0.00237461
-0.00934966
-0.0241633
-0.0388937
-0.049777
-0.0538354
-0.0501833
-0.0406213
-0.0285778
-0.0170756
-0.00760999
-5.72916e-05
0.00627756
0.01909
0.0151738
0.0108096
0.00473036
-0.00358092
-0.013633
-0.0242249
-0.0330716
-0.0372823
-0.0348039
-0.0259803
-0.0136568
-0.00147963
0.00799123
0.0136923
0.0171642
0.0143977
0.00978677
0.00753025
0.00417128
-0.00159435
-0.00972374
-0.0185821
-0.0255602
-0.027747
-0.023521
-0.0137959
-0.00199071
0.00788057
0.0132294
0.0141121
0.0149699
0.00363736
-0.000525179
-0.00132622
-0.00284448
-0.0068849
-0.0131272
-0.0196299
-0.023288
-0.0212366
-0.0127362
-0.000447924
0.0105302
0.0159331
0.0147516
0.00954048
0.00640488
-0.00613782
-0.00974297
-0.00841009
-0.00619394
-0.00518233
-0.00609459
-0.008086
-0.00864445
-0.00486065
0.00414758
0.0153872
0.0229186
0.0228489
0.0156014
0.00552959
-0.000608194
-0.0160792
-0.0175738
-0.0131533
-0.00706928
-0.00166154
0.00177419
0.00349561
0.00562955
0.0110008
0.020354
0.0298898
0.0331906
0.0270122
0.0135289
-0.000777566
-0.00885822
-0.0237866
-0.0223841
-0.0146474
-0.00541147
0.0029597
0.00892877
0.0126632
0.0162741
0.0225974
0.0321544
0.0401592
0.0395523
0.0279323
0.00951815
-0.00764501
-0.016358
-0.0277992
-0.0234516
-0.0132461
-0.00216811
0.00719631
0.0134383
0.0170256
0.0204092
0.0267353
0.0363427
0.0435034
0.0403985
0.0253629
0.00417065
-0.0138313
-0.021769
-0.0283543
-0.0217635
-0.0102988
0.000809746
0.00901468
0.013311
0.014714
0.0162545
0.0216255
0.0312149
0.0384888
0.0349007
0.0192646
-0.00246648
-0.0190847
-0.0250141
-0.0267819
-0.0188059
-0.00742106
0.00213091
0.00750512
0.00828426
0.00616417
0.00484169
0.00859517
0.0179657
0.0259655
0.0235234
0.00924852
-0.00953724
-0.0234878
-0.0267005
-0.0243018
-0.015514
-0.00518228
0.00178734
0.00348044
6.46643e-05
-0.00606058
-0.0105071
-0.00863751
0.000123715
0.00881942
0.00857313
-0.00290327
-0.0172648
-0.0271311
-0.0272651
-0.0210114
-0.0117241
-0.0029773
0.00104938
-0.00105687
-0.00853995
-0.0183393
-0.0256164
-0.0256875
-0.0181051
-0.00937885
-0.00776305
-0.0147194
-0.0241462
-0.0292594
-0.0262821
-0.016058
-0.00671321
0.000208478
0.0013552
-0.00417124
-0.015075
-0.027795
-0.0373056
-0.0392495
-0.0333702
-0.0253127
-0.0219211
-0.0244723
-0.0284395
-0.0286358
-0.0227322
-0.0087719
-0.000200618
0.00467666
0.00325124
-0.00502146
-0.0184278
-0.0331748
-0.0442881
-0.047956
-0.0440167
-0.036856
-0.0317194
-0.0298835
-0.0285238
-0.0243154
-0.0160088
0.00025077
0.00686701
0.00960751
0.00604775
-0.00414421
-0.0190662
-0.034874
-0.0470061
-0.0520568
-0.0496934
-0.0429814
-0.0358178
-0.0297657
-0.023832
-0.0164744
-0.00681379
0.00880708
0.0126122
0.0132648
0.00810435
-0.00321104
-0.018773
-0.0348733
-0.0472885
-0.0528547
-0.0509176
-0.0435673
-0.0339983
-0.0244024
-0.0154266
-0.00684114
0.00261691
0.0144855
0.0151617
0.0140461
0.00796998
-0.00372342
-0.0192164
-0.0349419
-0.0467591
-0.051535
-0.0484225
-0.0391924
-0.0271173
-0.0152146
-0.00527608
0.00236711
0.00992112
0.0189319
0.015188
0.0123069
0.00768396
-0.000125379
-0.0111135
-0.023566
-0.0342831
-0.0397526
-0.0378215
-0.0289198
-0.0159533
-0.00278098
0.00744382
0.0133552
0.017832
0.015765
0.00952408
0.00920234
0.00639559
-0.000533569
-0.0107862
-0.021876
-0.0303828
-0.0332078
-0.0289411
-0.0187504
-0.00613136
0.00473131
0.010608
0.0107969
0.0152978
-0.0012094
-0.0069275
-0.0061417
-0.00721658
-0.0120253
-0.0195575
-0.0271825
-0.0314323
-0.029589
-0.0211767
-0.0088385
0.0025473
0.00852543
0.0073485
0.00105907
0.000763302
-0.0158689
-0.0209635
-0.0185254
-0.0157628
-0.015068
-0.0167983
-0.0195173
-0.0203268
-0.0164664
-0.00732161
0.00404892
0.0120556
0.0125117
0.00511895
-0.00607424
-0.0104124
-0.0286233
-0.0313039
-0.026421
-0.0199964
-0.0147033
-0.0117151
-0.0103451
-0.00816342
-0.00254568
0.00693486
0.0166843
0.0205597
0.0149066
0.00140319
-0.0138066
-0.0210975
-0.0366611
-0.0359241
-0.0284015
-0.0191513
-0.0109368
-0.00525416
-0.0016342
0.00221156
0.00884633
0.01845
0.0266526
0.0266801
0.0156886
-0.00251202
-0.0200748
-0.0287915
-0.0386139
-0.0344459
-0.0248324
-0.0141634
-0.00515028
0.000819844
0.00444393
0.00821843
0.014877
0.0244099
0.031591
0.0289891
0.0145988
-0.00596648
-0.0237972
-0.0321256
-0.0353355
-0.0286096
-0.0179447
-0.00752969
0.000147241
0.00420509
0.00587795
0.00808982
0.0139222
0.0232635
0.0301278
0.0265514
0.0112092
-0.00919396
-0.0253223
-0.0316345
-0.0291055
-0.0208779
-0.0103018
-0.00152012
0.0033428
0.00407642
0.00265506
0.00237895
0.0068395
0.0157802
0.0227285
0.0195541
0.00540048
-0.0126003
-0.0255084
-0.028795
-0.0220244
-0.0129262
-0.00319439
0.00318634
0.00458113
0.00143362
-0.0036818
-0.00649153
-0.00364856
0.00450949
0.0114583
0.00945378
-0.00213509
-0.0161205
-0.0249079
-0.0247666
-0.014691
-0.00499696
0.00351665
0.00730813
0.00522869
-0.00163954
-0.0100605
-0.0154895
-0.0144734
-0.0076304
-0.00112103
-0.0017281
-0.00971504
-0.0189616
-0.023151
-0.0196269
-0.00648147
0.00335023
0.0104792
0.0117742
0.00652463
-0.00363651
-0.0149437
-0.0227162
-0.0237074
-0.0186547
-0.0128687
-0.0118247
-0.0156934
-0.0197759
-0.0193491
-0.0126793
0.00312252
0.012035
0.0175774
0.0166082
0.00865249
-0.00423965
-0.0179941
-0.0279114
-0.0309949
-0.0278338
-0.0225711
-0.0193848
-0.0186899
-0.0175703
-0.0130801
-0.00366505
0.0131596
0.019774
0.0236077
0.0206817
0.0105739
-0.00440994
-0.0201066
-0.0318416
-0.0367711
-0.035024
-0.0295488
-0.0235836
-0.0181726
-0.0123998
-0.00504882
0.00621731
0.0210254
0.0243877
0.0265198
0.0220608
0.0103866
-0.00598804
-0.0229341
-0.0357612
-0.0415969
-0.0400736
-0.0332945
-0.0241538
-0.0146484
-0.00563204
0.00273564
0.0144557
0.0240314
0.0238484
0.0245379
0.0191437
0.00671579
-0.0102127
-0.0273708
-0.0400704
-0.0452628
-0.0423582
-0.0332432
-0.021108
-0.00895166
0.00118006
0.00830587
0.0186222
0.024203
0.0189588
0.0182937
0.0148437
0.00630629
-0.00679361
-0.0215887
-0.0337885
-0.0395914
-0.0372062
-0.0275527
-0.013787
0.000143154
0.010728
0.015436
0.0227642
0.023367
0.0119273
0.0132476
0.010185
0.00109437
-0.0117432
-0.0246419
-0.0335658
-0.0355665
-0.0298722
-0.0182694
-0.00455762
0.00707767
0.012954
0.0110838
0.020352
0.000127733
-0.0108539
-0.00871224
-0.009831
-0.0158542
-0.024652
-0.0327654
-0.0366668
-0.0340172
-0.0248818
-0.0120793
-0.000349879
0.00600535
0.00461929
-0.00391455
-0.000136965
-0.0198049
-0.0298126
-0.026395
-0.0234345
-0.023486
-0.0260736
-0.0290504
-0.0292824
-0.0243888
-0.0144284
-0.0024578
0.00602423
0.00698659
-0.000650884
-0.0141206
-0.0157857
-0.0358526
-0.0426525
-0.0374399
-0.0308897
-0.0260087
-0.0234681
-0.0220484
-0.0191311
-0.0124848
-0.00226979
0.00795798
0.0124508
0.00751353
-0.00604775
-0.0231726
-0.0292333
-0.0448576
-0.0471602
-0.0399417
-0.0307683
-0.0227802
-0.0172151
-0.0132623
-0.00858085
-0.0010774
0.00890736
0.017279
0.0179056
0.00780402
-0.0101196
-0.0289135
-0.0375861
-0.0455082
-0.0433084
-0.0343666
-0.0239543
-0.0150649
-0.00894542
-0.00471949
-2.5706e-05
0.00730357
0.016679
0.0234447
0.0211161
0.00760328
-0.0123048
-0.0305515
-0.0394852
-0.0392058
-0.0335941
-0.023592
-0.0134898
-0.00576744
-0.00124836
0.0013489
0.00466488
0.0109685
0.0194947
0.0250698
0.0210506
0.00627651
-0.0131593
-0.0289851
-0.0359278
-0.028938
-0.0211868
-0.0110879
-0.00238202
0.00280334
0.00434876
0.00417
0.00527904
0.0100204
0.0174933
0.0221766
0.0176328
0.00354896
-0.0134391
-0.0255911
-0.029069
-0.0174819
-0.00841415
0.00125841
0.00792361
0.00997104
0.00795914
0.00447435
0.00303557
0.0059556
0.0121399
0.0160482
0.0118732
-6.96804e-05
-0.0133003
-0.0211144
-0.0207291
-0.00590653
0.00410885
0.0130358
0.0174637
0.016238
0.0105714
0.00371569
-0.000423664
0.000482213
0.00514776
0.00839102
0.00531728
-0.00340084
-0.0120948
-0.0153854
-0.0113462
0.00609505
0.0164314
0.0243553
0.0264678
0.0220002
0.0127502
0.00256541
-0.00429692
-0.00556642
-0.00249231
0.00044418
-0.000682527
-0.00527452
-0.00902407
-0.00801743
-0.000542865
0.0188941
0.0277853
0.0344658
0.0343077
0.0267001
0.0140422
0.000694377
-0.00890017
-0.012339
-0.0105948
-0.00726221
-0.00548301
-0.00518887
-0.00390312
0.000612003
0.0114822
0.0306999
0.0365033
0.0416944
0.0393645
0.0289273
0.0132511
-0.00287742
-0.0148774
-0.0200767
-0.0189763
-0.014331
-0.00886686
-0.00347747
0.00238805
0.00940585
0.0226075
0.0384747
0.0399651
0.0436445
0.0394923
0.0268097
0.00890409
-0.00914245
-0.0225745
-0.0284623
-0.0268775
-0.0200437
-0.0107912
-0.00103456
0.00802557
0.0155378
0.0301166
0.0391529
0.0360165
0.0384723
0.0332392
0.0192861
0.000491628
-0.0179654
-0.0311482
-0.0361083
-0.0327473
-0.0232374
-0.0108236
0.00160777
0.0116105
0.017463
0.0315096
0.0347918
0.0255839
0.0272767
0.0242892
0.0138417
-0.00208406
-0.0190383
-0.031822
-0.0367124
-0.0326875
-0.0214715
-0.00666333
0.00760727
0.0177914
0.0206842
0.0315218
0.0336442
0.015069
0.0176328
0.013918
0.00250037
-0.0125293
-0.0262181
-0.0342224
-0.0340925
-0.0259905
-0.0125614
0.00203084
0.0137466
0.0187939
0.0136326
0.0272633
0.00476894
-0.013122
-0.00979942
-0.0110036
-0.018036
-0.0279409
-0.0358499
-0.0387104
-0.0346313
-0.0243399
-0.0109974
0.000875515
0.00710182
0.00520042
-0.00616398
0.00151791
-0.0201496
-0.0361137
-0.0317329
-0.028649
-0.0295011
-0.0328076
-0.0356028
-0.0346994
-0.0282884
-0.0171924
-0.00463274
0.00398158
0.00508653
-0.00288109
-0.0189987
-0.018337
-0.0394449
-0.050837
-0.0453069
-0.0387052
-0.0343418
-0.0321813
-0.0304032
-0.0263553
-0.01831
-0.00722471
0.00332964
0.00807366
0.00366707
-0.00981388
-0.0290081
-0.0343189
-0.0496455
-0.0551959
-0.0482686
-0.0391951
-0.0314576
-0.0258947
-0.0213297
-0.0155105
-0.0069908
0.00331383
0.0115048
0.0123315
0.0030982
-0.014246
-0.034278
-0.0433653
-0.0496174
-0.0495021
-0.0411676
-0.0308973
-0.0219573
-0.0154162
-0.0102829
-0.00442921
0.00340562
0.0122899
0.018091
0.015622
0.00309623
-0.0157985
-0.0344172
-0.04425
-0.0410993
-0.0367556
-0.0273489
-0.0171646
-0.00896705
-0.0035309
0.00022305
0.00467145
0.0109499
0.0180362
0.0216556
0.0168635
0.00292139
-0.0152263
-0.0307056
-0.0383927
-0.027619
-0.0206242
-0.0107009
-0.00153875
0.00457599
0.0074211
0.00865568
0.0107104
0.0149354
0.0200906
0.0218841
0.015872
0.00230622
-0.0133032
-0.0246517
-0.0284323
-0.0124507
-0.00367239
0.00631873
0.0138699
0.0171546
0.0166125
0.0145537
0.0137847
0.0157472
0.0190598
0.0195487
0.0134851
0.00182487
-0.0101655
-0.0170566
-0.0164499
0.00305736
0.0130968
0.0227746
0.028326
0.0283324
0.0239304
0.0181804
0.0143619
0.0140467
0.0158093
0.0157775
0.010897
0.0023658
-0.00517759
-0.00761907
-0.00334227
0.019008
0.0291313
0.0381896
0.0413301
0.0376686
0.0290827
0.0194409
0.0124784
0.0100152
0.0107299
0.0111952
0.00885567
0.00460265
0.00180393
0.00327298
0.0111571
0.0351128
0.0433082
0.0510656
0.0516007
0.0439929
0.0311659
0.0175986
0.00766315
0.00339559
0.00376142
0.00582123
0.00723623
0.00809628
0.0101859
0.014482
0.0260846
0.0491301
0.0530148
0.0592916
0.0571774
0.0458892
0.0290613
0.0120577
-0.000297583
-0.00569878
-0.00483185
-0.000255577
0.00554606
0.0116205
0.0178517
0.024117
0.039016
0.0572743
0.0553493
0.0602015
0.05586
0.0416263
0.0218804
0.002687
-0.010868
-0.0162916
-0.014024
-0.0065137
0.00341616
0.0137419
0.0227946
0.0289334
0.0463114
0.0560396
0.0481814
0.0520305
0.0464239
0.0305682
0.00997059
-0.00940878
-0.022371
-0.0264286
-0.0220135
-0.011671
0.00128762
0.013977
0.0236019
0.0274598
0.0453547
0.0472454
0.0324407
0.0363307
0.0332335
0.0202842
0.00159741
-0.0167433
-0.0289456
-0.0318371
-0.0253639
-0.0122335
0.00346912
0.0177651
0.0266749
0.0264425
0.0409686
0.0399972
0.0160884
0.0200128
0.0160296
0.00302745
-0.0130975
-0.0264903
-0.0326823
-0.0299954
-0.0196736
-0.00511977
0.00922791
0.019756
0.0228944
0.014218
0.0309481
0.00707841
-0.0154414
-0.0107257
-0.0115795
-0.0192649
-0.0292553
-0.0368427
-0.0385214
-0.0330603
-0.0218624
-0.0085033
0.00252866
0.00785731
0.00484137
-0.00896618
0.0016185
-0.0214786
-0.040547
-0.0350724
-0.0316735
-0.03309
-0.0368136
-0.0391842
-0.0370447
-0.0292788
-0.0174414
-0.00518691
0.00270357
0.00313455
-0.00554822
-0.0235809
-0.0213772
-0.042808
-0.0561908
-0.0501543
-0.0434596
-0.039565
-0.037709
-0.0354264
-0.0301843
-0.0210754
-0.00963382
0.000420799
0.00451642
-5.69965e-05
-0.0135527
-0.0338459
-0.038884
-0.053773
-0.0604078
-0.0535373
-0.0445669
-0.0370948
-0.0314878
-0.0262389
-0.0193805
-0.010209
-0.000162183
0.0070906
0.00732303
-0.00151642
-0.0181233
-0.038414
-0.048021
-0.0530864
-0.0537684
-0.0457787
-0.0355817
-0.0265179
-0.0194597
-0.0133942
-0.00669499
0.00123953
0.0090738
0.0133085
0.0101483
-0.0015783
-0.019152
-0.0373874
-0.0479163
-0.0429366
-0.0394282
-0.0303061
-0.0198435
-0.0109668
-0.00452823
0.000405321
0.00541733
0.011125
0.0162589
0.0176282
0.0119139
-0.00104061
-0.0175272
-0.032246
-0.0403568
-0.027252
-0.021073
-0.0110651
-0.00113048
0.00618833
0.0104119
0.0127917
0.0150911
0.0180818
0.0205602
0.0195529
0.0124369
-8.97469e-05
-0.0139055
-0.0243542
-0.0283344
-0.00943305
-0.00125189
0.00920849
0.0179305
0.0226631
0.0235135
0.0223747
0.0214528
0.0217223
0.0220267
0.0196271
0.0125221
0.00190855
-0.00825078
-0.0142528
-0.0140151
0.00909453
0.0187283
0.0291398
0.0359299
0.0371957
0.0338052
0.0285307
0.0242144
0.0220992
0.0210875
0.0186385
0.0131232
0.00577534
-0.000162535
-0.00198245
0.00190465
0.0282219
0.0376776
0.0477334
0.051742
0.0487374
0.0404552
0.0307077
0.023089
0.0191381
0.017854
0.0168376
0.0144953
0.0115427
0.0100727
0.0117871
0.0192998
0.0472628
0.0541281
0.0625988
0.0635897
0.0559001
0.0424372
0.0283154
0.017801
0.0127234
0.0121967
0.0138809
0.0158932
0.01804
0.0209637
0.0251358
0.0367629
0.0632581
0.064543
0.0714996
0.0693002
0.0569665
0.0389432
0.0211975
0.00862987
0.00330232
0.00439768
0.00950381
0.0162511
0.0233832
0.0300156
0.0351931
0.0511463
0.0717519
0.0658668
0.0715299
0.0667844
0.0509381
0.0297773
0.00994743
-0.00331718
-0.00788752
-0.00463415
0.00386141
0.0146559
0.0255757
0.0344533
0.038792
0.0583605
0.0688895
0.0560945
0.0610864
0.0552107
0.037812
0.0158978
-0.00383167
-0.0161338
-0.0189722
-0.0133315
-0.00206001
0.0113447
0.0240323
0.0329311
0.0343927
0.0554971
0.05589
0.0363232
0.042399
0.0391115
0.0239473
0.00330038
-0.0153442
-0.0260362
-0.0263889
-0.017615
-0.0031107
0.0126738
0.0260043
0.0329302
0.0289872
0.0465809
0.037188
0.0132942
0.0190983
0.0156917
0.00230521
-0.0139031
-0.0263415
-0.0306991
-0.0261312
-0.0147478
-0.0004817
0.0122753
0.0204051
0.0208298
0.00984317
0.0279812
0.00268018
-0.0186158
-0.0122562
-0.0121738
-0.0197611
-0.0297103
-0.0368209
-0.037516
-0.0311579
-0.0198635
-0.00742784
0.00192257
0.00542381
0.00071882
-0.0140988
-0.00233131
-0.0271226
-0.043742
-0.0368871
-0.0329748
-0.0346628
-0.0385776
-0.0404892
-0.0373669
-0.0288582
-0.0171898
-0.00617807
-1.75505e-05
-0.00113911
-0.0109178
-0.0291705
-0.0265215
-0.0485769
-0.0591692
-0.0523163
-0.0455467
-0.0420903
-0.0404294
-0.0376662
-0.0315726
-0.0219981
-0.0110802
-0.00244676
9.0598e-05
-0.00541723
-0.0190946
-0.0387753
-0.043926
-0.0586655
-0.0632928
-0.0561696
-0.0473728
-0.0402122
-0.0345523
-0.0287036
-0.0211485
-0.0119131
-0.00284765
0.00279525
0.00175698
-0.00726144
-0.0231479
-0.0423035
-0.052115
-0.0568129
-0.0568435
-0.0489088
-0.0387907
-0.0295947
-0.0220132
-0.0151657
-0.0079972
-0.000489008
0.00583813
0.00825806
0.00411317
-0.00711715
-0.0233407
-0.0403555
-0.0508041
-0.0455708
-0.0426885
-0.0335892
-0.0227636
-0.0131388
-0.00569771
0.000109564
0.00528448
0.00998412
0.0130757
0.0125293
0.00608134
-0.00586949
-0.020698
-0.0344336
-0.0422652
-0.0289309
-0.024005
-0.0137921
-0.00297079
0.00561237
0.0111157
0.0142717
0.0163168
0.017807
0.0179342
0.0149412
0.00746396
-0.00369789
-0.0157988
-0.0256021
-0.0294923
-0.0100605
-0.00309338
0.00777026
0.0176963
0.0238733
0.0258948
0.0252277
0.0236945
0.0221965
0.020149
0.0160647
0.00902206
2.03948e-05
-0.00846138
-0.0141479
-0.014398
0.00989153
0.0185539
0.0293942
0.0373581
0.0397858
0.0371471
0.0319362
0.0267932
0.0229911
0.0200303
0.0164721
0.0115322
0.0059772
0.00155097
-0.000242759
0.00260852
0.0307713
0.0393026
0.0495372
0.0544442
0.0519926
0.0438442
0.0337949
0.0253771
0.0201887
0.0177041
0.0163422
0.015
0.01384
0.0136154
0.0150515
0.0214403
0.0515383
0.0568897
0.0656493
0.0669783
0.0590476
0.0451807
0.0305741
0.0195689
0.013981
0.0131495
0.0151886
0.0184038
0.0220759
0.0257956
0.0292956
0.0402788
0.0685812
0.0675845
0.0749759
0.0727178
0.0596121
0.040783
0.0226302
0.0101036
0.00508184
0.00667855
0.0125858
0.0204036
0.0285087
0.0353065
0.0392306
0.0554143
0.0769772
0.0682245
0.0746169
0.0697483
0.0529079
0.030932
0.0109824
-0.0017013
-0.00534205
-0.00110681
0.00825697
0.0196845
0.0308482
0.0391742
0.0416999
0.0624283
0.0725883
0.05713
0.0631855
0.0574764
0.0393748
0.0168548
-0.00274863
-0.0141753
-0.0158194
-0.00912036
0.00275535
0.0161711
0.0283198
0.0359664
0.0351802
0.0581876
0.056044
0.0352522
0.0435821
0.0404041
0.0239334
0.00241852
-0.015604
-0.0244004
-0.0225809
-0.0122588
0.00253316
0.0172771
0.0285718
0.0327915
0.0257432
0.0453315
0.0257795
0.00796775
0.0155872
0.0132479
0.00032747
-0.0153973
-0.0268202
-0.029947
-0.0245278
-0.013311
-0.00041649
0.010039
0.015398
0.013284
0.00221579
0.0195116
-0.00747335
-0.021687
-0.0137622
-0.0126532
-0.0198892
-0.0297065
-0.0363969
-0.0363576
-0.0296632
-0.0189205
-0.008003
-0.000743847
0.000602739
-0.00568005
-0.0194686
-0.00897258
-0.0354012
-0.0446941
-0.0366486
-0.0324564
-0.0343661
-0.0384294
-0.0399441
-0.0361809
-0.0275146
-0.0166746
-0.00741697
-0.00335017
-0.00630012
-0.0169522
-0.0334089
-0.0317748
-0.0543799
-0.0589802
-0.0513968
-0.0448687
-0.0419407
-0.0405088
-0.0373974
-0.0308313
-0.0213188
-0.0114484
-0.00457345
-0.00381328
-0.0104597
-0.0241377
-0.0416422
-0.0471746
-0.062108
-0.0633438
-0.0559014
-0.047518
-0.0407714
-0.035099
-0.0288102
-0.0208869
-0.0120274
-0.004179
-0.000178536
-0.00250256
-0.0118714
-0.0270487
-0.0441991
-0.053445
-0.0589124
-0.0584318
-0.0504054
-0.0404341
-0.0311558
-0.0230968
-0.0156586
-0.0082878
-0.0014254
0.0035579
0.0045352
-0.000320163
-0.0111868
-0.0263375
-0.0419967
-0.0511795
-0.0476719
-0.0463626
-0.0371568
-0.0259556
-0.0155986
-0.00722924
-0.000714031
0.00438557
0.00816824
0.00988224
0.00810827
0.00158789
-0.00942076
-0.0231156
-0.0363532
-0.0429369
-0.0319932
-0.0294044
-0.0189809
-0.00728161
0.00251985
0.00917064
0.0128904
0.0146054
0.0149447
0.0136948
0.00995601
0.00298129
-0.00682188
-0.0178642
-0.0278811
-0.0313194
-0.014268
-0.00939863
0.00171814
0.0127512
0.0202421
0.0233172
0.0229467
0.0208251
0.0180987
0.0148719
0.0105128
0.00449459
-0.00281215
-0.0103364
-0.0166493
-0.0175634
0.00494718
0.0120759
0.0230788
0.03207
0.0355722
0.0335769
0.0283353
0.0224893
0.017607
0.0138416
0.0105025
0.00696539
0.00322278
-0.000314515
-0.00286315
-0.00150789
0.0257031
0.0330562
0.0432613
0.0489194
0.0470457
0.0390594
0.0287481
0.0197302
0.0138374
0.0110271
0.0102595
0.0104611
0.0110179
0.0115453
0.0122042
0.0168883
0.0465913
0.0507265
0.0596341
0.0613156
0.0534475
0.039381
0.0244904
0.0132207
0.00746678
0.00679386
0.00962337
0.0141994
0.0191887
0.0233299
0.025984
0.0356848
0.0635539
0.0614392
0.0692082
0.0671425
0.0537796
0.0346315
0.0164096
0.00410946
-0.000521122
0.00161471
0.00828133
0.0169804
0.0257048
0.0323404
0.0352183
0.0507853
0.0711753
0.0619838
0.0691681
0.0646189
0.0475183
0.0253729
0.00568818
-0.00630399
-0.00913733
-0.00419712
0.00567502
0.017324
0.0282572
0.035695
0.0370006
0.0575106
0.0656658
0.0507966
0.0582517
0.0532191
0.0352546
0.012709
-0.00639865
-0.0168534
-0.0174785
-0.0101163
0.0018579
0.0147647
0.0258223
0.0318456
0.0295653
0.0527083
0.0471042
0.0302666
0.0400557
0.0371562
0.0202993
-0.00110798
-0.0179636
-0.0249916
-0.021684
-0.0108487
0.00321368
0.0161367
0.024894
0.0263893
0.01797
0.0378119
0.0115735
0.00326939
0.0118723
0.0102535
-0.00209567
-0.0172811
-0.0280163
-0.0304756
-0.0249827
-0.0145441
-0.00321073
0.00522112
0.00846204
0.00500168
-0.00400871
0.0101206
-0.0171879
-0.0219382
-0.0133109
-0.0119415
-0.0190335
-0.0288033
-0.0350401
-0.0344971
-0.0277483
-0.0177384
-0.00826106
-0.00274888
-0.00305332
-0.00999237
-0.0211673
-0.0140169
-0.0402749
-0.0413543
-0.0329312
-0.0292296
-0.0316741
-0.0359549
-0.0371403
-0.0329614
-0.0244042
-0.0144446
-0.00666701
-0.00419678
-0.00839216
-0.0190952
-0.0326649
-0.0328349
-0.0547167
-0.0540892
-0.0463346
-0.0406193
-0.0385039
-0.0373839
-0.0340386
-0.027191
-0.0179587
-0.00898159
-0.00339937
-0.00383101
-0.0111449
-0.0243797
-0.0393334
-0.0446228
-0.0595303
-0.0593135
-0.0517908
-0.0440891
-0.0379387
-0.032348
-0.0257749
-0.0177118
-0.00917052
-0.00210862
0.000954653
-0.00202265
-0.0114871
-0.0260516
-0.0415358
-0.0486826
-0.0558534
-0.0572769
-0.0491518
-0.0393937
-0.0301189
-0.0216778
-0.0138329
-0.00628905
0.000212886
0.00458655
0.00508128
0.000153561
-0.0103523
-0.0250278
-0.0402625
-0.0466134
-0.0466699
-0.0490043
-0.0396286
-0.0280507
-0.0170309
-0.00786504
-0.000597979
0.00446184
0.00784417
0.00918503
0.00743213
0.00143742
-0.00886983
-0.0223172
-0.0363856
-0.0406272
-0.0344633
-0.0356225
-0.0249898
-0.0124663
-0.00151862
0.00627488
0.0104647
0.0120622
0.0119866
0.0106018
0.00739606
0.00146645
-0.00735361
-0.0184547
-0.0298803
-0.0324393
-0.0203251
-0.0183729
-0.0071126
0.0049221
0.0136543
0.0176763
0.017614
0.0152244
0.0120857
0.00893489
0.00551586
0.000996234
-0.00513947
-0.0127705
-0.0207353
-0.0222586
-0.00402303
0.00117741
0.0122081
0.0221031
0.0266058
0.0252239
0.0200288
0.0138164
0.00858559
0.00505973
0.00287217
0.00103491
-0.00141972
-0.00496968
-0.00895156
-0.00918674
0.0146693
0.0208925
0.0310444
0.037367
0.0361194
0.0283851
0.0179509
0.00861646
0.00252588
5.43063e-05
0.000421443
0.00222957
0.00400906
0.00463741
0.0042358
0.00708155
0.034084
0.0378242
0.0467659
0.0488944
0.0413534
0.0273202
0.0123469
0.000989908
-0.00472719
-0.00500971
-0.00126992
0.00452437
0.0103946
0.0145623
0.0164995
0.0245955
0.0498726
0.0484306
0.05649
0.0548122
0.0416792
0.0225894
0.00452775
-0.00749724
-0.0118208
-0.00930249
-0.0020858
0.00721308
0.0161982
0.0224963
0.0248563
0.0390869
0.0566928
0.0497029
0.0575263
0.0534583
0.0367893
0.0148667
-0.00431883
-0.0156452
-0.0179466
-0.012692
-0.00270998
0.00882302
0.0192479
0.0257876
0.0266313
0.0457709
0.0508208
0.0403553
0.0486762
0.0443414
0.0269819
0.004875
-0.0134372
-0.0229245
-0.0228296
-0.0152736
-0.00366297
0.00841317
0.01819
0.0227976
0.0206181
0.0416022
0.0333779
0.0235795
0.0338564
0.0309925
0.0143426
-0.00634958
-0.0218552
-0.0274823
-0.0234343
-0.0128738
-5.4343e-05
0.0109652
0.0174862
0.0171923
0.00973413
0.0276356
0.00199772
0.00233466
0.0105916
0.00868435
-0.00342318
-0.01829
-0.0285886
-0.0308333
-0.025641
-0.0159805
-0.00569453
0.00168201
0.0040321
0.000720268
-0.00526495
0.0046112
-0.0197138
-0.0171411
-0.00907989
-0.00859953
-0.0161591
-0.0259582
-0.0317534
-0.0307816
-0.0240132
-0.0144688
-0.00578191
-0.0011133
-0.00205269
-0.00858103
-0.0168662
-0.0128403
-0.03583
-0.0323746
-0.0247134
-0.0223709
-0.0257984
-0.0303731
-0.0312889
-0.0268002
-0.0182702
-0.0087092
-0.00154744
0.000327667
-0.00417315
-0.0141977
-0.0252478
-0.0258938
-0.0448651
-0.0437249
-0.0364998
-0.0320782
-0.0310298
-0.0302856
-0.0268068
-0.019773
-0.0105829
-0.00182883
0.00345095
0.00278602
-0.00453013
-0.0171372
-0.0306387
-0.0336558
-0.047488
-0.0504418
-0.0431033
-0.0362156
-0.0307524
-0.0252851
-0.0185161
-0.0102935
-0.00170738
0.00537519
0.00854774
0.00570662
-0.00362987
-0.0180939
-0.0332564
-0.0365181
-0.0456643
-0.0522202
-0.0439423
-0.0343323
-0.0250865
-0.0162941
-0.00799689
-0.000273853
0.00640427
0.0111268
0.0121755
0.00772589
-0.0026575
-0.0179462
-0.0340234
-0.0362428
-0.0409511
-0.0488075
-0.0391034
-0.0270826
-0.0154436
-0.00544604
0.00224144
0.00767655
0.0113833
0.013411
0.0126608
0.00746162
-0.00280779
-0.0174655
-0.0331918
-0.0345333
-0.0345416
-0.0402109
-0.0292237
-0.0158973
-0.0039537
0.00472522
0.00955514
0.0114121
0.0117
0.0112421
0.00941746
0.00459687
-0.00416637
-0.0166948
-0.030368
-0.0317642
-0.0259388
-0.0270305
-0.015497
-0.00258182
0.00722493
0.012099
0.0124234
0.0101002
0.00725289
0.00509798
0.00325676
6.35027e-05
-0.00586698
-0.0148046
-0.0249519
-0.0268275
-0.0141697
-0.0106789
0.000479266
0.0111535
0.0165541
0.015746
0.0106547
0.00431975
-0.000759601
-0.00341382
-0.00408963
-0.00452075
-0.00656601
-0.0110134
-0.0167554
-0.0181294
0.00103851
0.00664734
0.0167862
0.0238591
0.0232263
0.01577
0.00526348
-0.0042793
-0.0103532
-0.012214
-0.0106367
-0.00757743
-0.0052722
-0.0051198
-0.00657085
-0.00513281
0.0178885
0.0222137
0.0312214
0.0338781
0.0268904
0.0129471
-0.00203362
-0.0135179
-0.0192939
-0.0192589
-0.0147596
-0.00809891
-0.00180556
0.00213542
0.00370598
0.0103106
0.0321137
0.0328019
0.0410169
0.039806
0.0272354
0.00837765
-0.00947008
-0.0214004
-0.0257422
-0.0232003
-0.015724
-0.00610594
0.00294429
0.00898597
0.0115641
0.0240109
0.0385517
0.0357313
0.0437983
0.0401245
0.0241266
0.00266119
-0.0159476
-0.026902
-0.0290947
-0.0240171
-0.0142735
-0.00300194
0.00697726
0.0130147
0.0146241
0.0312548
0.0340097
0.0298552
0.0381267
0.0341739
0.0174897
-0.00391363
-0.0212741
-0.0300181
-0.0297144
-0.0224916
-0.011551
-0.000265966
0.00852907
0.0125618
0.0117883
0.0292118
0.0203805
0.0186061
0.0280291
0.024552
0.00835616
-0.0113367
-0.0255431
-0.0302964
-0.0262308
-0.0164537
-0.00489687
0.00474916
0.00999881
0.00941566
0.0046751
0.0189109
0.000831006
0.00593118
0.0126179
0.0095797
-0.00269541
-0.017309
-0.0273331
-0.0297465
-0.0250954
-0.0159529
-0.00586666
0.00165848
0.00450354
0.00248232
-0.000783684
0.00574163
-0.0121284
-0.00745995
-0.00119343
-0.00245452
-0.0108912
-0.0207138
-0.0261442
-0.0249295
-0.0181117
-0.00850143
0.000383124
0.00537181
0.00498122
-0.000585295
-0.00701438
-0.00385615
-0.0204594
-0.0188484
-0.0127866
-0.0122926
-0.0168965
-0.0217258
-0.0224519
-0.017733
-0.00897698
0.000954052
0.00860157
0.0109747
0.00697245
-0.00227794
-0.0120487
-0.0110978
-0.0251592
-0.0291223
-0.0229104
-0.0199121
-0.0198776
-0.0194432
-0.0158684
-0.00860251
0.000978702
0.0103625
0.0163919
0.0163108
0.00928574
-0.00326261
-0.0164625
-0.0154711
-0.0276087
-0.0375642
-0.0305302
-0.0243025
-0.0193741
-0.01397
-0.00700983
0.00154018
0.0106767
0.0186414
0.0227706
0.020485
0.01102
-0.00422714
-0.020406
-0.0184996
-0.0293663
-0.0431443
-0.0346159
-0.0249271
-0.0156018
-0.0064709
0.0022629
0.0104069
0.0178031
0.0236511
0.0258362
0.0218451
0.0108503
-0.00602279
-0.0241299
-0.0218429
-0.0313146
-0.0446447
-0.0343275
-0.0217111
-0.00949809
0.00116775
0.00939343
0.0153538
0.0198981
0.0232625
0.0238266
0.0190404
0.00781251
-0.00904814
-0.0273219
-0.0258486
-0.0318022
-0.0410489
-0.029368
-0.0152235
-0.00244598
0.00700553
0.0123676
0.0146417
0.0157131
0.0166702
0.0163172
0.0119559
0.0021119
-0.0127663
-0.0290723
-0.0293268
-0.029427
-0.0324486
-0.0203008
-0.00656609
0.00410791
0.00966486
0.0102815
0.00809085
0.00577785
0.00490404
0.0045422
0.00195796
-0.00484694
-0.0159311
-0.0283212
-0.0301072
-0.0227691
-0.0200144
-0.00835522
0.003018
0.00919881
0.00885263
0.00374369
-0.00279798
-0.00771111
-0.0094437
-0.0087962
-0.008525
-0.011107
-0.017065
-0.0244588
-0.0261531
-0.0116333
-0.00573288
0.00484059
0.0124284
0.0125333
0.00537881
-0.0053506
-0.0153383
-0.0216126
-0.0230395
-0.0205345
-0.0168104
-0.0146924
-0.0154122
-0.017681
-0.0168051
0.00215692
0.00805081
0.0173237
0.0205792
0.0142547
0.000691643
-0.0145144
-0.0264941
-0.0327499
-0.0328062
-0.0279066
-0.0207856
-0.0144862
-0.0108947
-0.00931767
-0.00374164
0.0148005
0.0186404
0.0269153
0.0262849
0.0144857
-0.00383199
-0.0216226
-0.03392
-0.0389166
-0.0369071
-0.0295788
-0.0198298
-0.0107754
-0.0047292
-0.00134283
0.00921375
0.0217648
0.0237548
0.0314623
0.028226
0.0130565
-0.00755834
-0.0257412
-0.0368215
-0.0397406
-0.0355007
-0.0263063
-0.0152513
-0.00538774
0.000916929
0.00411324
0.017703
0.0204332
0.022333
0.0297834
0.0256213
0.00962202
-0.0107158
-0.0272745
-0.0358806
-0.0362193
-0.0299462
-0.0197742
-0.00893555
-0.00027822
0.00426908
0.00579682
0.0191035
0.0129253
0.0171316
0.0246169
0.0201016
0.00444185
-0.0141211
-0.0272813
-0.0319359
-0.028702
-0.0201041
-0.00949056
-0.000292441
0.00505827
0.00566232
0.0042202
0.0145245
0.00764416
0.0119617
0.0159201
0.0115604
-0.000387079
-0.0141576
-0.0238278
-0.0267601
-0.0229257
-0.0141368
-0.00358111
0.00511679
0.00952942
0.00946958
0.00812862
0.0129049
0.00346445
0.00411667
0.00776228
0.00470323
-0.00418494
-0.0136132
-0.0187165
-0.0175794
-0.0108183
-0.000719138
0.00922817
0.015533
0.0163673
0.0121906
0.00685849
0.0102365
0.000991908
-0.00406662
-2.54998e-05
-0.00109021
-0.0063895
-0.0109528
-0.0114968
-0.00677382
0.0022408
0.0131233
0.0221229
0.0258044
0.022758
0.0140135
0.00409057
0.00799897
-0.00159501
-0.0134418
-0.00831918
-0.00627215
-0.00652502
-0.00595296
-0.00226901
0.00510514
0.0151802
0.0257434
0.0332227
0.0341755
0.0274215
0.0142799
-6.6816e-05
0.00514727
-0.00594889
-0.0231086
-0.0161856
-0.0100234
-0.00500568
0.000634879
0.00776044
0.0165033
0.0263078
0.0355821
0.0410641
0.0393056
0.0292398
0.0123415
-0.00575087
0.000179749
-0.012637
-0.0314562
-0.022266
-0.0119776
-0.00220853
0.00729354
0.0162322
0.024665
0.0328453
0.0400509
0.0434166
0.0394312
0.0270015
0.00780307
-0.0126944
-0.00754153
-0.0204706
-0.0365927
-0.0252019
-0.0116655
0.00116288
0.0122272
0.0206506
0.0268957
0.0322399
0.0369479
0.0385214
0.0334009
0.0203026
0.000691975
-0.0200495
-0.0170847
-0.0271074
-0.0371395
-0.0242317
-0.00912124
0.00426941
0.0140506
0.0194779
0.0218446
0.0235493
0.0257655
0.026367
0.021582
0.00973116
-0.00788385
-0.0264056
-0.026019
-0.030091
-0.0328225
-0.0195179
-0.00493003
0.00626919
0.0120446
0.0125177
0.0100944
0.00806171
0.00820781
0.00876807
0.00585386
-0.00271886
-0.0161345
-0.0302816
-0.0316196
-0.0280348
-0.0245128
-0.0118088
0.000189208
0.00687339
0.00673061
0.00131468
-0.00580753
-0.0109163
-0.0120628
-0.0106518
-0.0104308
-0.0142924
-0.0220581
-0.0305851
-0.0317663
-0.0208289
-0.0137368
-0.00243586
0.00569318
0.00648979
-0.000279047
-0.011302
-0.0221096
-0.0290843
-0.0305098
-0.027478
-0.0236905
-0.0223393
-0.0241695
-0.0269844
-0.0257743
-0.00997765
-0.00218827
0.00731038
0.0111288
0.00584218
-0.00692371
-0.0221808
-0.0350656
-0.0424831
-0.0431632
-0.0382441
-0.0310525
-0.0250878
-0.0219304
-0.0201445
-0.0149738
0.0014482
0.00806865
0.015906
0.0157801
0.00541111
-0.0115889
-0.0290413
-0.042233
-0.0487274
-0.0479363
-0.0411041
-0.0313904
-0.0223285
-0.0160278
-0.0115477
-0.00259441
0.0098057
0.0151708
0.0216089
0.018602
0.00506634
-0.0137995
-0.0312973
-0.0431849
-0.0478007
-0.0451172
-0.036725
-0.0257488
-0.0155391
-0.00829681
-0.00314452
0.00769744
0.0130046
0.0180364
0.0233345
0.0187623
0.00422684
-0.0141948
-0.0298781
-0.0391616
-0.0411518
-0.0363927
-0.0270026
-0.0161196
-0.00668135
-0.00059461
0.0034875
0.0135779
0.012498
0.018148
0.0225906
0.0170794
0.00268938
-0.0138515
-0.0261905
-0.0316032
-0.0300611
-0.0229932
-0.0129818
-0.00328979
0.00335615
0.0062523
0.00775523
0.0153715
0.0218469
0.0212769
0.0213388
0.0148052
0.00335611
-0.00838752
-0.0152195
-0.0162028
-0.0118397
-0.00370136
0.0057845
0.0137255
0.0181875
0.019157
0.0190726
0.0244111
0.0226075
0.0160099
0.0161274
0.0113867
0.00342058
-0.00341545
-0.00587212
-0.00334677
0.00334333
0.0126331
0.0218556
0.0280005
0.0293653
0.0261868
0.0214198
0.0265339
0.0219794
0.00904293
0.0109601
0.00974734
0.006581
0.00450522
0.0058936
0.0108395
0.0187828
0.0284194
0.0370803
0.0411902
0.0389554
0.0308072
0.0205009
0.0263785
0.0184659
0.00041442
0.00530203
0.00888731
0.0108678
0.0136873
0.0182372
0.0246323
0.0329811
0.0424891
0.0501516
0.0518698
0.0456274
0.0320176
0.0161482
0.0227415
0.01121
-0.00895823
-0.000645253
0.00777341
0.0150339
0.0220343
0.0289185
0.0359921
0.0440171
0.0528203
0.0590897
0.0581074
0.0477656
0.0293281
0.00878271
0.0149085
0.000668377
-0.0178621
-0.00640543
0.00620733
0.0175492
0.0273642
0.0352107
0.0418655
0.0488755
0.05649
0.0612077
0.0577925
0.0442288
0.0223167
-0.000947218
0.00336595
-0.0110891
-0.0248131
-0.0110493
0.00426649
0.0177577
0.0283014
0.0353653
0.0402432
0.0452848
0.0513106
0.0546706
0.0496512
0.0344873
0.0116634
-0.011774
-0.0099706
-0.021494
-0.0285214
-0.0136125
0.00250534
0.0158525
0.0248124
0.0291184
0.0307664
0.0329099
0.0367737
0.0388994
0.0339798
0.0197387
-0.0011578
-0.0220141
-0.0223794
-0.0280894
-0.0282856
-0.0134444
0.00162835
0.0126261
0.0178322
0.0176329
0.0148342
0.0132764
0.0147972
0.0165628
0.0132728
0.00237324
-0.0139622
-0.029887
-0.0311534
-0.02939
-0.0240153
-0.0101257
0.00233217
0.00911511
0.00889919
0.00309572
-0.00462013
-0.00993673
-0.0104797
-0.0084004
-0.00869542
-0.0143486
-0.0242661
-0.0338691
-0.0342706
-0.0250249
-0.0163953
-0.00370742
0.0048613
0.00625906
-0.000128026
-0.0115754
-0.0236187
-0.0318092
-0.0336665
-0.0303478
-0.0270392
-0.0267841
-0.0298309
-0.0330573
-0.0308914
-0.0159335
-0.00594132
0.0043519
0.00889259
0.00464107
-0.00751159
-0.0234195
-0.0381064
-0.0473785
-0.0492616
-0.0445794
-0.0376049
-0.0322156
-0.0295571
-0.0275113
-0.0216812
-0.00427722
0.00511789
0.0130792
0.0134737
0.00420454
-0.0121716
-0.0303364
-0.0452648
-0.0536561
-0.0539719
-0.0475231
-0.0381081
-0.0295323
-0.023374
-0.0180258
-0.00951045
0.00678811
0.0148238
0.0203027
0.0170685
0.00427048
-0.0139973
-0.0317617
-0.044577
-0.0501539
-0.0480491
-0.0400758
-0.0297221
-0.0202704
-0.0130937
-0.00670872
0.00308732
0.015245
0.0214711
0.0244057
0.0184703
0.00412121
-0.0134566
-0.0283033
-0.0371818
-0.0390599
-0.0344346
-0.0256796
-0.0158446
-0.00740558
-0.00120571
0.0042528
0.0138407
0.0211622
0.0248912
0.0257085
0.0181987
0.00421155
-0.0104597
-0.020575
-0.024419
-0.0224613
-0.0163283
-0.00788404
0.000377619
0.00658388
0.0104306
0.0138878
0.0213167
)
;

boundaryField
{
    patch0_half0
    {
        type            cyclic;
    }
    patch0_half1
    {
        type            cyclic;
    }
    patch1_half0
    {
        type            cyclic;
    }
    patch1_half1
    {
        type            cyclic;
    }
    patch2_half0
    {
        type            cyclic;
    }
    patch2_half1
    {
        type            cyclic;
    }
}


// ************************************************************************* //
